VehicleName	TimeStamp	POS_X	POS_Y	POS_Z	Q_W	Q_X	Q_Y	Q_Z	ImageFile
Drone1	1641051557646	-0.0798143	5.70823e-08	0.569012	3.57531e-07	0.0176351	-6.22721e-09	0.999844	img_Drone1_0_0_1641051557727559000.png;img_Drone1_0_7_1641051557727680000.png
Drone1	1641051557973	-0.153608	1.09811e-07	2.23843	3.57544e-07	0.00182256	-5.11055e-10	0.999998	img_Drone1_0_0_1641051558052460000.png;img_Drone1_0_7_1641051558053120000.png
Drone1	1641051558432	-0.260528	1.8594e-07	5.47296	3.57414e-07	7.53632e-05	2.00032e-10	1	img_Drone1_0_0_1641051558512154000.png;img_Drone1_0_7_1641051558512796000.png
Drone1	1641051558969	-0.38605	2.74414e-07	9.96842	3.57318e-07	1.81195e-06	3.27371e-10	1	img_Drone1_0_0_1641051559054533000.png;img_Drone1_0_7_1641051559055200000.png
Drone1	1641051559434	-0.494699	3.49687e-07	14.1334	3.57236e-07	9.44264e-08	4.15488e-10	1	img_Drone1_0_0_1641051559526873000.png;img_Drone1_0_7_1641051559527532000.png
Drone1	1641051559926	-0.584484	4.10676e-07	17.657	3.13916e-07	0	0	1	img_Drone1_0_0_1641051560022020000.png;img_Drone1_0_7_1641051560022673000.png
Drone1	1641051560439	-0.584484	4.10676e-07	17.657	3.13916e-07	0	0	1	img_Drone1_0_0_1641051560531354000.png;img_Drone1_0_7_1641051560531984000.png
Drone1	1641051569481	-0.0778701	5.56922e-08	0.533095	3.57525e-07	0.0187718	-6.63538e-09	0.999824	img_Drone1_0_0_1641051569707773000.png;img_Drone1_0_7_1641051569708472000.png
Drone1	1641051569994	-0.1947	1.39122e-07	3.38811	3.57505e-07	0.000533504	-1.68235e-11	1	img_Drone1_0_0_1641051570221822000.png;img_Drone1_0_7_1641051570222463000.png
Drone1	1641051570603	-0.336965	2.39974e-07	8.15324	3.57348e-07	7.77322e-06	2.85723e-10	1	img_Drone1_0_0_1641051570866660000.png;img_Drone1_0_7_1641051570867320000.png
Drone1	1641051571194	-0.475076	3.36204e-07	13.3708	3.57254e-07	1.15213e-07	3.99674e-10	1	img_Drone1_0_0_1641051571486592000.png;img_Drone1_0_7_1641051571487276000.png
Drone1	1641051571701	-0.593483	4.16678e-07	18.0125	3.57122e-07	1.0199e-07	4.95085e-10	1	img_Drone1_0_0_1641051572007891000.png;img_Drone1_0_7_1641051572008725000.png
Drone1	1641051572235	-0.584483	4.10676e-07	17.657	3.13916e-07	0	0	1	img_Drone1_0_0_1641051572548125000.png;img_Drone1_0_7_1641051572548886000.png
Drone1	1641051572580	-0.584483	4.10676e-07	17.657	3.13916e-07	0	0	1	img_Drone1_0_0_1641051572895235000.png;img_Drone1_0_7_1641051572895838000.png
Drone1	1641051588663	-0.531746	3.75951e-07	-0.481714	3.55335e-07	-0.0575454	2.39269e-08	0.998343	img_Drone1_0_0_1641051590295879000.png;img_Drone1_0_7_1641051590296574000.png
Drone1	1641051589176	-0.879502	6.02633e-07	-0.725286	3.53843e-07	-0.0450179	2.26135e-08	0.998986	img_Drone1_0_0_1641051590836372000.png;img_Drone1_0_7_1641051590836979000.png
Drone1	1641051589818	-1.00152	6.21859e-07	-0.990336	3.4926e-07	-0.0210858	-2.05284e-09	0.999778	img_Drone1_0_0_1641051591491266000.png;img_Drone1_0_7_1641051591491996000.png
Drone1	1641051590403	-0.954447	5.9011e-07	-1.21205	3.43119e-07	-0.0105443	-2.01882e-08	0.999944	img_Drone1_0_0_1641051592077634000.png;img_Drone1_0_7_1641051592078322000.png
Drone1	1641051590811	-0.87527	6.25052e-07	-1.36305	3.3909e-07	-0.00648227	-2.59373e-09	0.999979	img_Drone1_0_0_1641051592483330000.png;img_Drone1_0_7_1641051592483975000.png
Drone1	1641051591246	-0.767272	6.62511e-07	-1.52276	3.34182e-07	-0.00386624	1.67817e-08	0.999993	img_Drone1_0_0_1641051592920088000.png;img_Drone1_0_7_1641051592920712000.png
Drone1	1641051591903	-0.578392	6.16321e-07	-1.76291	3.28802e-07	-0.00178696	1.25696e-08	0.999998	img_Drone1_0_0_1641051593593043000.png;img_Drone1_0_7_1641051593593706000.png
Drone1	1641051592263	-0.46752	5.41502e-07	-1.89428	3.27256e-07	-0.0011747	1.05591e-08	0.999999	img_Drone1_0_0_1641051593960269000.png;img_Drone1_0_7_1641051593960888000.png
Drone1	1641051592740	-0.317319	4.06825e-07	-1.92998	3.26056e-07	0.012004	-2.79057e-09	0.999928	img_Drone1_0_0_1641051594443656000.png;img_Drone1_0_7_1641051594444305000.png
Drone1	1641051593214	-0.213765	2.88333e-07	-1.87192	3.24906e-07	0.0206374	-5.53922e-09	0.999787	img_Drone1_0_0_1641051594920579000.png;img_Drone1_0_7_1641051594921228000.png
Drone1	1641051593823	-0.205435	2.09089e-07	-1.97436	3.27531e-07	-1.73344e-05	1.37198e-09	1	img_Drone1_0_0_1641051595560287000.png;img_Drone1_0_7_1641051595560939000.png
Drone1	1641051594282	-0.224381	1.58396e-07	-2.38643	3.32092e-07	-0.00365454	2.75662e-09	0.999993	img_Drone1_0_0_1641051596031078000.png;img_Drone1_0_7_1641051596031717000.png
Drone1	1641051594966	-0.227281	5.3838e-08	-3.037	3.37136e-07	-0.00206166	2.51352e-09	0.999998	img_Drone1_0_0_1641051596725587000.png;img_Drone1_0_7_1641051596726281000.png
Drone1	1641051595491	-0.215684	-4.69265e-08	-3.54647	3.37796e-07	-0.00044236	2.19417e-09	1	img_Drone1_0_0_1641051597256550000.png;img_Drone1_0_7_1641051597257197000.png
Drone1	1641051596061	-0.200296	-1.70787e-07	-4.10502	3.39504e-07	0.000761858	2.03373e-09	1	img_Drone1_0_0_1641051597837359000.png;img_Drone1_0_7_1641051597852327000.png
Drone1	1641051596577	-0.19005	-2.92969e-07	-4.61333	3.41043e-07	0.0011616	2.11971e-09	0.999999	img_Drone1_0_0_1641051598389945000.png;img_Drone1_0_7_1641051598390588000.png
Drone1	1641051596998	-0.186006	-3.99137e-07	-5.02807	3.4135e-07	0.00105505	2.33549e-09	0.999999	img_Drone1_0_0_1641051598822490000.png;img_Drone1_0_7_1641051598823112000.png
Drone1	1641051597496	-0.185783	-5.34033e-07	-5.52051	3.40766e-07	0.00064894	2.68571e-09	1	img_Drone1_0_0_1641051599338532000.png;img_Drone1_0_7_1641051599339214000.png
Drone1	1641051598168	-0.190062	-7.35536e-07	-6.18568	3.37834e-07	4.57165e-05	3.17391e-09	1	img_Drone1_0_0_1641051600021333000.png;img_Drone1_0_7_1641051600021977000.png
Drone1	1641051598687	-0.194	-9.09928e-07	-6.6997	3.33578e-07	-0.000247071	3.48994e-09	1	img_Drone1_0_0_1641051600565714000.png;img_Drone1_0_7_1641051600566340000.png
Drone1	1641051599029	-0.195986	-1.03502e-06	-7.0385	3.30742e-07	-0.000327925	3.65971e-09	1	img_Drone1_0_0_1641051600943818000.png;img_Drone1_0_7_1641051600944508000.png
Drone1	1641051599707	-0.197738	-9.70685e-07	-7.71026	3.22253e-07	-0.000273755	-7.91629e-08	1	img_Drone1_0_0_1641051601646713000.png;img_Drone1_0_7_1641051601647420000.png
Drone1	1641051600082	-0.197596	-6.21407e-07	-8.08184	3.16349e-07	-0.000177334	-6.90587e-08	1	img_Drone1_0_0_1641051602022881000.png;img_Drone1_0_7_1641051602023533000.png
Drone1	1641051600559	-0.196745	6.27161e-08	-8.55448	3.07652e-07	-4.84271e-05	3.38872e-08	1	img_Drone1_0_0_1641051602526553000.png;img_Drone1_0_7_1641051602534928000.png
Drone1	1641051601201	-0.195317	7.74269e-07	-9.19062	2.95963e-07	6.94206e-05	8.27935e-08	1	img_Drone1_0_0_1641051603186837000.png;img_Drone1_0_7_1641051603187975000.png
Drone1	1641051601789	-0.194433	8.89661e-07	-9.77325	2.87342e-07	9.78843e-05	5.56587e-08	1	img_Drone1_0_0_1641051603778262000.png;img_Drone1_0_7_1641051603778963000.png
Drone1	1641051602503	-0.194198	5.81298e-07	-10.4807	2.73459e-07	6.0787e-05	4.59135e-09	1	img_Drone1_0_0_1641051604586182000.png;img_Drone1_0_7_1641051604587006000.png
Drone1	1641051603082	-0.19447	2.36544e-07	-11.0544	2.61704e-07	1.4879e-05	4.85006e-09	1	img_Drone1_0_0_1641051605185213000.png;img_Drone1_0_7_1641051605185855000.png
Drone1	1641051603376	-0.194665	4.94045e-08	-11.3458	2.55357e-07	-4.21507e-06	4.97995e-09	1	img_Drone1_0_0_1641051605576926000.png;img_Drone1_0_7_1641051605577607000.png
Drone1	1641051604033	-0.195046	-3.99638e-07	-11.9968	2.40754e-07	-2.70835e-05	5.2646e-09	1	img_Drone1_0_0_1641051606301642000.png;img_Drone1_0_7_1641051606302424000.png
Drone1	1641051604573	-0.195202	-8.01719e-07	-12.5318	2.28566e-07	-2.64872e-05	-6.61421e-08	1	img_Drone1_0_0_1641051606905454000.png;img_Drone1_0_7_1641051606906115000.png
Drone1	1641051605137	-0.19521	-9.20354e-07	-13.0907	2.1523e-07	-1.53467e-05	-1.11441e-07	1	img_Drone1_0_0_1641051607517479000.png;img_Drone1_0_7_1641051607518227000.png
Drone1	1641051605491	-0.195161	-6.62038e-07	-13.4414	2.07365e-07	-7.03967e-06	-9.73048e-08	1	img_Drone1_0_0_1641051607929551000.png;img_Drone1_0_7_1641051607930210000.png
Drone1	1641051606205	-0.195026	4.22873e-07	-14.1489	1.91326e-07	5.29017e-06	7.51216e-08	1	img_Drone1_0_0_1641051608653042000.png;img_Drone1_0_7_1641051608659763000.png
Drone1	1641051606697	-0.194955	9.3567e-07	-14.6364	1.77519e-07	8.28021e-06	9.67609e-08	1	img_Drone1_0_0_1641051609158597000.png;img_Drone1_0_7_1641051609159249000.png
Drone1	1641051607066	-0.194927	1.02794e-06	-15.0021	1.68336e-07	7.86134e-06	6.95607e-08	1	img_Drone1_0_0_1641051609546384000.png;img_Drone1_0_7_1641051609547028000.png
Drone1	1641051607609	-0.194921	8.46599e-07	-15.5401	1.56011e-07	4.89421e-06	2.64513e-08	1	img_Drone1_0_0_1641051610192403000.png;img_Drone1_0_7_1641051610193029000.png
Drone1	1641051608119	-0.194942	5.29062e-07	-16.0455	1.42165e-07	1.44775e-06	-1.62643e-09	1	img_Drone1_0_0_1641051610737863000.png;img_Drone1_0_7_1641051610738546000.png
Drone1	1641051608650	-0.194972	2.09801e-07	-16.5718	1.26248e-07	-1.24222e-06	-2.25917e-08	1	img_Drone1_0_0_1641051611293218000.png;img_Drone1_0_7_1641051611293856000.png
Drone1	1641051609070	-0.194992	3.95862e-08	-16.9881	1.12695e-07	-2.27507e-06	-3.91745e-08	1	img_Drone1_0_0_1641051611743884000.png;img_Drone1_0_7_1641051611744503000.png
Drone1	1641051609553	-0.195005	1.44409e-08	-17.4668	9.67849e-08	-2.339e-06	-5.82452e-08	1	img_Drone1_0_0_1641051612244450000.png;img_Drone1_0_7_1641051612251610000.png
Drone1	1641051610174	-0.195007	3.33876e-07	-18.0823	7.56414e-08	-1.36514e-06	1.75855e-08	1	img_Drone1_0_0_1641051612902747000.png;img_Drone1_0_7_1641051612903547000.png
Drone1	1641051610663	-0.195001	5.89118e-07	-18.567	5.78387e-08	-3.96122e-07	4.4931e-08	1	img_Drone1_0_0_1641051613441492000.png;img_Drone1_0_7_1641051613442135000.png
Drone1	1641051611200	-0.194993	6.41099e-07	-19.0993	3.80142e-08	3.73239e-07	3.15303e-08	1	img_Drone1_0_0_1641051613991333000.png;img_Drone1_0_7_1641051613992026000.png
Drone1	1641051611560	-0.194987	5.68596e-07	-19.4561	2.44554e-08	6.21721e-07	1.73164e-08	1	img_Drone1_0_0_1641051614367031000.png;img_Drone1_0_7_1641051614367726000.png
Drone1	1641051612043	-0.194983	4.18543e-07	-19.5843	1.01434e-08	5.68217e-07	-6.50316e-09	1	img_Drone1_0_0_1641051614848936000.png;img_Drone1_0_7_1641051614849610000.png
Drone1	1641051612535	-0.19498	2.99819e-07	-19.5248	-3.33737e-09	5.69019e-07	-2.92015e-08	1	img_Drone1_0_0_1641051615340550000.png;img_Drone1_0_7_1641051615341197000.png
Drone1	1641051613015	-0.19498	3.19234e-07	-19.529	-1.66913e-08	3.34985e-07	-5.1346e-08	1	img_Drone1_0_0_1641051615824105000.png;img_Drone1_0_7_1641051615824751000.png
Drone1	1641051613519	-0.194982	5.51932e-07	-19.5483	-3.16397e-08	5.84094e-08	5.95737e-09	1	img_Drone1_0_0_1641051616337949000.png;img_Drone1_0_7_1641051616338603000.png
Drone1	1641051613993	-0.194984	7.6656e-07	-19.5651	-4.64507e-08	-1.98834e-07	4.5848e-08	1	img_Drone1_0_0_1641051616814517000.png;img_Drone1_0_7_1641051616815169000.png
Drone1	1641051614608	-0.194986	7.81683e-07	-19.5807	-6.76553e-08	-2.23349e-07	2.95676e-08	1	img_Drone1_0_0_1641051617436681000.png;img_Drone1_0_7_1641051617437533000.png
Drone1	1641051615202	-0.0750159	5.34622e-08	-0.394746	3.52213e-07	0.161157	-5.53121e-08	0.986929	img_Drone1_0_0_1641051618087819000.png;img_Drone1_0_7_1641051618088452000.png
Drone1	1641051615727	-0.627315	4.32169e-07	-0.532399	3.55185e-07	-0.0606453	2.31409e-08	0.998159	img_Drone1_0_0_1641051618631998000.png;img_Drone1_0_7_1641051618632692000.png
Drone1	1641051616189	-0.900524	6.06094e-07	-0.74913	3.54371e-07	-0.0423148	6.20458e-09	0.999104	img_Drone1_0_0_1641051619112035000.png;img_Drone1_0_7_1641051619112649000.png
Drone1	1641051616663	-0.996785	6.92028e-07	-0.945666	3.53396e-07	-0.0241133	-1.09521e-08	0.999709	img_Drone1_0_0_1641051619602515000.png;img_Drone1_0_7_1641051619603196000.png
Drone1	1641051617167	-0.980975	7.65094e-07	-1.1391	3.51561e-07	-0.0132977	1.04324e-08	0.999912	img_Drone1_0_0_1641051620152157000.png;img_Drone1_0_7_1641051620152799000.png
Drone1	1641051617704	-0.889821	7.72708e-07	-1.33872	3.49312e-07	-0.00701363	9.12299e-09	0.999975	img_Drone1_0_0_1641051620699712000.png;img_Drone1_0_7_1641051620700347000.png
Drone1	1641051618193	-0.770479	7.23484e-07	-1.51835	3.49095e-07	-0.0039212	5.71735e-09	0.999992	img_Drone1_0_0_1641051621225521000.png;img_Drone1_0_7_1641051621226189000.png
Drone1	1641051618574	-0.663899	6.63911e-07	-1.65772	3.47008e-07	-0.00250235	1.7393e-09	0.999997	img_Drone1_0_0_1641051621619998000.png;img_Drone1_0_7_1641051621620641000.png
Drone1	1641051619246	-0.460005	5.33824e-07	-1.90302	3.42708e-07	-0.00114209	8.78383e-09	0.999999	img_Drone1_0_0_1641051622310264000.png;img_Drone1_0_7_1641051622310923000.png
Drone1	1641051619633	-0.337618	4.29199e-07	-1.95297	3.41044e-07	0.00563022	5.35587e-09	0.999984	img_Drone1_0_0_1641051622702711000.png;img_Drone1_0_7_1641051622703368000.png
Drone1	1641051620041	-0.230958	3.14991e-07	-1.88716	3.39351e-07	0.0206655	-9.99858e-09	0.999786	img_Drone1_0_0_1641051623109201000.png;img_Drone1_0_7_1641051623109879000.png
Drone1	1641051620506	-0.18912	2.52592e-07	-1.87627	3.37543e-07	0.0171885	-1.9227e-08	0.999852	img_Drone1_0_0_1641051623576204000.png;img_Drone1_0_7_1641051623576878000.png
Drone1	1641051621061	-0.212659	3.12702e-07	-2.20147	3.35179e-07	-0.00337844	-5.74434e-09	0.999994	img_Drone1_0_0_1641051624139219000.png;img_Drone1_0_7_1641051624139880000.png
Drone1	1641051621604	-0.224871	4.06564e-07	-2.71035	3.29516e-07	-0.0032152	1.93317e-08	0.999995	img_Drone1_0_0_1641051624686311000.png;img_Drone1_0_7_1641051624690143000.png
Drone1	1641051622132	-0.219301	4.06566e-07	-3.21768	3.21524e-07	-0.00151545	5.68881e-09	0.999999	img_Drone1_0_0_1641051625242052000.png;img_Drone1_0_7_1641051625242698000.png
Drone1	1641051622714	-0.203726	3.43168e-07	-3.78488	3.13039e-07	0.000166621	2.20048e-09	1	img_Drone1_0_0_1641051625840135000.png;img_Drone1_0_7_1641051625840783000.png
Drone1	1641051623404	-0.186644	2.37355e-07	-4.46318	3.03177e-07	0.00115086	-3.16279e-09	0.999999	img_Drone1_0_0_1641051626542510000.png;img_Drone1_0_7_1641051626543270000.png
Drone1	1641051623962	-0.179947	1.72415e-07	-5.01398	2.95417e-07	0.00110399	-8.20606e-09	0.999999	img_Drone1_0_0_1641051627101516000.png;img_Drone1_0_7_1641051627102180000.png
Drone1	1641051624364	-0.179305	1.56052e-07	-5.41142	2.89606e-07	0.000782316	-1.17567e-08	1	img_Drone1_0_0_1641051627502203000.png;img_Drone1_0_7_1641051627502927000.png
Drone1	1641051624907	-0.182133	1.96137e-07	-5.94876	2.82815e-07	0.000254415	-1.65308e-08	1	img_Drone1_0_0_1641051628063198000.png;img_Drone1_0_7_1641051628063838000.png
Drone1	1641051625312	-0.185398	2.81672e-07	-6.34977	2.78134e-07	-7.00092e-05	1.93489e-09	1	img_Drone1_0_0_1641051628497726000.png;img_Drone1_0_7_1641051628498375000.png
Drone1	1641051626005	-0.190175	3.94227e-07	-7.03623	2.71136e-07	-0.000339123	9.36732e-09	1	img_Drone1_0_0_1641051629238632000.png;img_Drone1_0_7_1641051629239288000.png
Drone1	1641051626479	-0.191779	4.10103e-07	-7.50585	2.68375e-07	-0.000324806	1.01083e-08	1	img_Drone1_0_0_1641051629719969000.png;img_Drone1_0_7_1641051629736185000.png
Drone1	1641051626929	-0.192001	3.8424e-07	-7.95174	2.66458e-07	-0.000222111	8.98824e-09	1	img_Drone1_0_0_1641051630190092000.png;img_Drone1_0_7_1641051630190730000.png
Drone1	1641051627364	-0.191377	3.25006e-07	-8.38277	2.63002e-07	-9.76093e-05	7.89955e-09	1	img_Drone1_0_0_1641051630647826000.png;img_Drone1_0_7_1641051630648521000.png
Drone1	1641051628000	-0.18991	1.86548e-07	-9.01296	2.55764e-07	4.66548e-05	6.3195e-09	1	img_Drone1_0_0_1641051631316356000.png;img_Drone1_0_7_1641051631317022000.png
Drone1	1641051628396	-0.189107	7.42114e-08	-9.40534	2.48948e-07	9.10944e-05	5.34811e-09	1	img_Drone1_0_0_1641051631720068000.png;img_Drone1_0_7_1641051631720711000.png
Drone1	1641051628999	-0.21038	0.0230133	-9.48083	0.0578354	0.155531	-0.137561	0.976495	img_Drone1_0_0_1641051632346614000.png;img_Drone1_0_7_1641051632347313000.png
Drone1	1641051629491	-0.712443	0.518375	-8.99665	0.399926	0.15407	-0.0577051	0.901661	img_Drone1_0_0_1641051632839743000.png;img_Drone1_0_7_1641051632840559000.png
Drone1	1641051630010	-1.81968	1.60577	-8.26876	0.483332	0.0845425	-0.0263102	0.870948	img_Drone1_0_0_1641051633370897000.png;img_Drone1_0_7_1641051633371680000.png
Drone1	1641051630610	-3.50012	3.27628	-7.54013	0.340329	0.0372272	-0.0185171	0.939387	img_Drone1_0_0_1641051633971726000.png;img_Drone1_0_7_1641051633978438000.png
Drone1	1641051631075	-4.94674	4.72466	-7.02333	0.381916	0.0211797	-0.00909256	0.92391	img_Drone1_0_0_1641051634442815000.png;img_Drone1_0_7_1641051634443542000.png
Drone1	1641051631564	-6.52473	6.30682	-6.42832	0.394621	0.0126272	-0.00519634	0.918742	img_Drone1_0_0_1641051634933438000.png;img_Drone1_0_7_1641051634934121000.png
Drone1	1641051632131	-8.38792	8.17517	-5.70286	0.3784	0.00814691	-0.00349882	0.9256	img_Drone1_0_0_1641051635515866000.png;img_Drone1_0_7_1641051635516561000.png
Drone1	1641051632755	-10.455	10.2489	-4.87945	0.384695	0.00628546	-0.0025652	0.923019	img_Drone1_0_0_1641051636140373000.png;img_Drone1_0_7_1641051636141007000.png
Drone1	1641051633202	-11.94	11.7385	-4.27976	0.384039	0.00571234	-0.00232101	0.923296	img_Drone1_0_0_1641051636614083000.png;img_Drone1_0_7_1641051636614788000.png
Drone1	1641051633823	-14.0052	13.8096	-3.43795	0.38278	0.0053717	-0.00217807	0.923821	img_Drone1_0_0_1641051637242858000.png;img_Drone1_0_7_1641051637243501000.png
Drone1	1641051634432	-16.0311	15.8409	-2.60572	0.383388	0.00525878	-0.00212422	0.92357	img_Drone1_0_0_1641051637851725000.png;img_Drone1_0_7_1641051637852400000.png
Drone1	1641051634942	-17.7276	17.5416	-1.90521	0.383112	0.00522546	-0.0021158	0.923685	img_Drone1_0_0_1641051638372502000.png;img_Drone1_0_7_1641051638373204000.png
Drone1	1641051635458	-19.444	19.2618	-1.19395	0.38307	0.00521622	-0.0021172	0.923702	img_Drone1_0_0_1641051638897426000.png;img_Drone1_0_7_1641051638898045000.png
Drone1	1641051635980	-21.1801	21.0014	-0.472365	0.383094	0.00521704	-0.00212211	0.923692	img_Drone1_0_0_1641051639435844000.png;img_Drone1_0_7_1641051639436494000.png
Drone1	1641051636412	-22.6168	22.4408	0.126105	0.383046	0.00521938	-0.00212871	0.923712	img_Drone1_0_0_1641051639886749000.png;img_Drone1_0_7_1641051639887396000.png
Drone1	1641051637057	-24.7615	24.5892	1.02148	0.383016	0.00522573	-0.00213689	0.923725	img_Drone1_0_0_1641051640535310000.png;img_Drone1_0_7_1641051640535949000.png
Drone1	1641051637510	-26.2677	26.0978	1.65144	0.383003	0.00523007	-0.00214284	0.92373	img_Drone1_0_0_1641051641019296000.png;img_Drone1_0_7_1641051641019962000.png
Drone1	1641051638137	-28.3521	28.1854	2.52466	0.382978	0.00523592	-0.00214932	0.92374	img_Drone1_0_0_1641051641656744000.png;img_Drone1_0_7_1641051641657404000.png
Drone1	1641051638818	-30.6159	30.4522	3.47453	0.382964	0.005241	-0.00215608	0.923746	img_Drone1_0_0_1641051642339355000.png;img_Drone1_0_7_1641051642340018000.png
Drone1	1641051639481	-32.8196	32.6588	4.40052	0.382949	0.00524579	-0.00216101	0.923752	img_Drone1_0_0_1641051643005070000.png;img_Drone1_0_7_1641051643005758000.png
Drone1	1641051640000	-34.5447	34.3859	5.1261	0.382942	0.00524862	-0.00216554	0.923755	img_Drone1_0_0_1641051643539802000.png;img_Drone1_0_7_1641051643543157000.png
Drone1	1641051640471	-36.1103	35.9532	5.78504	0.382938	0.00525126	-0.00216833	0.923756	img_Drone1_0_0_1641051644037211000.png;img_Drone1_0_7_1641051644037869000.png
Drone1	1641051641119	-38.2639	38.1092	6.69227	0.382931	0.0052541	-0.00217119	0.92376	img_Drone1_0_0_1641051644696862000.png;img_Drone1_0_7_1641051644697582000.png
Drone1	1641051641572	-39.769	39.6161	7.32687	0.382925	0.00525707	-0.00217267	0.923762	img_Drone1_0_0_1641051645174409000.png;img_Drone1_0_7_1641051645175076000.png
Drone1	1641051642244	-42.0018	41.8515	8.26875	0.382918	0.00526034	-0.00217393	0.923765	img_Drone1_0_0_1641051645864061000.png;img_Drone1_0_7_1641051645864653000.png
Drone1	1641051642658	-43.3773	43.2286	8.84928	0.382913	0.00526209	-0.00217487	0.923767	img_Drone1_0_0_1641051646278848000.png;img_Drone1_0_7_1641051646279465000.png
Drone1	1641051643249	-45.341	45.1945	9.67829	0.382906	0.00526373	-0.0021754	0.92377	img_Drone1_0_0_1641051646886474000.png;img_Drone1_0_7_1641051646887205000.png
Drone1	1641051643853	-47.3445	47.2003	10.5245	0.3829	0.00526635	-0.00217632	0.923772	img_Drone1_0_0_1641051647497702000.png;img_Drone1_0_7_1641051647498306000.png
Drone1	1641051644402	-49.1686	49.0265	11.2951	0.382893	0.00526718	-0.00217686	0.923775	img_Drone1_0_0_1641051648058111000.png;img_Drone1_0_7_1641051648058730000.png
Drone1	1641051644855	-50.6738	50.5329	11.9312	0.38289	0.00526708	-0.00217955	0.923777	img_Drone1_0_0_1641051648520488000.png;img_Drone1_0_7_1641051648521957000.png
Drone1	1641051645452	-52.6574	52.5181	12.7696	0.382897	0.00526789	-0.00218475	0.923773	img_Drone1_0_0_1641051649143137000.png;img_Drone1_0_7_1641051649143726000.png
Drone1	1641051646070	-54.7107	54.573	13.6377	0.382904	0.00526849	-0.00218741	0.923771	img_Drone1_0_0_1641051649789672000.png;img_Drone1_0_7_1641051649790326000.png
Drone1	1641051646559	-56.3355	56.199	14.3247	0.382908	0.00526908	-0.00218907	0.923769	img_Drone1_0_0_1641051650293585000.png;img_Drone1_0_7_1641051650294212000.png
Drone1	1641051647075	-58.05	57.9148	15.0497	0.382914	0.00526941	-0.00218951	0.923767	img_Drone1_0_0_1641051650813920000.png;img_Drone1_0_7_1641051650814601000.png
Drone1	1641051647666	-60.0136	59.8799	15.8803	0.38292	0.00527008	-0.00218953	0.923764	img_Drone1_0_0_1641051651443234000.png;img_Drone1_0_7_1641051651443979000.png
Drone1	1641051648338	-62.2464	62.1144	16.8249	0.382926	0.00527155	-0.00218971	0.923761	img_Drone1_0_0_1641051652146827000.png;img_Drone1_0_7_1641051652147491000.png
Drone1	1641051649028	-64.5383	64.4089	17.7948	0.382928	0.00527502	-0.00218624	0.923761	img_Drone1_0_0_1641051652856115000.png;img_Drone1_0_7_1641051652856723000.png
Drone1	1641051649499	-66.1026	65.9757	18.4569	0.382912	0.00527848	-0.00217992	0.923767	img_Drone1_0_0_1641051653341909000.png;img_Drone1_0_7_1641051653342577000.png
Drone1	1641051650171	-68.3345	68.211	19.4016	0.382887	0.00528133	-0.00217458	0.923778	img_Drone1_0_0_1641051654032374000.png;img_Drone1_0_7_1641051654032994000.png
Drone1	1641051650732	-70.1978	70.0771	20.1902	0.382869	0.00528207	-0.00217262	0.923785	img_Drone1_0_0_1641051654619315000.png;img_Drone1_0_7_1641051654619926000.png
Drone1	1641051651188	-71.7123	71.5928	20.8315	0.382863	0.00528111	-0.00217825	0.923788	img_Drone1_0_0_1641051655139038000.png;img_Drone1_0_7_1641051655139711000.png
Drone1	1641051651671	-73.3165	73.1983	21.5107	0.38287	0.00527988	-0.00218542	0.923785	img_Drone1_0_0_1641051655776152000.png;img_Drone1_0_7_1641051655776786000.png
Drone1	1641051652241	-75.2097	75.0929	22.3122	0.382878	0.00527898	-0.00218985	0.923781	img_Drone1_0_0_1641051656376776000.png;img_Drone1_0_7_1641051656377400000.png
Drone1	1641051652724	-76.8139	76.6983	22.9914	0.382882	0.00527964	-0.00219189	0.92378	img_Drone1_0_0_1641051656864889000.png;img_Drone1_0_7_1641051656874918000.png
Drone1	1641051653318	-78.7868	78.6727	23.8267	0.382887	0.00527986	-0.00219232	0.923778	img_Drone1_0_0_1641051657477367000.png;img_Drone1_0_7_1641051657477989000.png
Drone1	1641051653879	-80.65	80.5374	24.6156	0.382893	0.00528023	-0.00219256	0.923775	img_Drone1_0_0_1641051658098005000.png;img_Drone1_0_7_1641051658098657000.png
Drone1	1641051654419	-82.4436	82.3323	25.3749	0.382899	0.0052804	-0.0021927	0.923773	img_Drone1_0_0_1641051658639742000.png;img_Drone1_0_7_1641051658640389000.png
Drone1	1641051654905	-84.0577	83.9477	26.0583	0.382904	0.00528075	-0.0021929	0.923771	img_Drone1_0_0_1641051659157098000.png;img_Drone1_0_7_1641051659157710000.png
Drone1	1641051655442	-85.8413	85.7326	26.8134	0.382909	0.00528124	-0.00219336	0.923768	img_Drone1_0_0_1641051659692672000.png;img_Drone1_0_7_1641051659693296000.png
Drone1	1641051655883	-87.306	87.1996	27.4336	0.382907	0.00528357	-0.00218726	0.923769	img_Drone1_0_0_1641051660134498000.png;img_Drone1_0_7_1641051660135167000.png
Drone1	1641051656516	-89.4084	89.3037	28.3238	0.382893	0.00528396	-0.00218844	0.923775	img_Drone1_0_0_1641051660769368000.png;img_Drone1_0_7_1641051660770049000.png
Drone1	1641051657182	-91.6204	91.5174	29.2604	0.382907	0.00528302	-0.00219256	0.923769	img_Drone1_0_0_1641051661439467000.png;img_Drone1_0_7_1641051661440088000.png
Drone1	1641051657734	-93.4538	93.3522	30.0366	0.382911	0.00528335	-0.00219382	0.923767	img_Drone1_0_0_1641051662008521000.png;img_Drone1_0_7_1641051662009150000.png
Drone1	1641051658199	-94.9982	94.8985	30.6905	0.382913	0.00528471	-0.00219069	0.923767	img_Drone1_0_0_1641051662478573000.png;img_Drone1_0_7_1641051662479246000.png
Drone1	1641051658871	-97.2301	97.1326	31.6356	0.382896	0.00528595	-0.00218842	0.923774	img_Drone1_0_0_1641051663174975000.png;img_Drone1_0_7_1641051663180580000.png
Drone1	1641051659627	-99.741	99.6455	32.6988	0.38291	0.00528486	-0.00219331	0.923768	img_Drone1_0_0_1641051664109440000.png;img_Drone1_0_7_1641051664110111000.png
Drone1	1641051660149	-0.25989	1.85884e-07	-0.391786	3.56565e-07	0.00253402	-1.17824e-09	0.999997	img_Drone1_0_0_1641051664682424000.png;img_Drone1_0_7_1641051664683073000.png
Drone1	1641051660641	-0.735743	5.27975e-07	-0.600094	3.53806e-07	-0.0580213	1.97322e-08	0.998315	img_Drone1_0_0_1641051665215165000.png;img_Drone1_0_7_1641051665215880000.png
Drone1	1641051661205	-0.97083	7.05118e-07	-0.851946	3.51881e-07	-0.0318991	9.75152e-09	0.999491	img_Drone1_0_0_1641051665797721000.png;img_Drone1_0_7_1641051665799549000.png
Drone1	1641051661658	-1.00539	7.45107e-07	-1.03151	3.51789e-07	-0.0187142	4.47379e-09	0.999825	img_Drone1_0_0_1641051666256347000.png;img_Drone1_0_7_1641051666256972000.png
Drone1	1641051662126	-0.960579	7.38661e-07	-1.20796	3.50572e-07	-0.0107397	1.02549e-09	0.999942	img_Drone1_0_0_1641051666731382000.png;img_Drone1_0_7_1641051666732045000.png
Drone1	1641051662516	-0.886029	7.16032e-07	-1.35214	3.4769e-07	-0.00674385	-8.74071e-10	0.999977	img_Drone1_0_0_1641051667137854000.png;img_Drone1_0_7_1641051667138523000.png
Drone1	1641051663020	-0.760499	6.80167e-07	-1.53683	3.45422e-07	-0.00370275	7.23784e-09	0.999993	img_Drone1_0_0_1641051667658132000.png;img_Drone1_0_7_1641051667658943000.png
Drone1	1641051663593	-0.595254	6.01979e-07	-1.74586	3.4164e-07	-0.00188694	4.96404e-09	0.999998	img_Drone1_0_0_1641051668279803000.png;img_Drone1_0_7_1641051668280468000.png
Drone1	1641051664304	-0.37368	4.34032e-07	-1.95711	3.35759e-07	-0.00057686	7.46187e-09	1	img_Drone1_0_0_1641051669024856000.png;img_Drone1_0_7_1641051669025721000.png
Drone1	1641051664589	-0.286347	3.49863e-07	-1.91451	3.31738e-07	0.0167061	-9.23616e-09	0.999861	img_Drone1_0_0_1641051669319447000.png;img_Drone1_0_7_1641051669320165000.png
Drone1	1641051665099	-0.19836	2.75296e-07	-1.87345	3.24079e-07	0.0196505	-3.6163e-08	0.999807	img_Drone1_0_0_1641051669831872000.png;img_Drone1_0_7_1641051669832529000.png
Drone1	1641051665993	-0.220037	5.26225e-07	-2.35984	3.09888e-07	-0.00356618	2.55975e-08	0.999994	img_Drone1_0_0_1641051670738928000.png;img_Drone1_0_7_1641051670739645000.png
Drone1	1641051666455	-0.225991	5.69014e-07	-2.79651	3.04684e-07	-0.00280851	2.45448e-08	0.999996	img_Drone1_0_0_1641051671214109000.png;img_Drone1_0_7_1641051671214959000.png
Drone1	1641051666998	-0.218541	4.99626e-07	-3.32004	2.95664e-07	-0.00112677	3.68217e-09	0.999999	img_Drone1_0_0_1641051671769701000.png;img_Drone1_0_7_1641051671771356000.png
Drone1	1641051667331	-0.210064	4.40641e-07	-3.64458	2.89737e-07	-0.000193264	-9.20319e-09	1	img_Drone1_0_0_1641051672161363000.png;img_Drone1_0_7_1641051672162023000.png
Drone1	1641051667865	-0.196145	3.96096e-07	-4.16839	2.80519e-07	0.000821378	-1.71791e-08	1	img_Drone1_0_0_1641051672696586000.png;img_Drone1_0_7_1641051672697229000.png
Drone1	1641051668342	-0.187217	4.26481e-07	-4.63842	2.70612e-07	0.00113936	1.20286e-08	0.999999	img_Drone1_0_0_1641051673211700000.png;img_Drone1_0_7_1641051673212405000.png
Drone1	1641051668957	-0.182901	4.27208e-07	-5.24596	2.5679e-07	0.000884794	9.26811e-09	1	img_Drone1_0_0_1641051673833001000.png;img_Drone1_0_7_1641051673833700000.png
Drone1	1641051669443	-0.184202	3.79263e-07	-5.72674	2.45335e-07	0.000447244	7.13951e-09	1	img_Drone1_0_0_1641051674330474000.png;img_Drone1_0_7_1641051674331196000.png
Drone1	1641051670001	-0.18816	2.84566e-07	-6.27917	2.31643e-07	-1.70924e-05	4.6748e-09	1	img_Drone1_0_0_1641051674904080000.png;img_Drone1_0_7_1641051674904720000.png
Drone1	1641051670538	-0.192005	1.66255e-07	-6.81105	2.17531e-07	-0.000275599	2.25021e-09	1	img_Drone1_0_0_1641051675470397000.png;img_Drone1_0_7_1641051675471048000.png
Drone1	1641051670871	-0.193702	8.54335e-08	-7.14095	2.09047e-07	-0.000328489	7.20717e-10	1	img_Drone1_0_0_1641051675807798000.png;img_Drone1_0_7_1641051675809136000.png
Drone1	1641051671573	-0.195022	-8.65742e-08	-7.83651	1.90744e-07	-0.000240217	-2.54456e-09	1	img_Drone1_0_0_1641051676516176000.png;img_Drone1_0_7_1641051676516804000.png
Drone1	1641051672023	-0.194578	-1.8621e-07	-8.2824	1.79774e-07	-0.000120259	-4.64786e-09	1	img_Drone1_0_0_1641051676967297000.png;img_Drone1_0_7_1641051676967936000.png
Drone1	1641051672575	-0.193421	-2.82545e-07	-8.82936	1.68457e-07	1.15892e-05	-7.2225e-09	1	img_Drone1_0_0_1641051677522884000.png;img_Drone1_0_7_1641051677523535000.png
Drone1	1641051672977	-0.192568	-3.26471e-07	-9.22769	1.5903e-07	7.12379e-05	-9.08991e-09	1	img_Drone1_0_0_1641051677940482000.png;img_Drone1_0_7_1641051677941670000.png
Drone1	1641051673496	-0.191775	-3.42429e-07	-9.61754	1.45692e-07	8.26109e-05	-1.14897e-08	1	img_Drone1_0_0_1641051678496910000.png;img_Drone1_0_7_1641051678497580000.png
Drone1	1641051674057	-0.509527	0.352201	-9.12177	0.258106	0.274973	-0.161464	0.911976	img_Drone1_0_0_1641051679066935000.png;img_Drone1_0_7_1641051679067697000.png
Drone1	1641051674567	-1.83204	1.75864	-8.10545	0.494583	0.251923	-0.0631099	0.829422	img_Drone1_0_0_1641051679588211000.png;img_Drone1_0_7_1641051679589188000.png
Drone1	1641051675023	-3.69176	3.67567	-6.77262	0.381951	0.16213	-0.0613073	0.907782	img_Drone1_0_0_1641051680059397000.png;img_Drone1_0_7_1641051680060953000.png
Drone1	1641051675722	-7.50125	7.52241	-4.98259	0.359413	0.0803929	-0.0304296	0.929211	img_Drone1_0_0_1641051680777525000.png;img_Drone1_0_7_1641051680778216000.png
Drone1	1641051676178	-10.3301	10.3433	-4.09564	0.397089	0.0513709	-0.0174593	0.916175	img_Drone1_0_0_1641051681285309000.png;img_Drone1_0_7_1641051681285978000.png
Drone1	1641051676748	-13.9993	13.9799	-2.83346	0.375271	0.0319747	-0.0129593	0.926273	img_Drone1_0_0_1641051681861033000.png;img_Drone1_0_7_1641051681861782000.png
Drone1	1641051677228	-17.1353	17.0848	-1.68144	0.378306	0.0251815	-0.01076	0.925275	img_Drone1_0_0_1641051682350921000.png;img_Drone1_0_7_1641051682351682000.png
Drone1	1641051677885	-21.4479	21.3589	-0.027179	0.382672	0.021447	-0.00965627	0.923585	img_Drone1_0_0_1641051683017237000.png;img_Drone1_0_7_1641051683017903000.png
Drone1	1641051678416	-24.9351	24.8208	1.35183	0.381069	0.0203813	-0.00940968	0.924274	img_Drone1_0_0_1641051683575436000.png;img_Drone1_0_7_1641051683582816000.png
Drone1	1641051678947	-28.418	28.2854	2.75535	0.382323	0.0200783	-0.0091847	0.923765	img_Drone1_0_0_1641051684115645000.png;img_Drone1_0_7_1641051684116266000.png
Drone1	1641051679448	-31.6994	31.5553	4.09517	0.382603	0.0200511	-0.00904377	0.923651	img_Drone1_0_0_1641051684645037000.png;img_Drone1_0_7_1641051684645880000.png
Drone1	1641051680054	-35.6629	35.5112	5.72988	0.382615	0.0201448	-0.00889532	0.923645	img_Drone1_0_0_1641051685250940000.png;img_Drone1_0_7_1641051685251590000.png
Drone1	1641051680642	-39.5039	39.3498	7.32637	0.382835	0.0202688	-0.00876619	0.923553	img_Drone1_0_0_1641051685884887000.png;img_Drone1_0_7_1641051685885542000.png
Drone1	1641051681149	-42.813	42.6594	8.70872	0.382855	0.0203648	-0.00868198	0.923543	img_Drone1_0_0_1641051686403453000.png;img_Drone1_0_7_1641051686404083000.png
Drone1	1641051681827	-47.2353	47.0847	10.5632	0.382879	0.0204655	-0.00860658	0.923532	img_Drone1_0_0_1641051687082418000.png;img_Drone1_0_7_1641051687083181000.png
Drone1	1641051682535	-51.851	51.7051	12.5049	0.382877	0.0205401	-0.00855983	0.923531	img_Drone1_0_0_1641051687868891000.png;img_Drone1_0_7_1641051687869514000.png
Drone1	1641051683111	-55.6051	55.4636	14.0872	0.382863	0.020582	-0.00854102	0.923536	img_Drone1_0_0_1641051688465189000.png;img_Drone1_0_7_1641051688466780000.png
Drone1	1641051683639	-59.0459	58.9084	15.5392	0.38285	0.0206086	-0.00853381	0.923541	img_Drone1_0_0_1641051689071204000.png;img_Drone1_0_7_1641051689071809000.png
Drone1	1641051684251	-63.0336	62.9007	17.2236	0.382837	0.0206306	-0.00853407	0.923546	img_Drone1_0_0_1641051689697115000.png;img_Drone1_0_7_1641051689700879000.png
Drone1	1641051684830	-66.806	66.6776	18.8181	0.382824	0.0206458	-0.00853596	0.923551	img_Drone1_0_0_1641051690282932000.png;img_Drone1_0_7_1641051690283543000.png
Drone1	1641051685469	-70.9694	70.8459	20.5788	0.382808	0.0206585	-0.00853874	0.923557	img_Drone1_0_0_1641051690924986000.png;img_Drone1_0_7_1641051690925660000.png
Drone1	1641051686060	-74.8201	74.6996	22.2077	0.382806	0.0206616	-0.00855721	0.923558	img_Drone1_0_0_1641051691510468000.png;img_Drone1_0_7_1641051691519393000.png
Drone1	1641051686633	-78.5535	78.4359	23.7874	0.382825	0.0206641	-0.00857395	0.92355	img_Drone1_0_0_1641051692091872000.png;img_Drone1_0_7_1641051692092563000.png
Drone1	1641051687263	-82.6583	82.5439	25.5246	0.382835	0.0206692	-0.00858338	0.923546	img_Drone1_0_0_1641051692770271000.png;img_Drone1_0_7_1641051692770928000.png
Drone1	1641051687791	-86.0984	85.9868	26.9807	0.382845	0.020673	-0.00858744	0.923541	img_Drone1_0_0_1641051693343236000.png;img_Drone1_0_7_1641051693344009000.png
Drone1	1641051688274	-89.2444	89.1362	28.3128	0.38285	0.0206818	-0.00858036	0.923539	img_Drone1_0_0_1641051693831631000.png;img_Drone1_0_7_1641051693832437000.png
Drone1	1641051688910	-93.3866	93.2833	30.0669	0.382828	0.0206934	-0.00856626	0.923548	img_Drone1_0_0_1641051694468461000.png;img_Drone1_0_7_1641051694469219000.png
Drone1	1641051689495	-97.1967	97.0979	31.6804	0.382816	0.0207	-0.00856082	0.923553	img_Drone1_0_0_1641051695064048000.png;img_Drone1_0_7_1641051695064736000.png
Drone1	1641051690248	-102.101	102.008	33.7572	0.382799	0.0207059	-0.00855963	0.92356	img_Drone1_0_0_1641051695838909000.png;img_Drone1_0_7_1641051695839776000.png
Drone1	1641051690861	-106.088	105.998	35.4451	0.38279	0.0207046	-0.00857037	0.923564	img_Drone1_0_0_1641051696450094000.png;img_Drone1_0_7_1641051696453882000.png
Drone1	1641051691413	-109.684	109.598	36.9678	0.382807	0.0207012	-0.00858606	0.923556	img_Drone1_0_0_1641051697016971000.png;img_Drone1_0_7_1641051697023166000.png
Drone1	1641051691872	-112.674	112.591	38.234	0.382807	0.020708	-0.00857997	0.923556	img_Drone1_0_0_1641051697500168000.png;img_Drone1_0_7_1641051697500929000.png
Drone1	1641051692403	-116.132	116.053	39.6986	0.382786	0.0207155	-0.00857153	0.923565	img_Drone1_0_0_1641051698048020000.png;img_Drone1_0_7_1641051698048660000.png
Drone1	1641051693015	-120.119	120.044	41.3869	0.382776	0.0207198	-0.00857152	0.923569	img_Drone1_0_0_1641051698663383000.png;img_Drone1_0_7_1641051698664027000.png
Drone1	1641051693534	-123.5	123.428	42.8188	0.382784	0.0207165	-0.0085879	0.923566	img_Drone1_0_0_1641051699201892000.png;img_Drone1_0_7_1641051699202553000.png
Drone1	1641051694113	-127.272	127.203	44.4162	0.382796	0.0207193	-0.00859108	0.92356	img_Drone1_0_0_1641051699792808000.png;img_Drone1_0_7_1641051699793448000.png
Drone1	1641051694581	-130.321	130.255	45.7073	0.382785	0.0207225	-0.00859027	0.923565	img_Drone1_0_0_1641051700326068000.png;img_Drone1_0_7_1641051700326782000.png
Drone1	1641051695136	-133.937	133.874	47.2385	0.382798	0.0207218	-0.00860016	0.92356	img_Drone1_0_0_1641051700901387000.png;img_Drone1_0_7_1641051700902018000.png
Drone1	1641051695685	-137.514	137.454	48.7532	0.382811	0.0207226	-0.00860579	0.923554	img_Drone1_0_0_1641051701457816000.png;img_Drone1_0_7_1641051701460833000.png
Drone1	1641051696297	-141.501	141.444	50.4417	0.38282	0.0207254	-0.00860953	0.92355	img_Drone1_0_0_1641051702078130000.png;img_Drone1_0_7_1641051702078849000.png
Drone1	1641051696858	-145.157	145.102	51.9895	0.382832	0.0207277	-0.00861261	0.923545	img_Drone1_0_0_1641051702685155000.png;img_Drone1_0_7_1641051702685810000.png
Drone1	1641051697470	-149.144	149.093	53.678	0.382845	0.0207305	-0.00861606	0.92354	img_Drone1_0_0_1641051703337003000.png;img_Drone1_0_7_1641051703337960000.png
Drone1	1641051698088	-153.171	153.123	55.383	0.382856	0.0207331	-0.00861961	0.923535	img_Drone1_0_0_1641051703957228000.png;img_Drone1_0_7_1641051703957948000.png
Drone1	1641051698571	-156.318	156.272	56.7157	0.382866	0.0207355	-0.00862058	0.923531	img_Drone1_0_0_1641051704467798000.png;img_Drone1_0_7_1641051704468552000.png
Drone1	1641051699096	-159.736	159.696	58.1636	0.382859	0.0207504	-0.00859431	0.923534	img_Drone1_0_0_1641051705027685000.png;img_Drone1_0_7_1641051705028261000.png
Drone1	1641051699831	-164.522	164.488	60.1909	0.382799	0.0207637	-0.00857193	0.923558	img_Drone1_0_0_1641051705780337000.png;img_Drone1_0_7_1641051705781031000.png
Drone1	1641051700338	-167.826	167.794	61.5898	0.382815	0.0207574	-0.00859474	0.923552	img_Drone1_0_0_1641051706291006000.png;img_Drone1_0_7_1641051706292613000.png
Drone1	1641051700971	-171.95	171.922	63.3362	0.382834	0.0207546	-0.00861199	0.923544	img_Drone1_0_0_1641051706926286000.png;img_Drone1_0_7_1641051706926995000.png
Drone1	1641051701346	-174.393	174.367	64.3708	0.382838	0.0207546	-0.00861804	0.923542	img_Drone1_0_0_1641051707301834000.png;img_Drone1_0_7_1641051707302386000.png
Drone1	1641051702060	-179.043	179.023	66.341	0.382839	0.0207703	-0.00859872	0.923541	img_Drone1_0_0_1641051708028177000.png;img_Drone1_0_7_1641051708028717000.png
Drone1	1641051702582	-182.443	182.426	67.7813	0.382796	0.0207811	-0.00858634	0.923559	img_Drone1_0_0_1641051708556746000.png;img_Drone1_0_7_1641051708557432000.png
Drone1	1641051703062	-185.571	185.556	69.1058	0.382806	0.0207753	-0.00860476	0.923555	img_Drone1_0_0_1641051709067139000.png;img_Drone1_0_7_1641051709067699000.png
Drone1	1641051703521	-188.561	188.549	70.37	0.382826	0.0208933	-0.00866901	0.923543	img_Drone1_0_0_1641051709552740000.png;img_Drone1_0_7_1641051709553347000.png
Drone1	1641051704109	-192.392	192.384	71.9721	0.382841	0.0212312	-0.00882812	0.923528	img_Drone1_0_0_1641051710179640000.png;img_Drone1_0_7_1641051710180635000.png
Drone1	1641051704616	-195.698	195.693	73.3292	0.382843	0.0215871	-0.00896837	0.923518	img_Drone1_0_0_1641051710733778000.png;img_Drone1_0_7_1641051710734641000.png
Drone1	1641051705162	-198.587	198.582	74.4825	0.383301	0.0170356	-0.00753055	0.923436	img_Drone1_0_0_1641051711306389000.png;img_Drone1_0_7_1641051711307151000.png
Drone1	1641051705663	-198.493	198.525	74.3538	0.383677	-0.208809	0.0847875	0.895546	img_Drone1_0_0_1641051711820195000.png;img_Drone1_0_7_1641051711820792000.png
Drone1	1641051706122	-198.853	198.907	74.28	0.402169	-0.125553	0.0497876	0.905548	img_Drone1_0_0_1641051712320144000.png;img_Drone1_0_7_1641051712320753000.png
Drone1	1641051706539	-198.974	199.031	74.3369	0.41055	0	0	0.911838	img_Drone1_0_0_1641051712738998000.png;img_Drone1_0_7_1641051712739589000.png
Drone1	1641051707088	-198.974	199.031	74.3369	0.41055	0	0	0.911838	img_Drone1_0_0_1641051713291125000.png;img_Drone1_0_7_1641051713291794000.png
Drone1	1641051786182	-0.331996	2.35956e-07	-0.292315	3.55885e-07	-0.0477279	3.00875e-08	0.99886	img_Drone1_0_0_1641051794034676000.png;img_Drone1_0_7_1641051794035398000.png
Drone1	1641051786662	-0.580671	3.60686e-07	-0.344046	3.5505e-07	-0.0667758	4.82398e-08	0.997768	img_Drone1_0_0_1641051794519232000.png;img_Drone1_0_7_1641051794519889000.png
Drone1	1641051787493	-0.561761	9.1073e-08	-0.927852	3.51576e-07	0.00393951	-1.59051e-09	0.999992	img_Drone1_0_0_1641051795365532000.png;img_Drone1_0_7_1641051795366373000.png
Drone1	1641051788039	-0.5466	-1.22245e-07	-1.44872	3.51822e-07	0.00354588	5.51493e-09	0.999994	img_Drone1_0_0_1641051795902990000.png;img_Drone1_0_7_1641051795914056000.png
Drone1	1641051788519	-0.550309	-3.16341e-07	-1.91399	3.50046e-07	0.00192311	-1.19841e-08	0.999998	img_Drone1_0_0_1641051796406214000.png;img_Drone1_0_7_1641051796409542000.png
Drone1	1641051788933	-0.560834	-4.41693e-07	-2.31872	3.48403e-07	0.000538308	-3.10101e-08	1	img_Drone1_0_0_1641051796831456000.png;img_Drone1_0_7_1641051796832336000.png
Drone1	1641051789389	-0.574516	-4.56221e-07	-2.76691	3.46429e-07	-0.000601831	-5.21058e-08	1	img_Drone1_0_0_1641051797298780000.png;img_Drone1_0_7_1641051797299471000.png
Drone1	1641051790034	-0.589392	-9.58166e-08	-3.40336	3.42431e-07	-0.00126835	-7.01244e-08	0.999999	img_Drone1_0_0_1641051797960743000.png;img_Drone1_0_7_1641051797961411000.png
Drone1	1641051790460	-0.593907	4.06934e-07	-3.82453	3.39703e-07	-0.00115241	3.75638e-08	0.999999	img_Drone1_0_0_1641051798410926000.png;img_Drone1_0_7_1641051798411662000.png
Drone1	1641051790982	-0.594058	8.72552e-07	-4.34108	3.34872e-07	-0.000684068	7.40441e-08	1	img_Drone1_0_0_1641051798955301000.png;img_Drone1_0_7_1641051798960552000.png
Drone1	1641051791471	-0.590834	9.72951e-07	-4.82526	3.29343e-07	-0.000189429	5.44282e-08	1	img_Drone1_0_0_1641051799470120000.png;img_Drone1_0_7_1641051799471179000.png
Drone1	1641051791867	-0.587434	8.68804e-07	-5.21749	3.23393e-07	0.000123129	2.05422e-08	1	img_Drone1_0_0_1641051799932805000.png;img_Drone1_0_7_1641051799933485000.png
Drone1	1641051792467	-0.583135	5.95595e-07	-5.81192	3.14416e-07	0.000354666	-1.73422e-09	1	img_Drone1_0_0_1641051800608602000.png;img_Drone1_0_7_1641051800609361000.png
Drone1	1641051792995	-0.581282	3.58445e-07	-6.3351	3.05452e-07	0.000336067	-1.95806e-08	1	img_Drone1_0_0_1641051801155808000.png;img_Drone1_0_7_1641051801156511000.png
Drone1	1641051793451	-0.581141	2.36224e-07	-6.78693	2.98796e-07	0.000221934	-3.49639e-08	1	img_Drone1_0_0_1641051801615593000.png;img_Drone1_0_7_1641051801616259000.png
Drone1	1641051793910	-0.581908	2.57202e-07	-7.24175	2.9188e-07	8.41051e-05	-4.94454e-08	1	img_Drone1_0_0_1641051802078660000.png;img_Drone1_0_7_1641051802079531000.png
Drone1	1641051794477	-0.5833	5.00361e-07	-7.80366	2.83763e-07	-4.83523e-05	2.1733e-08	1	img_Drone1_0_0_1641051802661355000.png;img_Drone1_0_7_1641051802662480000.png
Drone1	1641051795041	-0.584426	6.6753e-07	-8.36254	2.75088e-07	-0.000104503	3.65592e-08	1	img_Drone1_0_0_1641051803237452000.png;img_Drone1_0_7_1641051803238114000.png
Drone1	1641051795530	-0.584906	6.41294e-07	-8.84708	2.64986e-07	-9.78575e-05	1.87449e-08	1	img_Drone1_0_0_1641051803753419000.png;img_Drone1_0_7_1641051803754251000.png
Drone1	1641051795989	-0.584946	5.40385e-07	-9.30188	2.56039e-07	-6.45517e-05	6.48775e-09	1	img_Drone1_0_0_1641051804222897000.png;img_Drone1_0_7_1641051804224300000.png
Drone1	1641051796664	-0.624074	-0.0410121	-9.59314	-0.00225171	0.208543	0.203454	0.956614	img_Drone1_0_0_1641051804907030000.png;img_Drone1_0_7_1641051804907823000.png
Drone1	1641051797222	-1.70781	-1.22594	-9.5971	-0.0311652	0.19203	0.267035	0.943846	img_Drone1_0_0_1641051805489799000.png;img_Drone1_0_7_1641051805490670000.png
Drone1	1641051797825	-4.26719	-4.58351	-9.40122	-0.0538827	0.126254	0.278231	0.950655	img_Drone1_0_0_1641051806110886000.png;img_Drone1_0_7_1641051806122022000.png
Drone1	1641051798290	-6.80923	-8.57046	-8.99449	-0.0688369	0.0782036	0.282348	0.953638	img_Drone1_0_0_1641051806601723000.png;img_Drone1_0_7_1641051806602558000.png
Drone1	1641051798653	-8.95114	-12.4728	-8.48946	-0.0779402	0.0480558	0.283455	0.954604	img_Drone1_0_0_1641051807002655000.png;img_Drone1_0_7_1641051807003448000.png
Drone1	1641051799436	-13.6231	-23.0483	-6.79053	-0.0895787	0.0088735	0.283047	0.954872	img_Drone1_0_0_1641051807870523000.png;img_Drone1_0_7_1641051807871331000.png
Drone1	1641051799898	-16.263	-30.5308	-5.36806	-0.0922711	-0.00026112	0.282645	0.954776	img_Drone1_0_0_1641051808342419000.png;img_Drone1_0_7_1641051808343096000.png
Drone1	1641051800405	-19.0085	-39.6673	-3.41818	-0.0928391	-0.00219526	0.282588	0.954736	img_Drone1_0_0_1641051808863979000.png;img_Drone1_0_7_1641051808864652000.png
Drone1	1641051800792	-21.0018	-47.2205	-1.65038	-0.0922201	0.00231862	0.258191	0.96168	img_Drone1_0_0_1641051809251834000.png;img_Drone1_0_7_1641051809252549000.png
Drone1	1641051801464	-23.1723	-56.3022	0.462065	-0.104117	0.0316415	0.251553	0.961707	img_Drone1_0_0_1641051809953167000.png;img_Drone1_0_7_1641051809954829000.png
Drone1	1641051801785	-23.1226	-56.1177	0.40783	-0.141105	0.0743834	0.286029	0.944851	img_Drone1_0_0_1641051810292171000.png;img_Drone1_0_7_1641051810292878000.png
Drone1	1641051802349	-23.1059	-56.0337	0.391171	-0.166327	0.114335	0.296836	0.933355	img_Drone1_0_0_1641051810870531000.png;img_Drone1_0_7_1641051810870862000.png
Drone1	1641051802775	-23.0815	-55.9295	0.355358	-0.166796	0.126897	0.29752	0.931428	img_Drone1_0_0_1641051811311632000.png;img_Drone1_0_7_1641051811311947000.png
Drone1	1641051803366	-23.0947	-55.9687	0.368983	-0.160672	0.132728	0.297295	0.931764	img_Drone1_0_0_1641051811913006000.png;img_Drone1_0_7_1641051811916381000.png
Drone1	1641051803744	-23.1038	-55.9947	0.374818	-0.155971	0.133044	0.295916	0.932955	img_Drone1_0_0_1641051812322812000.png;img_Drone1_0_7_1641051812323317000.png
Drone1	1641051804401	-23.1389	-56.1026	0.398248	-0.150582	0.129904	0.294607	0.934696	img_Drone1_0_0_1641051813044695000.png;img_Drone1_0_7_1641051813045032000.png
Drone1	1641051804764	-23.1049	-55.9995	0.370039	-0.148494	0.12875	0.29422	0.935312	img_Drone1_0_0_1641051813439758000.png;img_Drone1_0_7_1641051813440079000.png
Drone1	1641051805286	-23.086	-55.9416	0.354965	-0.14672	0.127432	0.293631	0.935957	img_Drone1_0_0_1641051813982243000.png;img_Drone1_0_7_1641051813982574000.png
Drone1	1641051805784	-23.1401	-56.112	0.392141	-0.14584	0.126904	0.293468	0.936217	img_Drone1_0_0_1641051814521943000.png;img_Drone1_0_7_1641051814522240000.png
Drone1	1641051806435	-23.1349	-56.1013	0.388565	-0.1465	0.123348	0.293394	0.936612	img_Drone1_0_0_1641051815255285000.png;img_Drone1_0_7_1641051815255610000.png
Drone1	1641051806867	-23.1172	-56.0435	0.377686	-0.146376	0.124555	0.293571	0.936417	img_Drone1_0_0_1641051815719190000.png;img_Drone1_0_7_1641051815719498000.png
Drone1	1641051807380	-23.1305	-56.0852	0.387339	-0.146164	0.126496	0.29361	0.936177	img_Drone1_0_0_1641051816243779000.png;img_Drone1_0_7_1641051816244090000.png
Drone1	1641051807788	-23.1111	-56.0232	0.373141	-0.14649	0.125735	0.2935	0.936264	img_Drone1_0_0_1641051816664706000.png;img_Drone1_0_7_1641051816665025000.png
Drone1	1641051808307	-23.1632	-56.1879	0.411156	-0.145906	0.127711	0.293669	0.936034	img_Drone1_0_0_1641051817209784000.png;img_Drone1_0_7_1641051817210112000.png
Drone1	1641051808781	-23.128	-56.0989	0.365367	-0.146353	0.126777	0.293596	0.936114	img_Drone1_0_0_1641051817716126000.png;img_Drone1_0_7_1641051817716558000.png
Drone1	1641051809408	-23.1274	-56.096	0.365159	-0.146374	0.127234	0.29368	0.936022	img_Drone1_0_0_1641051818358007000.png;img_Drone1_0_7_1641051818358545000.png
Drone1	1641051809858	-23.1023	-56.0159	0.346753	-0.14588	0.128551	0.293607	0.935943	img_Drone1_0_0_1641051818815841000.png;img_Drone1_0_7_1641051818816134000.png
Drone1	1641051810380	-23.1182	-56.0662	0.357306	-0.145895	0.127166	0.293431	0.936185	img_Drone1_0_0_1641051819407790000.png;img_Drone1_0_7_1641051819414882000.png
Drone1	1641051810995	-23.1064	-56.0282	0.349261	-0.14494	0.129134	0.29354	0.936029	img_Drone1_0_0_1641051820096693000.png;img_Drone1_0_7_1641051820097009000.png
Drone1	1641051811289	-23.118	-56.0655	0.356174	-0.14544	0.127036	0.293146	0.936362	img_Drone1_0_0_1641051820391851000.png;img_Drone1_0_7_1641051820392159000.png
Drone1	1641051811958	-23.1194	-56.0679	0.358867	-0.144586	0.129537	0.293754	0.935961	img_Drone1_0_0_1641051821060753000.png;img_Drone1_0_7_1641051821061044000.png
Drone1	1641051812297	-23.0961	-55.9958	0.342138	-0.144473	0.129464	0.293424	0.936093	img_Drone1_0_0_1641051821419720000.png;img_Drone1_0_7_1641051821420024000.png
Drone1	1641051812822	-23.1167	-56.0572	0.35529	-0.143221	0.131734	0.293268	0.936017	img_Drone1_0_0_1641051822029748000.png;img_Drone1_0_7_1641051822030043000.png
Drone1	1641051813377	-23.1178	-56.061	0.354713	-0.142846	0.130957	0.293226	0.936196	img_Drone1_0_0_1641051822605379000.png;img_Drone1_0_7_1641051822605668000.png
Drone1	1641051813848	-23.0975	-56.0004	0.341374	-0.143472	0.127877	0.29282	0.936654	img_Drone1_0_0_1641051823115784000.png;img_Drone1_0_7_1641051823116098000.png
Drone1	1641051814487	-23.107	-56.0303	0.348182	-0.143561	0.127843	0.293149	0.936541	img_Drone1_0_0_1641051823933335000.png;img_Drone1_0_7_1641051823933715000.png
Drone1	1641051814904	-23.1065	-56.0285	0.348095	-0.143579	0.128479	0.293199	0.936436	img_Drone1_0_0_1641051824358212000.png;img_Drone1_0_7_1641051824358561000.png
Drone1	1641051815333	-23.101	-56.0111	0.344925	-0.143538	0.129114	0.293331	0.936314	img_Drone1_0_0_1641051824832961000.png;img_Drone1_0_7_1641051824833274000.png
Drone1	1641051816020	-23.1146	-56.0523	0.352596	-0.143254	0.1297	0.29308	0.936355	img_Drone1_0_0_1641051825605500000.png;img_Drone1_0_7_1641051825605853000.png
Drone1	1641051816464	-23.1458	-56.1506	0.370877	-0.143708	0.127892	0.292903	0.936589	img_Drone1_0_0_1641051826053205000.png;img_Drone1_0_7_1641051826053889000.png
Drone1	1641051816935	-23.1214	-56.075	0.35737	-0.143824	0.127922	0.293235	0.936464	img_Drone1_0_0_1641051826527021000.png;img_Drone1_0_7_1641051826527351000.png
Drone1	1641051817472	-23.1219	-56.0772	0.358365	-0.144256	0.127368	0.293254	0.936467	img_Drone1_0_0_1641051827066595000.png;img_Drone1_0_7_1641051827066951000.png
Drone1	1641051817856	-23.1081	-56.035	0.349221	-0.144733	0.126492	0.293037	0.93658	img_Drone1_0_0_1641051827453141000.png;img_Drone1_0_7_1641051827453468000.png
Drone1	1641051818516	-23.1604	-56.2023	0.384668	-0.145428	0.125864	0.293246	0.936491	img_Drone1_0_0_1641051828131736000.png;img_Drone1_0_7_1641051828132027000.png
Drone1	1641051818966	-23.098	-56.0032	0.343777	-0.145539	0.126837	0.293605	0.93623	img_Drone1_0_0_1641051828582001000.png;img_Drone1_0_7_1641051828582311000.png
Drone1	1641051819413	-23.1166	-56.0611	0.357496	-0.145508	0.127614	0.293687	0.936104	img_Drone1_0_0_1641051829089281000.png;img_Drone1_0_7_1641051829089599000.png
Drone1	1641051820076	-23.0967	-55.9979	0.342616	-0.144977	0.129488	0.293628	0.935947	img_Drone1_0_0_1641051829765037000.png;img_Drone1_0_7_1641051829765403000.png
Drone1	1641051820427	-23.0832	-55.9563	0.332907	-0.144838	0.129301	0.293342	0.936084	img_Drone1_0_0_1641051830122790000.png;img_Drone1_0_7_1641051830123097000.png
Drone1	1641051820877	-23.0874	-55.969	0.335721	-0.144154	0.130358	0.293424	0.936018	img_Drone1_0_0_1641051830609892000.png;img_Drone1_0_7_1641051830610211000.png
Drone1	1641051821432	-23.1051	-56.0229	0.34713	-0.143634	0.130353	0.29333	0.936127	img_Drone1_0_0_1641051831187753000.png;img_Drone1_0_7_1641051831188092000.png
Drone1	1641051821825	-23.0958	-55.9943	0.340583	-0.143007	0.13104	0.293063	0.936212	img_Drone1_0_0_1641051831643659000.png;img_Drone1_0_7_1641051831644347000.png
Drone1	1641051822590	-23.1315	-56.103	0.363393	-0.142657	0.130612	0.293223	0.936274	img_Drone1_0_0_1641051832442678000.png;img_Drone1_0_7_1641051832443012000.png
Drone1	1641051823028	-23.0913	-55.9806	0.338125	-0.142654	0.130396	0.293314	0.936276	img_Drone1_0_0_1641051832946102000.png;img_Drone1_0_7_1641051832946419000.png
Drone1	1641051823412	-23.1139	-56.0496	0.351626	-0.142477	0.130556	0.292995	0.936381	img_Drone1_0_0_1641051833343208000.png;img_Drone1_0_7_1641051833343543000.png
Drone1	1641051823850	-23.1154	-56.0551	0.352156	-0.14285	0.128971	0.29286	0.936586	img_Drone1_0_0_1641051833823998000.png;img_Drone1_0_7_1641051833824333000.png
Drone1	1641051824687	-0.00506853	3.62531e-09	-0.40748	3.43817e-07	0.275263	-9.84528e-08	0.961369	img_Drone1_0_0_1641051834852859000.png;img_Drone1_0_7_1641051834853159000.png
Drone1	1641051825035	-0.252233	1.80244e-07	-0.288758	3.56495e-07	-0.0244747	1.5084e-08	0.9997	img_Drone1_0_0_1641051835201462000.png;img_Drone1_0_7_1641051835202339000.png
Drone1	1641051825533	-0.561899	3.61527e-07	-0.338475	3.54999e-07	-0.068926	4.75893e-08	0.997622	img_Drone1_0_0_1641051835701289000.png;img_Drone1_0_7_1641051835701965000.png
Drone1	1641051826064	-0.585142	2.36716e-07	-0.582879	3.53252e-07	-0.00149668	2.66123e-10	0.999999	img_Drone1_0_0_1641051836278512000.png;img_Drone1_0_7_1641051836279376000.png
Drone1	1641051826661	-0.553864	5.17678e-08	-1.14104	3.49844e-07	0.00403947	-1.79185e-08	0.999992	img_Drone1_0_0_1641051836893035000.png;img_Drone1_0_7_1641051836893719000.png
Drone1	1641051827288	-0.548275	2.746e-09	-1.74472	3.44703e-07	0.00250412	-3.44403e-08	0.999997	img_Drone1_0_0_1641051837521269000.png;img_Drone1_0_7_1641051837522108000.png
Drone1	1641051827882	-0.560924	2.04143e-07	-2.32459	3.39447e-07	0.000548966	-3.33353e-08	1	img_Drone1_0_0_1641051838115467000.png;img_Drone1_0_7_1641051838116215000.png
Drone1	1641051828332	-0.573918	4.88238e-07	-2.76689	3.33453e-07	-0.000549192	3.45581e-08	1	img_Drone1_0_0_1641051838590622000.png;img_Drone1_0_7_1641051838591338000.png
Drone1	1641051828962	-0.588182	6.91163e-07	-3.3885	3.23175e-07	-0.00121436	3.22824e-08	0.999999	img_Drone1_0_0_1641051839275302000.png;img_Drone1_0_7_1641051839276022000.png
Drone1	1641051829463	-0.593212	6.64279e-07	-3.88385	3.15073e-07	-0.00108003	1.38415e-08	0.999999	img_Drone1_0_0_1641051839778085000.png;img_Drone1_0_7_1641051839778826000.png
Drone1	1641051830039	-0.592689	5.50002e-07	-4.4539	3.07513e-07	-0.000558856	7.20602e-09	1	img_Drone1_0_0_1641051840358866000.png;img_Drone1_0_7_1641051840359573000.png
Drone1	1641051830657	-0.588159	4.18766e-07	-5.06591	3.01182e-07	4.46929e-06	-2.51237e-08	1	img_Drone1_0_0_1641051840986171000.png;img_Drone1_0_7_1641051840987376000.png
Drone1	1641051831354	-0.583018	4.66439e-07	-5.75541	3.01368e-07	0.000329947	-8.00062e-09	1	img_Drone1_0_0_1641051841757119000.png;img_Drone1_0_7_1641051841757811000.png
Drone1	1641051831924	-0.580895	5.72583e-07	-6.32021	3.01663e-07	0.000328534	1.85985e-08	1	img_Drone1_0_0_1641051842357758000.png;img_Drone1_0_7_1641051842358425000.png
Drone1	1641051832308	-0.580646	5.83733e-07	-6.7007	3.02138e-07	0.0002421	1.32742e-08	1	img_Drone1_0_0_1641051842742043000.png;img_Drone1_0_7_1641051842742798000.png
Drone1	1641051833100	-0.581984	5.02856e-07	-7.48552	3.01613e-07	2.12288e-05	2.30562e-09	1	img_Drone1_0_0_1641051843543584000.png;img_Drone1_0_7_1641051843544289000.png
Drone1	1641051833928	-0.583766	3.8977e-07	-8.30604	2.98955e-07	-9.78705e-05	-9.19598e-09	1	img_Drone1_0_0_1641051844416385000.png;img_Drone1_0_7_1641051844417117000.png
Drone1	1641051834510	-0.584345	3.74592e-07	-8.88273	2.99235e-07	-9.31403e-05	-1.73073e-08	1	img_Drone1_0_0_1641051845032505000.png;img_Drone1_0_7_1641051845033222000.png
Drone1	1641051835092	-0.584325	4.43346e-07	-9.45941	3.00724e-07	-5.75522e-05	1.26247e-08	1	img_Drone1_0_0_1641051845623244000.png;img_Drone1_0_7_1641051845624003000.png
Drone1	1641051835536	-0.591888	-0.00839083	-9.60431	-0.000936372	0.14525	0.14734	0.978362	img_Drone1_0_0_1641051846083114000.png;img_Drone1_0_7_1641051846083779000.png
Drone1	1641051836238	-2.08017	-1.41235	-9.53543	-0.00267599	0.290524	0.247512	0.924298	img_Drone1_0_0_1641051846785141000.png;img_Drone1_0_7_1641051846786079000.png
Drone1	1641051836667	-4.43729	-3.53401	-9.1284	-0.0035379	0.291676	0.247091	0.924045	img_Drone1_0_0_1641051847229331000.png;img_Drone1_0_7_1641051847230150000.png
Drone1	1641051837156	-8.28502	-6.94367	-8.06022	-0.00401538	0.291518	0.2473	0.924037	img_Drone1_0_0_1641051847726347000.png;img_Drone1_0_7_1641051847727226000.png
Drone1	1641051837771	-14.5928	-12.5021	-5.55712	-0.016872	0.251494	0.25403	0.933774	img_Drone1_0_0_1641051848341869000.png;img_Drone1_0_7_1641051848343023000.png
Drone1	1641051838182	-19.5538	-16.998	-3.23518	-0.0330344	0.204357	0.266202	0.941426	img_Drone1_0_0_1641051848754671000.png;img_Drone1_0_7_1641051848755485000.png
Drone1	1641051838689	-26.2737	-23.5002	0.0953804	-0.0398151	0.162478	0.23696	0.957009	img_Drone1_0_0_1641051849269054000.png;img_Drone1_0_7_1641051849269862000.png
Drone1	1641051839118	-32.3744	-29.7981	3.0257	-0.0402898	0.138693	0.201215	0.968841	img_Drone1_0_0_1641051849704313000.png;img_Drone1_0_7_1641051849706245000.png
Drone1	1641051839586	-39.3822	-37.3634	6.06279	-0.03989	0.121248	0.169736	0.977188	img_Drone1_0_0_1641051850178918000.png;img_Drone1_0_7_1641051850179710000.png
Drone1	1641051840105	-41.4471	-39.6092	6.82368	0.0495199	0.116289	0.195738	0.972477	img_Drone1_0_0_1641051850706779000.png;img_Drone1_0_7_1641051850707529000.png
Drone1	1641051840882	-41.4702	-39.5099	6.73309	0.325962	0.0647135	0.266594	0.904704	img_Drone1_0_0_1641051851496473000.png;img_Drone1_0_7_1641051851497155000.png
Drone1	1641051841320	-41.0049	-39.1624	6.74034	0.440306	0.0351067	0.287983	0.849685	img_Drone1_0_0_1641051851969347000.png;img_Drone1_0_7_1641051851970040000.png
Drone1	1641051841863	-40.8353	-38.9218	6.56108	0.426725	0.0454055	0.291057	0.855061	img_Drone1_0_0_1641051852516836000.png;img_Drone1_0_7_1641051852517558000.png
Drone1	1641051842400	-40.8234	-38.853	6.49806	0.378868	0.0715382	0.276656	0.880229	img_Drone1_0_0_1641051853055104000.png;img_Drone1_0_7_1641051853055822000.png
Drone1	1641051842907	-40.8428	-38.9058	6.52692	0.35362	0.0860393	0.269153	0.891688	img_Drone1_0_0_1641051853564586000.png;img_Drone1_0_7_1641051853565280000.png
Drone1	1641051843528	-41.0328	-39.1792	6.51474	0.343348	0.0874242	0.267676	0.896001	img_Drone1_0_0_1641051854216464000.png;img_Drone1_0_7_1641051854217157000.png
Drone1	1641051844200	-41.3588	-39.6365	6.51553	0.347496	0.0789274	0.270974	0.894198	img_Drone1_0_0_1641051854899326000.png;img_Drone1_0_7_1641051854900055000.png
Drone1	1641051844674	-41.5291	-39.8448	6.47299	0.353955	0.0714284	0.274004	0.891367	img_Drone1_0_0_1641051855379825000.png;img_Drone1_0_7_1641051855380483000.png
Drone1	1641051845199	-41.7197	-40.1062	6.41477	0.358373	0.0698849	0.274593	0.889541	img_Drone1_0_0_1641051855939015000.png;img_Drone1_0_7_1641051855939662000.png
Drone1	1641051845688	-41.7033	-40.0823	6.42071	0.362302	0.0668237	0.275784	0.887815	img_Drone1_0_0_1641051856452026000.png;img_Drone1_0_7_1641051856452774000.png
Drone1	1641051846246	-41.67	-40.0347	6.41618	0.365624	0.0649491	0.276527	0.88636	img_Drone1_0_0_1641051857026226000.png;img_Drone1_0_7_1641051857026943000.png
Drone1	1641051846777	-41.767	-40.1743	6.41937	0.366901	0.0646783	0.276902	0.885735	img_Drone1_0_0_1641051857572050000.png;img_Drone1_0_7_1641051857572754000.png
Drone1	1641051847401	-41.6922	-40.0623	6.40104	0.367268	0.0655789	0.27626	0.885717	img_Drone1_0_0_1641051858203778000.png;img_Drone1_0_7_1641051858210318000.png
Drone1	1641051847965	-41.7346	-40.1295	6.42815	0.367075	0.0648819	0.276848	0.885664	img_Drone1_0_0_1641051858781084000.png;img_Drone1_0_7_1641051858781829000.png
Drone1	1641051848364	-41.6589	-40.0133	6.39189	0.366906	0.0643804	0.276897	0.885756	img_Drone1_0_0_1641051859253906000.png;img_Drone1_0_7_1641051859254625000.png
Drone1	1641051849153	-41.716	-40.1028	6.42278	0.366075	0.0652824	0.276686	0.886099	img_Drone1_0_0_1641051860113195000.png;img_Drone1_0_7_1641051860113961000.png
Drone1	1641051849540	-41.6497	-39.9984	6.38483	0.366094	0.0659568	0.276397	0.886132	img_Drone1_0_0_1641051860502181000.png;img_Drone1_0_7_1641051860502961000.png
Drone1	1641051850158	-41.7562	-40.1649	6.44298	0.366026	0.0653864	0.276667	0.886118	img_Drone1_0_0_1641051861148946000.png;img_Drone1_0_7_1641051861149689000.png
Drone1	1641051850860	-42.9504	-41.929	6.72982	0.368351	0.073301	0.273899	0.885395	img_Drone1_0_0_1641051861856017000.png;img_Drone1_0_7_1641051861856668000.png
Drone1	1641051851382	-41.7164	-40.0993	6.42094	0.368445	0.0675406	0.275366	0.885359	img_Drone1_0_0_1641051862401744000.png;img_Drone1_0_7_1641051862402461000.png
Drone1	1641051852003	-41.668	-40.0266	6.39708	0.369184	0.0668686	0.276002	0.884904	img_Drone1_0_0_1641051863130087000.png;img_Drone1_0_7_1641051863130747000.png
Drone1	1641051852471	-41.675	-40.0393	6.40697	0.368606	0.0659104	0.276416	0.885087	img_Drone1_0_0_1641051863612447000.png;img_Drone1_0_7_1641051863613208000.png
Drone1	1641051852948	-41.7047	-40.0859	6.42505	0.367642	0.0662872	0.276347	0.885482	img_Drone1_0_0_1641051864102266000.png;img_Drone1_0_7_1641051864102950000.png
Drone1	1641051853599	-41.6929	-40.0673	6.41716	0.366906	0.0666825	0.276093	0.885836	img_Drone1_0_0_1641051864759882000.png;img_Drone1_0_7_1641051864760607000.png
Drone1	1641051854193	-41.7053	-40.0868	6.42435	0.366651	0.0662906	0.276294	0.885908	img_Drone1_0_0_1641051865353583000.png;img_Drone1_0_7_1641051865355935000.png
Drone1	1641051854583	-41.7968	-40.2281	6.47136	0.366825	0.0667296	0.276177	0.88584	img_Drone1_0_0_1641051865745250000.png;img_Drone1_0_7_1641051865745938000.png
Drone1	1641051855159	-41.678	-40.0444	6.40793	0.366618	0.0657154	0.276402	0.885932	img_Drone1_0_0_1641051866383470000.png;img_Drone1_0_7_1641051866384193000.png
Drone1	1641051855741	-41.6791	-40.0455	6.40553	0.366353	0.0659469	0.276317	0.88605	img_Drone1_0_0_1641051866970221000.png;img_Drone1_0_7_1641051866970949000.png
Drone1	1641051856296	-41.7052	-40.0861	6.41936	0.366085	0.065869	0.276428	0.886132	img_Drone1_0_0_1641051867527571000.png;img_Drone1_0_7_1641051867528606000.png
Drone1	1641051856659	-41.6668	-40.0249	6.39397	0.366249	0.0664553	0.276081	0.886129	img_Drone1_0_0_1641051867925328000.png;img_Drone1_0_7_1641051867926030000.png
Drone1	1641051857391	-41.6856	-40.0557	6.40943	0.366259	0.0655589	0.27643	0.886083	img_Drone1_0_0_1641051868693128000.png;img_Drone1_0_7_1641051868693793000.png
Drone1	1641051857856	-41.6806	-40.0469	6.40276	0.366426	0.0658892	0.276313	0.886026	img_Drone1_0_0_1641051869175111000.png;img_Drone1_0_7_1641051869175869000.png
Drone1	1641051858282	-41.7418	-40.1431	6.43725	0.366172	0.0654305	0.276666	0.886055	img_Drone1_0_0_1641051869622462000.png;img_Drone1_0_7_1641051869623156000.png
Drone1	1641051858882	-41.6889	-40.0598	6.40744	0.366249	0.0657454	0.276354	0.886097	img_Drone1_0_0_1641051870245113000.png;img_Drone1_0_7_1641051870245857000.png
Drone1	1641051859491	-41.6762	-40.04	6.40031	0.366366	0.0657302	0.276335	0.886056	img_Drone1_0_0_1641051870854492000.png;img_Drone1_0_7_1641051870855356000.png
Drone1	1641051859929	-41.675	-40.0368	6.39474	0.36671	0.0670485	0.275846	0.885967	img_Drone1_0_0_1641051871299701000.png;img_Drone1_0_7_1641051871300367000.png
Drone1	1641051860418	-41.6763	-40.0402	6.40065	0.366464	0.0656121	0.276369	0.886013	img_Drone1_0_0_1641051871798497000.png;img_Drone1_0_7_1641051871799649000.png
Drone1	1641051861000	-41.6668	-40.0256	6.39581	0.366367	0.0653865	0.276491	0.886032	img_Drone1_0_0_1641051872395159000.png;img_Drone1_0_7_1641051872395830000.png
Drone1	1641051861387	-41.6926	-40.0666	6.41153	0.366264	0.0653651	0.276572	0.886051	img_Drone1_0_0_1641051872812309000.png;img_Drone1_0_7_1641051872812967000.png
Drone1	1641051862041	-41.7592	-40.1636	6.41984	0.366076	0.0656327	0.276573	0.886108	img_Drone1_0_0_1641051873511306000.png;img_Drone1_0_7_1641051873511967000.png
Drone1	1641051862488	-41.7472	-40.1437	6.41089	0.366183	0.0660479	0.276382	0.886093	img_Drone1_0_0_1641051873963804000.png;img_Drone1_0_7_1641051873964548000.png
Drone1	1641051863034	-41.7314	-40.1208	6.4089	0.36636	0.0656411	0.276477	0.88602	img_Drone1_0_0_1641051874539366000.png;img_Drone1_0_7_1641051874541485000.png
Drone1	1641051863520	-41.7046	-40.0792	6.39416	0.366318	0.0654144	0.276462	0.886059	img_Drone1_0_0_1641051875058339000.png;img_Drone1_0_7_1641051875067339000.png
Drone1	1641051864102	-41.6861	-40.05	6.38211	0.366187	0.0655186	0.276483	0.886099	img_Drone1_0_0_1641051875651603000.png;img_Drone1_0_7_1641051875656856000.png
Drone1	1641051864594	-41.7771	-40.1916	6.42995	0.366213	0.0655511	0.27658	0.886056	img_Drone1_0_0_1641051876153281000.png;img_Drone1_0_7_1641051876154299000.png
Drone1	1641051865185	-41.6958	-40.0648	6.38686	0.366357	0.0658528	0.276276	0.886069	img_Drone1_0_0_1641051876743763000.png;img_Drone1_0_7_1641051876744458000.png
Drone1	1641051865749	-41.7662	-40.1746	6.42579	0.366371	0.0656285	0.276561	0.885991	img_Drone1_0_0_1641051877309353000.png;img_Drone1_0_7_1641051877309998000.png
Drone1	1641051866328	-41.7786	-40.1917	6.42439	0.366583	0.0658648	0.276535	0.885893	img_Drone1_0_0_1641051877887078000.png;img_Drone1_0_7_1641051877887935000.png
Drone1	1641051866667	-41.8827	-40.347	6.46158	0.36694	0.0672035	0.276018	0.885806	img_Drone1_0_0_1641051878228607000.png;img_Drone1_0_7_1641051878229302000.png
Drone1	1641051867231	-41.7694	-40.175	6.41866	0.367046	0.0667113	0.276106	0.885772	img_Drone1_0_0_1641051878812509000.png;img_Drone1_0_7_1641051878813336000.png
Drone1	1641051867702	-41.6731	-40.0292	6.3743	0.367684	0.0675582	0.275886	0.885512	img_Drone1_0_0_1641051879283614000.png;img_Drone1_0_7_1641051879284288000.png
Drone1	1641051868245	-41.7088	-40.0835	6.39239	0.368276	0.0677215	0.275538	0.885362	img_Drone1_0_0_1641051879829928000.png;img_Drone1_0_7_1641051879830662000.png
Drone1	1641051868698	-41.8421	-40.2862	6.46217	0.368145	0.0668002	0.276168	0.88529	img_Drone1_0_0_1641051880283536000.png;img_Drone1_0_7_1641051880284256000.png
Drone1	1641051869238	-41.7717	-40.1832	6.43481	0.368215	0.0660216	0.276543	0.885202	img_Drone1_0_0_1641051880850766000.png;img_Drone1_0_7_1641051880851447000.png
Drone1	1641051869724	-41.891	-40.3688	6.51167	0.36802	0.067077	0.276116	0.885337	img_Drone1_0_0_1641051881356364000.png;img_Drone1_0_7_1641051881357049000.png
Drone1	1641051870165	-41.7913	-40.2138	6.45109	0.367512	0.0663693	0.276292	0.885547	img_Drone1_0_0_1641051881818631000.png;img_Drone1_0_7_1641051881819330000.png
Drone1	1641051870801	-41.8617	-40.3283	6.5031	0.367715	0.0668828	0.276185	0.885457	img_Drone1_0_0_1641051882478550000.png;img_Drone1_0_7_1641051882479533000.png
Drone1	1641051871242	-41.8223	-40.2614	6.45877	0.367372	0.0668714	0.276205	0.885594	img_Drone1_0_0_1641051882936053000.png;img_Drone1_0_7_1641051882936798000.png
Drone1	1641051871776	-41.7866	-40.2077	6.44915	0.366928	0.0664175	0.276332	0.885773	img_Drone1_0_0_1641051883488030000.png;img_Drone1_0_7_1641051883488766000.png
Drone1	1641051873033	-41.8312	-40.2633	6.45673	0.369622	0.0689522	0.275151	0.884826	img_Drone1_0_0_1641051884754079000.png;img_Drone1_0_7_1641051884754881000.png
Drone1	1641051873507	-41.8661	-40.3257	6.50198	0.371198	0.0669038	0.276226	0.883988	img_Drone1_0_0_1641051885248731000.png;img_Drone1_0_7_1641051885249398000.png
Drone1	1641051873894	-41.8498	-40.2999	6.48301	0.371259	0.0670467	0.276274	0.883937	img_Drone1_0_0_1641051885645380000.png;img_Drone1_0_7_1641051885646206000.png
Drone1	1641051874512	-41.8543	-40.3219	6.53032	0.369393	0.0671495	0.276252	0.884717	img_Drone1_0_0_1641051886321260000.png;img_Drone1_0_7_1641051886321996000.png
Drone1	1641051874917	-41.8379	-40.2849	6.47743	0.36856	0.0682453	0.275769	0.885131	img_Drone1_0_0_1641051886726190000.png;img_Drone1_0_7_1641051886728182000.png
Drone1	1641051875349	-41.7309	-40.1222	6.42463	0.367918	0.0675942	0.275757	0.885452	img_Drone1_0_0_1641051887192982000.png;img_Drone1_0_7_1641051887193641000.png
Drone1	1641051876270	-41.7821	-40.205	6.46553	0.367366	0.0667564	0.276275	0.885583	img_Drone1_0_0_1641051888118353000.png;img_Drone1_0_7_1641051888119481000.png
Drone1	1641051876765	-41.7797	-40.1986	6.45336	0.367162	0.0669144	0.276188	0.885683	img_Drone1_0_0_1641051888637561000.png;img_Drone1_0_7_1641051888638284000.png
Drone1	1641051877503	-41.6754	-40.0334	6.37738	0.367041	0.0665648	0.27627	0.885734	img_Drone1_0_0_1641051889380316000.png;img_Drone1_0_7_1641051889380985000.png
Drone1	1641051877939	-41.8744	-40.3375	6.47426	0.367311	0.068103	0.275748	0.885668	img_Drone1_0_0_1641051889815251000.png;img_Drone1_0_7_1641051889816076000.png
Drone1	1641051878479	-41.7056	-40.08	6.39529	0.367318	0.0674181	0.275722	0.885726	img_Drone1_0_0_1641051890355197000.png;img_Drone1_0_7_1641051890355898000.png
Drone1	1641051878971	-41.7736	-40.187	6.44054	0.367123	0.0663861	0.276346	0.88569	img_Drone1_0_0_1641051890855368000.png;img_Drone1_0_7_1641051890856101000.png
Drone1	1641051879433	-41.7192	-40.1042	6.41208	0.367069	0.0656553	0.276515	0.885714	img_Drone1_0_0_1641051891374681000.png;img_Drone1_0_7_1641051891375415000.png
Drone1	1641051879979	-41.701	-40.0742	6.39454	0.366683	0.0660709	0.276309	0.885907	img_Drone1_0_0_1641051891951011000.png;img_Drone1_0_7_1641051891951720000.png
Drone1	1641051880564	-41.6977	-40.0693	6.39354	0.366188	0.0657166	0.276391	0.886113	img_Drone1_0_0_1641051892595511000.png;img_Drone1_0_7_1641051892596670000.png
Drone1	1641051881002	-41.7059	-40.0796	6.39008	0.366484	0.067411	0.275659	0.886091	img_Drone1_0_0_1641051893044234000.png;img_Drone1_0_7_1641051893044874000.png
Drone1	1641051881494	-41.7007	-40.0719	6.38856	0.366829	0.0673172	0.275694	0.885945	img_Drone1_0_0_1641051893557414000.png;img_Drone1_0_7_1641051893558109000.png
Drone1	1641051881974	-41.933	-40.4239	6.48923	0.367395	0.0676304	0.275876	0.885629	img_Drone1_0_0_1641051894039984000.png;img_Drone1_0_7_1641051894040680000.png
Drone1	1641051882499	-41.8559	-40.3042	6.45356	0.367666	0.0673036	0.275943	0.885521	img_Drone1_0_0_1641051894565978000.png;img_Drone1_0_7_1641051894566670000.png
Drone1	1641051883024	-41.6995	-40.0696	6.38762	0.368316	0.0675569	0.27571	0.885304	img_Drone1_0_0_1641051895098351000.png;img_Drone1_0_7_1641051895099087000.png
Drone1	1641051883471	-41.6905	-40.0558	6.38332	0.36839	0.0678296	0.275626	0.885279	img_Drone1_0_0_1641051895545853000.png;img_Drone1_0_7_1641051895546636000.png
Drone1	1641051883996	-41.6959	-40.0642	6.38772	0.368306	0.0674829	0.275683	0.885323	img_Drone1_0_0_1641051896070883000.png;img_Drone1_0_7_1641051896073028000.png
Drone1	1641051884389	-41.7502	-40.1477	6.42132	0.368226	0.0670791	0.275958	0.885301	img_Drone1_0_0_1641051896469695000.png;img_Drone1_0_7_1641051896470379000.png
Drone1	1641051885052	-41.8835	-40.3586	6.51412	0.368537	0.0671997	0.276066	0.885128	img_Drone1_0_0_1641051897149892000.png;img_Drone1_0_7_1641051897150589000.png
Drone1	1641051885403	-41.8899	-40.3615	6.49142	0.368642	0.0677904	0.275872	0.8851	img_Drone1_0_0_1641051897504384000.png;img_Drone1_0_7_1641051897505111000.png
Drone1	1641051886135	-41.6778	-40.0367	6.37773	0.368331	0.067789	0.275831	0.885242	img_Drone1_0_0_1641051898236753000.png;img_Drone1_0_7_1641051898237485000.png
Drone1	1641051886591	-41.7495	-40.1521	6.43698	0.367752	0.0663106	0.276361	0.88543	img_Drone1_0_0_1641051898699570000.png;img_Drone1_0_7_1641051898700279000.png
Drone1	1641051887056	-41.7906	-40.213	6.44795	0.367653	0.0667223	0.27629	0.885462	img_Drone1_0_0_1641051899183136000.png;img_Drone1_0_7_1641051899183845000.png
Drone1	1641051887458	-41.7078	-40.0834	6.39707	0.367561	0.0676669	0.27563	0.885634	img_Drone1_0_0_1641051899591786000.png;img_Drone1_0_7_1641051899592613000.png
Drone1	1641051888112	-41.7469	-40.1464	6.42864	0.367134	0.0664381	0.276306	0.885694	img_Drone1_0_0_1641051900269101000.png;img_Drone1_0_7_1641051900269836000.png
Drone1	1641051888694	-41.7846	-40.2061	6.45118	0.367044	0.0662862	0.276408	0.885711	img_Drone1_0_0_1641051900861455000.png;img_Drone1_0_7_1641051900862130000.png
Drone1	1641051889165	-41.9364	-40.4369	6.51799	0.367275	0.0677632	0.275897	0.885662	img_Drone1_0_0_1641051901332129000.png;img_Drone1_0_7_1641051901333006000.png
Drone1	1641051889630	-41.9065	-40.3874	6.4948	0.367369	0.0678381	0.275805	0.885647	img_Drone1_0_0_1641051901804840000.png;img_Drone1_0_7_1641051901805596000.png
Drone1	1641051890047	-41.6999	-40.0716	6.39295	0.367591	0.0668074	0.275885	0.885608	img_Drone1_0_0_1641051902241046000.png;img_Drone1_0_7_1641051902241866000.png
Drone1	1641051890614	-41.7297	-40.1165	6.40648	0.367657	0.0672745	0.275806	0.88557	img_Drone1_0_0_1641051902852609000.png;img_Drone1_0_7_1641051902853355000.png
Drone1	1641051891301	-41.7103	-40.0894	6.40479	0.367479	0.0659364	0.276332	0.88558	img_Drone1_0_0_1641051903577526000.png;img_Drone1_0_7_1641051903578395000.png
Drone1	1641051891784	-41.7965	-40.2237	6.45258	0.36726	0.0661689	0.276469	0.885611	img_Drone1_0_0_1641051904065259000.png;img_Drone1_0_7_1641051904065928000.png
Drone1	1641051892405	-41.7085	-40.0857	6.39919	0.366919	0.0662678	0.276178	0.885836	img_Drone1_0_0_1641051904713790000.png;img_Drone1_0_7_1641051904714450000.png
Drone1	1641051892801	-41.7437	-40.1395	6.41672	0.366742	0.0663323	0.276322	0.885859	img_Drone1_0_0_1641051905115193000.png;img_Drone1_0_7_1641051905116141000.png
Drone1	1641051893317	-41.7634	-40.1662	6.4147	0.367012	0.067779	0.275759	0.885813	img_Drone1_0_0_1641051905635956000.png;img_Drone1_0_7_1641051905636636000.png
Drone1	1641051893929	-41.6716	-40.027	6.3738	0.367325	0.0663396	0.276312	0.88562	img_Drone1_0_0_1641051906312040000.png;img_Drone1_0_7_1641051906312694000.png
Drone1	1641051894313	-41.7377	-40.1318	6.41873	0.367276	0.0657102	0.276554	0.885612	img_Drone1_0_0_1641051906731031000.png;img_Drone1_0_7_1641051906731758000.png
Drone1	1641051894853	-41.7638	-40.1718	6.43039	0.367034	0.065897	0.276552	0.885699	img_Drone1_0_0_1641051907314330000.png;img_Drone1_0_7_1641051907315025000.png
Drone1	1641051895507	-41.6804	-40.0408	6.37899	0.366862	0.066436	0.276233	0.88583	img_Drone1_0_0_1641051907994319000.png;img_Drone1_0_7_1641051907995112000.png
Drone1	1641051895975	-41.6821	-40.044	6.38202	0.366867	0.0658681	0.276349	0.885833	img_Drone1_0_0_1641051908506985000.png;img_Drone1_0_7_1641051908507679000.png
Drone1	1641051896644	-41.77	-40.1804	6.43082	0.366753	0.0660905	0.276446	0.885834	img_Drone1_0_0_1641051909299509000.png;img_Drone1_0_7_1641051909303996000.png
Drone1	1641051897268	-41.6885	-40.0528	6.3815	0.367204	0.0677772	0.275651	0.885767	img_Drone1_0_0_1641051909963564000.png;img_Drone1_0_7_1641051909964266000.png
Drone1	1641051898003	-41.7114	-40.0885	6.39769	0.367565	0.0667878	0.275874	0.885623	img_Drone1_0_0_1641051910745508000.png;img_Drone1_0_7_1641051910746396000.png
Drone1	1641051898564	-41.7006	-40.0721	6.39164	0.367914	0.066487	0.276085	0.885436	img_Drone1_0_0_1641051911345389000.png;img_Drone1_0_7_1641051911346082000.png
Drone1	1641051899215	-0.0273608	1.95702e-08	-0.221105	3.55455e-07	0.110022	-3.93177e-08	0.993929	img_Drone1_0_0_1641051912061046000.png;img_Drone1_0_7_1641051912061831000.png
Drone1	1641051899629	-0.113085	8.08655e-08	1.25132	3.57567e-07	0.00622629	-2.11913e-09	0.999981	img_Drone1_0_0_1641051912479230000.png;img_Drone1_0_7_1641051912479983000.png
Drone1	1641051900139	-0.231092	1.6503e-07	4.50894	3.57457e-07	0.000180684	1.38672e-10	1	img_Drone1_0_0_1641051912993247000.png;img_Drone1_0_7_1641051912996374000.png
Drone1	1641051900757	-0.375533	2.67054e-07	9.57489	3.57325e-07	2.47966e-06	3.18665e-10	1	img_Drone1_0_0_1641051913623728000.png;img_Drone1_0_7_1641051913624438000.png
Drone1	1641051901402	-0.526231	3.71237e-07	15.3653	3.57199e-07	9.59403e-08	4.40892e-10	1	img_Drone1_0_0_1641051914269731000.png;img_Drone1_0_7_1641051914270492000.png
Drone1	1641051901807	-0.584472	4.10676e-07	17.6567	3.13916e-07	0	0	1	img_Drone1_0_0_1641051914703721000.png;img_Drone1_0_7_1641051914704425000.png
Drone1	1641051902305	-0.584472	4.10676e-07	17.6567	3.13916e-07	0	0	1	img_Drone1_0_0_1641051915202934000.png;img_Drone1_0_7_1641051915203547000.png
