VehicleName	TimeStamp	POS_X	POS_Y	POS_Z	Q_W	Q_X	Q_Y	Q_Z	ImageFile
Drone1	1641412900185	0.124646	-1.07106e-11	0.825145	0.999939	-2.22183e-10	-0.0110253	-1.30824e-10	img_Drone1_3_7_1641412900271785000.png;img_Drone1_3_0_1641412900271918000.png
Drone1	1641412900542	0.229791	-2.50386e-10	2.70889	1	-4.53376e-10	-0.000988194	-2.21955e-10	img_Drone1_3_7_1641412900626537000.png;img_Drone1_3_0_1641412900626651000.png
Drone1	1641412900962	0.355895	-1.48744e-09	5.53299	1	-7.26502e-10	-5.78656e-05	-3.35996e-10	img_Drone1_3_7_1641412901048834000.png;img_Drone1_3_0_1641412901048955000.png
Drone1	1641412901496	0.516442	-6.17556e-09	9.57017	1	-1.074e-09	-1.57149e-06	-4.94768e-10	img_Drone1_3_7_1641412901583936000.png;img_Drone1_3_0_1641412901584059000.png
Drone1	1641412901979	0.661531	-1.5191e-08	13.3892	1	-1.38832e-09	-1.00533e-07	-5.88695e-10	img_Drone1_3_7_1641412902067001000.png;img_Drone1_3_0_1641412902067124000.png
Drone1	1641412902459	0.761685	-2.5034e-08	16.0623	1	0	0	-6.40634e-10	img_Drone1_3_7_1641412902548443000.png;img_Drone1_3_0_1641412902548566000.png
Drone1	1641412903005	0.761685	-2.5034e-08	16.0623	1	0	0	-6.40634e-10	img_Drone1_3_7_1641412903096567000.png;img_Drone1_3_0_1641412903096684000.png
Drone1	1641412915641	0.402759	-1.15685e-10	-0.482348	0.999307	-1.40309e-10	0.0372357	-9.00504e-11	img_Drone1_3_7_1641412915800405000.png;img_Drone1_3_0_1641412915800527000.png
Drone1	1641412916055	0.80496	-6.8895e-10	-0.720678	0.998118	-2.74642e-10	0.0613274	-1.77368e-09	img_Drone1_3_7_1641412916249773000.png;img_Drone1_3_0_1641412916249896000.png
Drone1	1641412916688	1.06138	-2.94893e-09	-1.03037	0.999492	-7.78915e-10	0.0318774	-6.69143e-09	img_Drone1_3_7_1641412916905903000.png;img_Drone1_3_0_1641412916906087000.png
Drone1	1641412917120	1.07904	-6.82582e-09	-1.2035	0.999815	-1.2829e-09	0.019256	-1.12966e-08	img_Drone1_3_7_1641412917346022000.png;img_Drone1_3_0_1641412917346166000.png
Drone1	1641412917624	1.01126	-1.63834e-08	-1.38844	0.999945	-1.85894e-09	0.0105381	-1.4947e-08	img_Drone1_3_7_1641412917857105000.png;img_Drone1_3_0_1641412917857220000.png
Drone1	1641412918263	0.851085	-4.10194e-08	-1.61089	0.999988	-2.58003e-09	0.00489807	-1.95952e-08	img_Drone1_3_7_1641412918512446000.png;img_Drone1_3_0_1641412918512566000.png
Drone1	1641412918554	0.762823	-5.84391e-08	-1.70987	0.999994	-2.8872e-09	0.00347347	-2.00562e-08	img_Drone1_3_7_1641412918802434000.png;img_Drone1_3_0_1641412918802558000.png
Drone1	1641412919061	0.59623	-1.00257e-07	-1.88031	0.999998	-3.39826e-09	0.00194062	-1.87273e-08	img_Drone1_3_7_1641412919319327000.png;img_Drone1_3_0_1641412919319454000.png
Drone1	1641412919550	0.426912	-1.41791e-07	-1.9441	0.99994	8.13202e-09	-0.0109249	-1.73384e-08	img_Drone1_3_7_1641412919811927000.png;img_Drone1_3_0_1641412919812047000.png
Drone1	1641412920219	0.285808	-1.35412e-07	-2.48703	0.999878	4.99542e-09	-0.0156145	-1.5703e-08	img_Drone1_3_7_1641412920499410000.png;img_Drone1_3_0_1641412920499531000.png
Drone1	1641412920690	0.27062	-1.03127e-07	-2.95472	0.999949	3.08005e-09	-0.0100885	-1.52417e-08	img_Drone1_3_7_1641412920977008000.png;img_Drone1_3_0_1641412920977155000.png
Drone1	1641412921092	0.293451	-6.51698e-08	-3.35182	0.999986	1.43956e-09	-0.00525341	-1.43038e-08	img_Drone1_3_7_1641412921384678000.png;img_Drone1_3_0_1641412921384800000.png
Drone1	1641412921767	0.363333	5.78078e-09	-4.02077	1	-1.34955e-09	0.000981162	-1.41504e-08	img_Drone1_3_7_1641412922074311000.png;img_Drone1_3_0_1641412922074437000.png
Drone1	1641412922079	0.395892	3.60443e-08	-4.33148	0.999996	-2.65155e-09	0.00286519	-1.3656e-08	img_Drone1_3_7_1641412922405693000.png;img_Drone1_3_0_1641412922405819000.png
Drone1	1641412922547	0.433968	7.13459e-08	-4.79839	0.999991	-4.61971e-09	0.00434297	-1.05042e-08	img_Drone1_3_7_1641412922934927000.png;img_Drone1_3_0_1641412922935046000.png
Drone1	1641412923264	0.457481	8.44362e-08	-5.51326	0.999994	-7.66803e-09	0.00341888	-4.61466e-09	img_Drone1_3_7_1641412923642743000.png;img_Drone1_3_0_1641412923653088000.png
Drone1	1641412923765	0.45279	4.97337e-08	-6.01227	0.999999	-9.78758e-09	0.00171905	4.95476e-10	img_Drone1_3_7_1641412924158533000.png;img_Drone1_3_0_1641412924158654000.png
Drone1	1641412924245	0.440147	-2.85095e-08	-6.49043	1	-1.18016e-08	0.000202287	5.95936e-09	img_Drone1_3_7_1641412924638734000.png;img_Drone1_3_0_1641412924638863000.png
Drone1	1641412924725	0.426363	-1.54031e-07	-6.96878	1	8.0048e-09	-0.000822606	1.26162e-08	img_Drone1_3_7_1641412925118641000.png;img_Drone1_3_0_1641412925118763000.png
Drone1	1641412925157	0.416843	-2.46865e-07	-7.39938	0.999999	1.77578e-08	-0.00122019	1.73956e-08	img_Drone1_3_7_1641412925557837000.png;img_Drone1_3_0_1641412925557960000.png
Drone1	1641412925598	0.411583	-2.79485e-07	-7.83895	0.999999	1.00464e-08	-0.00116111	2.22659e-08	img_Drone1_3_7_1641412926009298000.png;img_Drone1_3_0_1641412926009406000.png
Drone1	1641412926300	0.41167	-2.63208e-07	-8.53856	1	3.14256e-09	-0.00054446	2.95751e-08	img_Drone1_3_7_1641412926709041000.png;img_Drone1_3_0_1641412926709188000.png
Drone1	1641412926543	0.413271	-2.5093e-07	-8.78073	1	2.0984e-09	-0.000301384	3.12355e-08	img_Drone1_3_7_1641412927018019000.png;img_Drone1_3_0_1641412927018146000.png
Drone1	1641412927143	0.418224	-2.09987e-07	-9.37869	1	3.97935e-09	0.000157344	3.87925e-08	img_Drone1_3_7_1641412927669048000.png;img_Drone1_3_0_1641412927669193000.png
Drone1	1641412927710	0.401741	0.0210703	-9.60909	0.968358	0.175361	0.177561	-0.00189569	img_Drone1_3_7_1641412928236873000.png;img_Drone1_3_0_1641412928239753000.png
Drone1	1641412928097	-0.277715	0.627101	-9.9203	0.94315	0.177273	0.280759	0.0147017	img_Drone1_3_7_1641412928637346000.png;img_Drone1_3_0_1641412928637495000.png
Drone1	1641412928769	-3.50003	2.93925	-10.123	0.975443	0.0860086	0.200423	0.0307355	img_Drone1_3_7_1641412929327729000.png;img_Drone1_3_0_1641412929327837000.png
Drone1	1641412929309	-6.93397	5.14166	-9.13884	0.993288	0.0501757	0.100008	0.0293362	img_Drone1_3_7_1641412929904701000.png;img_Drone1_3_0_1641412929904827000.png
Drone1	1641412929678	-9.59114	6.78642	-8.41653	0.996887	0.0390619	0.0622695	0.028513	img_Drone1_3_7_1641412930279465000.png;img_Drone1_3_0_1641412930279586000.png
Drone1	1641412930146	-13.1472	8.99251	-7.61054	0.998415	0.0328662	0.0362075	0.0278587	img_Drone1_3_7_1641412930789593000.png;img_Drone1_3_0_1641412930789718000.png
Drone1	1641412930737	-17.758	11.9248	-6.72871	0.999	0.0272311	0.0222966	0.027585	img_Drone1_3_7_1641412931471556000.png;img_Drone1_3_0_1641412931471680000.png
Drone1	1641412931343	-22.5195	15.052	-5.89642	0.999228	0.0198796	0.0195676	0.0276668	img_Drone1_3_7_1641412932083587000.png;img_Drone1_3_0_1641412932083707000.png
Drone1	1641412931760	-25.7991	17.2448	-5.34023	0.999293	0.0148882	0.020493	0.0277836	img_Drone1_3_7_1641412932502649000.png;img_Drone1_3_0_1641412932502771000.png
Drone1	1641412932390	-30.7625	20.5771	-4.51111	0.999316	0.00966991	0.0222544	0.027918	img_Drone1_3_7_1641412933132163000.png;img_Drone1_3_0_1641412933132320000.png
Drone1	1641412932756	-33.6545	22.5094	-4.03258	0.999318	0.00839031	0.0226062	0.0279502	img_Drone1_3_7_1641412933512572000.png;img_Drone1_3_0_1641412933512732000.png
Drone1	1641412933434	-39.0299	26.0692	-3.14857	0.999332	0.00880121	0.0218393	0.0279353	img_Drone1_3_7_1641412934218778000.png;img_Drone1_3_0_1641412934218956000.png
Drone1	1641412934400	-46.7137	31.1103	-1.89148	0.99935	0.011405	0.0198439	0.0278615	img_Drone1_3_7_1641412935384421000.png;img_Drone1_3_0_1641412935384572000.png
Drone1	1641412934835	-50.175	33.3795	-1.32603	0.999352	0.012073	0.0193504	0.0278428	img_Drone1_3_7_1641412935900921000.png;img_Drone1_3_0_1641412935901035000.png
Drone1	1641412935354	-54.302	36.0916	-0.651701	0.999353	0.0121999	0.0192379	0.027839	img_Drone1_3_7_1641412936571583000.png;img_Drone1_3_0_1641412936571713000.png
Drone1	1641412936092	-60.1647	39.9572	0.306836	0.999352	0.0116051	0.0196297	0.0278553	img_Drone1_3_7_1641412937587060000.png;img_Drone1_3_0_1641412937596229000.png
Drone1	1641412936653	-64.6191	42.8993	1.03533	0.99935	0.0110834	0.0199838	0.0278697	img_Drone1_3_7_1641412938280412000.png;img_Drone1_3_0_1641412938280537000.png
Drone1	1641412937283	-69.6218	46.2184	1.85726	0.999349	0.0108003	0.0201765	0.0278775	img_Drone1_3_7_1641412939027118000.png;img_Drone1_3_0_1641412939027285000.png
Drone1	1641412937625	-72.3382	47.9948	2.29743	0.999349	0.0108001	0.0201767	0.0278775	img_Drone1_3_7_1641412939452364000.png;img_Drone1_3_0_1641412939452490000.png
Drone1	1641412938096	-76.0801	50.4616	2.909	0.99935	0.0109157	0.0200981	0.0278744	img_Drone1_3_7_1641412939978168000.png;img_Drone1_3_0_1641412939978303000.png
Drone1	1641412938753	-81.3011	53.9012	3.76208	0.99935	0.0111347	0.0199498	0.0278684	img_Drone1_3_7_1641412940651781000.png;img_Drone1_3_0_1641412940651917000.png
Drone1	1641412939278	-85.4734	56.6496	4.44379	0.999351	0.0112512	0.0198714	0.0278653	img_Drone1_3_7_1641412941177127000.png;img_Drone1_3_0_1641412941177265000.png
Drone1	1641412939881	-90.2642	59.8068	5.22674	0.999351	0.0112605	0.0198676	0.0278651	img_Drone1_3_7_1641412941783748000.png;img_Drone1_3_0_1641412941783855000.png
Drone1	1641412940370	-94.1492	62.3678	5.86165	0.999351	0.0112147	0.0199004	0.0278663	img_Drone1_3_7_1641412942272842000.png;img_Drone1_3_0_1641412942272977000.png
Drone1	1641412940829	-97.7958	64.7721	6.45761	0.999351	0.0111708	0.0199313	0.0278675	img_Drone1_3_7_1641412942751637000.png;img_Drone1_3_0_1641412942751763000.png
Drone1	1641412941315	-101.657	67.3181	7.08864	0.99935	0.0111181	0.0199687	0.027869	img_Drone1_3_7_1641412943274808000.png;img_Drone1_3_0_1641412943274943000.png
Drone1	1641412941867	-106.042	70.2091	7.80537	0.99935	0.0111144	0.0199732	0.0278691	img_Drone1_3_7_1641412943836882000.png;img_Drone1_3_0_1641412943836997000.png
Drone1	1641412942362	-109.975	72.8011	8.44804	0.99935	0.0111544	0.0199474	0.027868	img_Drone1_3_7_1641412944339845000.png;img_Drone1_3_0_1641412944340134000.png
Drone1	1641412942758	-113.121	74.8746	8.96215	0.99935	0.0111742	0.0199348	0.0278675	img_Drone1_3_7_1641412944828972000.png;img_Drone1_3_0_1641412944829362000.png
Drone1	1641412943532	-119.27	78.9275	9.96701	0.99935	0.0111931	0.0199241	0.027867	img_Drone1_3_7_1641412945954081000.png;img_Drone1_3_0_1641412945954204000.png
Drone1	1641412944003	-123.012	81.3949	10.5786	0.99935	0.0111594	0.0199488	0.027868	img_Drone1_3_7_1641412946486176000.png;img_Drone1_3_0_1641412946486310000.png
Drone1	1641412944597	-127.732	84.5063	11.3499	0.99935	0.0111147	0.0199818	0.0278693	img_Drone1_3_7_1641412947079054000.png;img_Drone1_3_0_1641412947079204000.png
Drone1	1641412945074	-131.521	87.004	11.9691	0.99935	0.0111497	0.0199593	0.0278683	img_Drone1_3_7_1641412947564380000.png;img_Drone1_3_0_1641412947564505000.png
Drone1	1641412945653	-136.121	90.0359	12.7208	0.99935	0.0111798	0.0199405	0.0278675	img_Drone1_3_7_1641412948145607000.png;img_Drone1_3_0_1641412948145735000.png
Drone1	1641412946107	-139.72	92.4079	13.309	0.99935	0.0111929	0.0199324	0.0278673	img_Drone1_3_7_1641412948606337000.png;img_Drone1_3_0_1641412948606464000.png
Drone1	1641412946803	-145.25	96.0537	14.2127	0.99935	0.0111485	0.0199652	0.0278686	img_Drone1_3_7_1641412949316080000.png;img_Drone1_3_0_1641412949316193000.png
Drone1	1641412947199	-148.396	98.128	14.7269	0.99935	0.0111172	0.0199883	0.0278695	img_Drone1_3_7_1641412949713842000.png;img_Drone1_3_0_1641412949713975000.png
Drone1	1641412947718	-152.519	100.846	15.4007	0.99935	0.0111527	0.0199658	0.0278685	img_Drone1_3_7_1641412950270437000.png;img_Drone1_3_0_1641412950270571000.png
Drone1	1641412948291	-157.072	103.846	16.1446	0.99935	0.0111835	0.0199461	0.0278677	img_Drone1_3_7_1641412950865001000.png;img_Drone1_3_0_1641412950865121000.png
Drone1	1641412948822	-161.29	106.627	16.834	0.99935	0.0111979	0.019938	0.0278674	img_Drone1_3_7_1641412951419428000.png;img_Drone1_3_0_1641412951420205000.png
Drone1	1641412949443	-166.224	109.88	17.6403	0.99935	0.0111538	0.0199696	0.0278687	img_Drone1_3_7_1641412952114591000.png;img_Drone1_3_0_1641412952114716000.png
Drone1	1641412950061	-171.134	113.116	18.4426	0.99935	0.0111318	0.0199876	0.0278693	img_Drone1_3_7_1641412952739940000.png;img_Drone1_3_0_1641412952740354000.png
Drone1	1641412950622	-175.591	116.054	19.171	0.99935	0.0111723	0.0199614	0.0278682	img_Drone1_3_7_1641412953308524000.png;img_Drone1_3_0_1641412953308670000.png
Drone1	1641412951075	-179.19	118.426	19.7591	0.99935	0.01119	0.0199506	0.0278677	img_Drone1_3_7_1641412953770381000.png;img_Drone1_3_0_1641412953770506000.png
Drone1	1641412951513	-182.67	120.719	20.3278	0.99935	0.0112018	0.0199436	0.0278674	img_Drone1_3_7_1641412954255425000.png;img_Drone1_3_0_1641412954255557000.png
Drone1	1641412952230	-188.366	124.476	21.2588	0.99935	0.0111432	0.0199865	0.0278692	img_Drone1_3_7_1641412954998264000.png;img_Drone1_3_0_1641412954998400000.png
Drone1	1641412952677	-191.917	126.817	21.8391	0.99935	0.0111332	0.0199953	0.0278695	img_Drone1_3_7_1641412955446292000.png;img_Drone1_3_0_1641412955446424000.png
Drone1	1641412953454	-198.09	130.887	22.848	0.99935	0.011129	0.0200003	0.0278696	img_Drone1_3_7_1641412956399555000.png;img_Drone1_3_0_1641412956399706000.png
Drone1	1641412953835	-201.117	132.883	23.3427	0.999349	0.0111045	0.0200187	0.0278703	img_Drone1_3_7_1641412956796418000.png;img_Drone1_3_0_1641412956796577000.png
Drone1	1641412954570	-206.957	136.73	24.297	0.99935	0.0111935	0.0199604	0.027868	img_Drone1_3_7_1641412957538679000.png;img_Drone1_3_0_1641412957538809000.png
Drone1	1641412955059	-210.842	139.29	24.9319	0.99935	0.0112608	0.0199153	0.0278662	img_Drone1_3_7_1641412958029722000.png;img_Drone1_3_0_1641412958029861000.png
Drone1	1641412955464	-214.059	141.412	25.4577	0.99935	0.0112	0.019958	0.0278678	img_Drone1_3_7_1641412958472318000.png;img_Drone1_3_0_1641412958472465000.png
Drone1	1641412956049	-218.707	144.477	26.2173	0.999349	0.0111288	0.0200086	0.0278698	img_Drone1_3_7_1641412959068439000.png;img_Drone1_3_0_1641412959068601000.png
Drone1	1641412956688	-223.784	147.824	27.047	0.999349	0.0111016	0.0200299	0.0278706	img_Drone1_3_7_1641412959721002000.png;img_Drone1_3_0_1641412959721578000.png
Drone1	1641412957216	-227.978	150.587	27.7325	0.99935	0.0112137	0.0199546	0.0278676	img_Drone1_3_7_1641412960261571000.png;img_Drone1_3_0_1641412960261701000.png
Drone1	1641412957765	-232.34	153.462	28.4452	0.99935	0.0112483	0.0199323	0.0278667	img_Drone1_3_7_1641412960825080000.png;img_Drone1_3_0_1641412960825209000.png
Drone1	1641412958233	-236.058	155.914	29.0528	0.999349	0.0111738	0.0199844	0.0278687	img_Drone1_3_7_1641412961303940000.png;img_Drone1_3_0_1641412961304116000.png
Drone1	1641412958821	-240.73	158.994	29.8163	0.999349	0.0111172	0.0200253	0.0278703	img_Drone1_3_7_1641412961904869000.png;img_Drone1_3_0_1641412961904998000.png
Drone1	1641412959253	-244.162	161.257	30.3772	0.999349	0.0111043	0.0200362	0.0278707	img_Drone1_3_7_1641412962338128000.png;img_Drone1_3_0_1641412962338244000.png
Drone1	1641412959685	-247.594	163.518	30.9381	0.999349	0.0111948	0.0199755	0.0278683	img_Drone1_3_7_1641412962777773000.png;img_Drone1_3_0_1641412962777902000.png
Drone1	1641412960288	-252.385	166.675	31.7209	0.99935	0.0112592	0.0199329	0.0278666	img_Drone1_3_7_1641412963397284000.png;img_Drone1_3_0_1641412963397447000.png
Drone1	1641412960846	-256.818	169.599	32.4454	0.999349	0.0111716	0.0199942	0.027869	img_Drone1_3_7_1641412963989998000.png;img_Drone1_3_0_1641412963990154000.png
Drone1	1641412961269	-260.178	171.815	32.9946	0.999349	0.0111292	0.0200242	0.0278702	img_Drone1_3_7_1641412964425842000.png;img_Drone1_3_0_1641412964425954000.png
Drone1	1641412961851	-264.802	174.863	33.7501	0.999349	0.0111133	0.0200372	0.0278707	img_Drone1_3_7_1641412965018705000.png;img_Drone1_3_0_1641412965018833000.png
Drone1	1641412962376	-268.973	177.611	34.4317	0.999349	0.0112273	0.0199612	0.0278676	img_Drone1_3_7_1641412965552400000.png;img_Drone1_3_0_1641412965552534000.png
Drone1	1641412962844	-272.691	180.061	35.0393	0.999349	0.0112628	0.0199381	0.0278667	img_Drone1_3_7_1641412966026236000.png;img_Drone1_3_0_1641412966026364000.png
Drone1	1641412963267	-276.052	182.277	35.5885	0.999349	0.0111945	0.0199861	0.0278686	img_Drone1_3_7_1641412966517516000.png;img_Drone1_3_0_1641412966517650000.png
Drone1	1641412963867	-280.819	185.421	36.3676	0.999349	0.0111309	0.0200318	0.0278704	img_Drone1_3_7_1641412967161714000.png;img_Drone1_3_0_1641412967161845000.png
Drone1	1641412964221	-283.631	187.275	36.8273	0.999349	0.0111115	0.0200466	0.027871	img_Drone1_3_7_1641412967518910000.png;img_Drone1_3_0_1641412967519042000.png
Drone1	1641412964791	-288.16	190.259	37.5673	0.999349	0.0111969	0.01999	0.0278687	img_Drone1_3_7_1641412968100717000.png;img_Drone1_3_0_1641412968100852000.png
Drone1	1641412965325	-292.402	193.054	38.2606	0.999349	0.0112758	0.0199373	0.0278666	img_Drone1_3_7_1641412968672834000.png;img_Drone1_3_0_1641412968672963000.png
Drone1	1641412965925	-297.169	196.198	39.0395	0.999349	0.0111861	0.0200003	0.027869	img_Drone1_3_7_1641412969271474000.png;img_Drone1_3_0_1641412969273688000.png
Drone1	1641412966351	-300.554	198.429	39.5927	0.999349	0.0111409	0.0200329	0.0278703	img_Drone1_3_7_1641412969709407000.png;img_Drone1_3_0_1641412969709548000.png
Drone1	1641412966903	-304.939	201.321	40.3095	0.999349	0.0111117	0.0200554	0.0278712	img_Drone1_3_7_1641412970273521000.png;img_Drone1_3_0_1641412970273653000.png
Drone1	1641412967290	-308.014	203.346	40.8119	0.999349	0.011185	0.0200065	0.0278692	img_Drone1_3_7_1641412970666714000.png;img_Drone1_3_0_1641412970666849000.png
Drone1	1641412967929	-313.09	206.692	41.6415	0.999349	0.011276	0.0199457	0.0278668	img_Drone1_3_7_1641412971313305000.png;img_Drone1_3_0_1641412971313446000.png
Drone1	1641412968334	-316.308	208.813	42.1673	0.999349	0.0112127	0.0199901	0.0278685	img_Drone1_3_7_1641412971721716000.png;img_Drone1_3_0_1641412971721844000.png
Drone1	1641412968745	-319.573	210.967	42.7009	0.999349	0.0111583	0.0200285	0.0278701	img_Drone1_3_7_1641412972141590000.png;img_Drone1_3_0_1641412972141725000.png
Drone1	1641412969330	-324.221	214.031	43.4606	0.999348	0.0111196	0.0200571	0.0278712	img_Drone1_3_7_1641412972776242000.png;img_Drone1_3_0_1641412972776378000.png
Drone1	1641412969885	-328.63	216.936	44.1811	0.999349	0.0111948	0.0200078	0.0278692	img_Drone1_3_7_1641412973337263000.png;img_Drone1_3_0_1641412973337389000.png
Drone1	1641412970386	-332.611	219.559	44.8315	0.999349	0.0112846	0.0199476	0.0278667	img_Drone1_3_7_1641412973840822000.png;img_Drone1_3_0_1641412973840953000.png
Drone1	1641412970878	-336.519	222.137	45.4703	0.999349	0.0112199	0.0199932	0.0278685	img_Drone1_3_7_1641412974334517000.png;img_Drone1_3_0_1641412974334649000.png
Drone1	1641412971274	-339.666	224.211	45.9845	0.999349	0.0111671	0.0200306	0.02787	img_Drone1_3_7_1641412974739182000.png;img_Drone1_3_0_1641412974739307000.png
Drone1	1641412971802	-343.86	226.977	46.67	0.999348	0.0111279	0.0200596	0.0278711	img_Drone1_3_7_1641412975291990000.png;img_Drone1_3_0_1641412975292142000.png
Drone1	1641412972360	-348.294	229.899	47.3945	0.999348	0.011177	0.020028	0.0278698	img_Drone1_3_7_1641412975865963000.png;img_Drone1_3_0_1641412975866100000.png
Drone1	1641412972867	-352.322	232.552	48.0527	0.999349	0.011279	0.0199596	0.0278671	img_Drone1_3_7_1641412976380450000.png;img_Drone1_3_0_1641412976380585000.png
Drone1	1641412973266	-355.491	234.642	48.5707	0.999349	0.0112542	0.0199775	0.0278678	img_Drone1_3_7_1641412976784800000.png;img_Drone1_3_0_1641412976784934000.png
Drone1	1641412973791	-359.662	237.393	49.2524	0.999348	0.0111765	0.0200322	0.0278699	img_Drone1_3_7_1641412977374698000.png;img_Drone1_3_0_1641412977374838000.png
Drone1	1641412974253	-363.333	239.813	49.8523	0.999348	0.011138	0.0200605	0.027871	img_Drone1_3_7_1641412977865363000.png;img_Drone1_3_0_1641412977865561000.png
Drone1	1641412974883	-368.338	243.112	50.6703	0.999348	0.0111693	0.0200411	0.0278702	img_Drone1_3_7_1641412978540038000.png;img_Drone1_3_0_1641412978540155000.png
Drone1	1641412975366	-372.175	245.64	51.2973	0.999349	0.0112709	0.019973	0.0278675	img_Drone1_3_7_1641412979029900000.png;img_Drone1_3_0_1641412979040314000.png
Drone1	1641412975870	-376.18	248.28	51.9517	0.999348	0.0112518	0.0199874	0.027868	img_Drone1_3_7_1641412979543876000.png;img_Drone1_3_0_1641412979544004000.png
Drone1	1641412976224	-378.992	250.134	52.4113	0.999348	0.0111958	0.0200267	0.0278695	img_Drone1_3_7_1641412979901333000.png;img_Drone1_3_0_1641412979901463000.png
Drone1	1641412976818	-383.711	253.246	53.182	0.999347	0.0109015	0.0202583	0.027878	img_Drone1_3_7_1641412980506488000.png;img_Drone1_3_0_1641412980506590000.png
Drone1	1641412977322	-387.726	255.883	53.3517	0.987822	-0.111959	-0.104235	0.0284225	img_Drone1_3_7_1641412981090709000.png;img_Drone1_3_0_1641412981090834000.png
Drone1	1641412977856	-390.82	257.672	52.5103	0.925208	-0.238831	-0.2934	0.0294285	img_Drone1_3_7_1641412981640160000.png;img_Drone1_3_0_1641412981640323000.png
Drone1	1641412978402	-391.294	257.431	50.964	0.928083	-0.23827	-0.284963	0.0261776	img_Drone1_3_7_1641412982210960000.png;img_Drone1_3_0_1641412982211104000.png
Drone1	1641412978786	-390.223	256.157	49.7679	0.942456	-0.254018	-0.217331	0.00434713	img_Drone1_3_7_1641412982598232000.png;img_Drone1_3_0_1641412982598360000.png
Drone1	1641412979218	-388.478	254.141	49.1685	0.96725	-0.225699	-0.114633	-0.0186044	img_Drone1_3_7_1641412983048870000.png;img_Drone1_3_0_1641412983048992000.png
Drone1	1641412979860	-385.503	250.205	49.4534	0.990958	-0.129361	-0.00529879	-0.0352133	img_Drone1_3_7_1641412983715691000.png;img_Drone1_3_0_1641412983715814000.png
Drone1	1641412980694	-381.732	243.712	49.598	0.996694	-0.0637262	0.0299652	-0.0405306	img_Drone1_3_7_1641412984624713000.png;img_Drone1_3_0_1641412984624838000.png
Drone1	1641412981084	-380.143	240.409	49.5159	0.997485	-0.050657	0.0280593	-0.0408745	img_Drone1_3_7_1641412985027889000.png;img_Drone1_3_0_1641412985028024000.png
Drone1	1641412981654	-378.021	235.42	48.8903	0.998697	-0.0296428	0.00878972	-0.0406062	img_Drone1_3_7_1641412985642437000.png;img_Drone1_3_0_1641412985642574000.png
Drone1	1641412982101	-376.434	231.474	48.2406	0.998942	-0.0211991	-0.00688225	-0.0402131	img_Drone1_3_7_1641412986093254000.png;img_Drone1_3_0_1641412986099441000.png
Drone1	1641412982494	-375.034	228.016	47.6182	0.998924	-0.0170907	-0.0161162	-0.0399796	img_Drone1_3_7_1641412986501261000.png;img_Drone1_3_0_1641412986501400000.png
Drone1	1641412982986	-373.232	223.719	46.8007	0.99888	-0.0158574	-0.0198977	-0.0398902	img_Drone1_3_7_1641412987084755000.png;img_Drone1_3_0_1641412987084890000.png
Drone1	1641412983622	-370.803	218.223	45.7166	0.998909	-0.0190828	-0.0146408	-0.0400387	img_Drone1_3_7_1641412987818502000.png;img_Drone1_3_0_1641412987818644000.png
Drone1	1641412984201	-368.529	213.254	44.7189	0.998895	-0.0232978	-0.0068546	-0.0402465	img_Drone1_3_7_1641412988431784000.png;img_Drone1_3_0_1641412988431915000.png
Drone1	1641412984570	-367.072	210.092	44.0798	0.998861	-0.025277	-0.00310651	-0.0403448	img_Drone1_3_7_1641412988833324000.png;img_Drone1_3_0_1641412988833458000.png
Drone1	1641412985164	-364.747	204.996	43.0482	0.99883	-0.0265626	-0.000750704	-0.0404063	img_Drone1_3_7_1641412989442455000.png;img_Drone1_3_0_1641412989442585000.png
Drone1	1641412985653	-362.858	200.791	42.1987	0.99884	-0.0261797	-0.00174136	-0.0403799	img_Drone1_3_7_1641412989977524000.png;img_Drone1_3_0_1641412989977655000.png
Drone1	1641412986160	-360.92	196.423	41.318	0.998862	-0.0251779	-0.00398568	-0.04032	img_Drone1_3_7_1641412990526067000.png;img_Drone1_3_0_1641412990526185000.png
Drone1	1641412986673	-358.968	192	40.4271	0.998877	-0.0242211	-0.00611034	-0.040263	img_Drone1_3_7_1641412991056398000.png;img_Drone1_3_0_1641412991056524000.png
Drone1	1641412987213	-356.911	187.346	39.4891	0.998883	-0.0236993	-0.00726694	-0.0402319	img_Drone1_3_7_1641412991624905000.png;img_Drone1_3_0_1641412991625034000.png
Drone1	1641412987516	-355.753	184.737	38.9628	0.998883	-0.0236558	-0.00736529	-0.0402293	img_Drone1_3_7_1641412991965006000.png;img_Drone1_3_0_1641412991965132000.png
Drone1	1641412988131	-353.394	179.443	37.894	0.99888	-0.0239441	-0.00675859	-0.0402459	img_Drone1_3_7_1641412992628329000.png;img_Drone1_3_0_1641412992628458000.png
Drone1	1641412988707	-351.179	174.489	36.8928	0.998875	-0.024334	-0.00593317	-0.0402682	img_Drone1_3_7_1641412993204295000.png;img_Drone1_3_0_1641412993204420000.png
Drone1	1641412989166	-349.412	170.541	36.095	0.998872	-0.0245563	-0.00545228	-0.0402814	img_Drone1_3_7_1641412993667779000.png;img_Drone1_3_0_1641412993667909000.png
Drone1	1641412989574	-347.843	167.032	35.3858	0.998871	-0.0246251	-0.00530265	-0.0402853	img_Drone1_3_7_1641412994079266000.png;img_Drone1_3_0_1641412994079404000.png
Drone1	1641412990096	-345.836	162.54	34.4784	0.998871	-0.0246353	-0.00526924	-0.0402861	img_Drone1_3_7_1641412994607739000.png;img_Drone1_3_0_1641412994607874000.png
Drone1	1641412990678	-343.604	157.532	33.4668	0.998873	-0.0245072	-0.00554019	-0.040279	img_Drone1_3_7_1641412995198264000.png;img_Drone1_3_0_1641412995198397000.png
Drone1	1641412991089	-342.027	153.995	32.7523	0.998874	-0.0244181	-0.00573464	-0.0402739	img_Drone1_3_7_1641412995641592000.png;img_Drone1_3_0_1641412995641725000.png
Drone1	1641412991599	-340.072	149.605	31.8659	0.998875	-0.0243576	-0.00586511	-0.0402704	img_Drone1_3_7_1641412996208702000.png;img_Drone1_3_0_1641412996208827000.png
Drone1	1641412992157	-337.932	144.803	30.8963	0.998875	-0.024321	-0.00592996	-0.0402687	img_Drone1_3_7_1641412996786825000.png;img_Drone1_3_0_1641412996786961000.png
Drone1	1641412992613	-336.183	140.879	30.1038	0.998875	-0.0243051	-0.00595774	-0.0402681	img_Drone1_3_7_1641412997234766000.png;img_Drone1_3_0_1641412997234901000.png
Drone1	1641412993061	-334.465	137.032	29.3268	0.998875	-0.0243554	-0.00584333	-0.0402711	img_Drone1_3_7_1641412997695475000.png;img_Drone1_3_0_1641412997695601000.png
Drone1	1641412993499	-332.781	133.263	28.5654	0.998873	-0.0244621	-0.00560806	-0.0402772	img_Drone1_3_7_1641412998145729000.png;img_Drone1_3_0_1641412998145869000.png
Drone1	1641412994093	-330.501	128.151	27.5327	0.998873	-0.0244708	-0.00559448	-0.0402776	img_Drone1_3_7_1641412998783656000.png;img_Drone1_3_0_1641412998783779000.png
Drone1	1641412994666	-328.303	123.22	26.5367	0.998875	-0.024372	-0.00580361	-0.040272	img_Drone1_3_7_1641412999367224000.png;img_Drone1_3_0_1641412999367351000.png
Drone1	1641412995005	-327.003	120.302	25.9474	0.998875	-0.0243374	-0.00587554	-0.0402701	img_Drone1_3_7_1641412999730418000.png;img_Drone1_3_0_1641412999730592000.png
Drone1	1641412995479	-325.185	116.223	25.1236	0.998876	-0.0243076	-0.0059317	-0.0402687	img_Drone1_3_7_1641413000331438000.png;img_Drone1_3_0_1641413000331564000.png
Drone1	1641412996061	-322.947	111.214	24.112	0.998874	-0.0244235	-0.00566976	-0.0402756	img_Drone1_3_7_1641413000923240000.png;img_Drone1_3_0_1641413000923380000.png
Drone1	1641412996691	-320.528	105.793	23.0166	0.998873	-0.0244662	-0.00558036	-0.040278	img_Drone1_3_7_1641413001555824000.png;img_Drone1_3_0_1641413001555949000.png
Drone1	1641412997183	-318.641	101.558	22.1614	0.998875	-0.0243784	-0.00576739	-0.0402729	img_Drone1_3_7_1641413002036666000.png;img_Drone1_3_0_1641413002036962000.png
Drone1	1641412997582	-317.111	98.1246	21.4679	0.998875	-0.0243332	-0.00586177	-0.0402704	img_Drone1_3_7_1641413002451488000.png;img_Drone1_3_0_1641413002451617000.png
Drone1	1641412998140	-314.97	93.3225	20.4981	0.998876	-0.0243001	-0.00592251	-0.0402689	img_Drone1_3_7_1641413003016603000.png;img_Drone1_3_0_1641413003016773000.png
Drone1	1641412998545	-313.413	89.8371	19.7941	0.998875	-0.0243883	-0.0057247	-0.0402741	img_Drone1_3_7_1641413003422811000.png;img_Drone1_3_0_1641413003422936000.png
Drone1	1641412999178	-310.981	84.3895	18.6935	0.998873	-0.0244729	-0.00554218	-0.0402789	img_Drone1_3_7_1641413004064344000.png;img_Drone1_3_0_1641413004064474000.png
Drone1	1641412999748	-308.795	79.4841	17.7027	0.998875	-0.0243739	-0.00575563	-0.0402731	img_Drone1_3_7_1641413004638763000.png;img_Drone1_3_0_1641413004638890000.png
Drone1	1641413000165	-307.196	75.8955	16.9779	0.998876	-0.0243239	-0.00585948	-0.0402703	img_Drone1_3_7_1641413005061778000.png;img_Drone1_3_0_1641413005061901000.png
Drone1	1641413000759	-304.917	70.7835	15.9455	0.998876	-0.0242943	-0.00591195	-0.0402691	img_Drone1_3_7_1641413005656885000.png;img_Drone1_3_0_1641413005657245000.png
Drone1	1641413001056	-303.775	68.2276	15.4293	0.998875	-0.0243602	-0.00576348	-0.040273	img_Drone1_3_7_1641413005953784000.png;img_Drone1_3_0_1641413005953908000.png
Drone1	1641413001728	-301.193	62.4444	14.261	0.998874	-0.024468	-0.00552902	-0.0402792	img_Drone1_3_7_1641413006631663000.png;img_Drone1_3_0_1641413006631785000.png
Drone1	1641413002064	-299.904	59.5525	13.6769	0.998874	-0.0244071	-0.00566139	-0.0402757	img_Drone1_3_7_1641413006970723000.png;img_Drone1_3_0_1641413006970852000.png
Drone1	1641413002586	-297.902	55.0595	12.7695	0.998876	-0.0243198	-0.00584272	-0.0402708	img_Drone1_3_7_1641413007495774000.png;img_Drone1_3_0_1641413007495911000.png
Drone1	1641413003168	-295.67	50.0506	11.7579	0.998876	-0.0242755	-0.00593286	-0.0402684	img_Drone1_3_7_1641413008087599000.png;img_Drone1_3_0_1641413008087722000.png
Drone1	1641413003771	-293.351	44.8612	10.7096	0.998875	-0.0244068	-0.0056428	-0.040276	img_Drone1_3_7_1641413008703549000.png;img_Drone1_3_0_1641413008703677000.png
Drone1	1641413004014	-292.417	42.77	10.2872	0.998874	-0.0244537	-0.00554102	-0.0402788	img_Drone1_3_7_1641413008947487000.png;img_Drone1_3_0_1641413008947610000.png
Drone1	1641413004665	-289.92	37.167	9.15538	0.998875	-0.0243804	-0.00569876	-0.0402746	img_Drone1_3_7_1641413009596337000.png;img_Drone1_3_0_1641413009603712000.png
Drone1	1641413005142	-288.09	33.0613	8.32625	0.998876	-0.0243055	-0.00585208	-0.0402705	img_Drone1_3_7_1641413010088513000.png;img_Drone1_3_0_1641413010088635000.png
Drone1	1641413005646	-286.157	28.7235	7.4502	0.998877	-0.0242641	-0.00593412	-0.0402684	img_Drone1_3_7_1641413010600502000.png;img_Drone1_3_0_1641413010600622000.png
Drone1	1641413006162	-284.173	24.2829	6.55321	0.998875	-0.0243668	-0.00570645	-0.0402743	img_Drone1_3_7_1641413011118288000.png;img_Drone1_3_0_1641413011118416000.png
Drone1	1641413006693	-282.133	19.7131	5.63149	0.998864	-0.0249734	-0.00482378	-0.0402988	img_Drone1_3_7_1641413011655284000.png;img_Drone1_3_0_1641413011655415000.png
Drone1	1641413007035	-280.823	16.7744	5.16766	0.998644	-0.0323799	0.0040736	-0.0405663	img_Drone1_3_7_1641413012000475000.png;img_Drone1_3_0_1641413012000602000.png
Drone1	1641413007683	-278.462	12.0374	4.48423	0.958997	0.275741	0.021791	-0.0617812	img_Drone1_3_7_1641413012681468000.png;img_Drone1_3_0_1641413012681596000.png
Drone1	1641413008067	-277.109	10.819	3.27607	0.956134	0.28326	0.0527616	-0.052801	img_Drone1_3_7_1641413013070953000.png;img_Drone1_3_0_1641413013071082000.png
Drone1	1641413008715	-275.102	10.8192	1.40985	0.955922	0.28297	0.0597638	-0.0507001	img_Drone1_3_7_1641413013741356000.png;img_Drone1_3_0_1641413013741487000.png
Drone1	1641413009258	-273.621	12.0394	1.16099	0.956848	0.28267	0.0333168	-0.0585558	img_Drone1_3_7_1641413014291620000.png;img_Drone1_3_0_1641413014291758000.png
Drone1	1641413009699	-272.484	13.9123	1.70009	0.96188	0.264964	0.00322248	-0.0676047	img_Drone1_3_7_1641413014739247000.png;img_Drone1_3_0_1641413014739397000.png
Drone1	1641413010137	-271.329	16.4368	2.87325	0.982912	0.167613	-0.0160075	-0.0743895	img_Drone1_3_7_1641413015184560000.png;img_Drone1_3_0_1641413015184688000.png
Drone1	1641413010683	-269.774	20.2084	4.75644	0.992541	0.0842204	-0.0368876	-0.0800535	img_Drone1_3_7_1641413015749173000.png;img_Drone1_3_0_1641413015749298000.png
Drone1	1641413011268	-267.837	24.6496	6.67974	0.993606	0.0358752	-0.0658897	-0.0843741	img_Drone1_3_7_1641413016334498000.png;img_Drone1_3_0_1641413016335035000.png
Drone1	1641413011709	-266.079	28.0553	7.91213	0.991996	0.00624409	-0.091102	-0.0872044	img_Drone1_3_7_1641413016811033000.png;img_Drone1_3_0_1641413016811193000.png
Drone1	1641413012252	-263.414	32.1007	9.1278	0.989511	-0.0272	-0.109354	-0.0903841	img_Drone1_3_7_1641413017359782000.png;img_Drone1_3_0_1641413017359914000.png
Drone1	1641413012744	-260.493	35.4797	10.0659	0.991031	-0.0313945	-0.0920971	-0.0916019	img_Drone1_3_7_1641413017856718000.png;img_Drone1_3_0_1641413017856843000.png
Drone1	1641413013290	-256.837	38.9197	11.1238	0.994318	-0.00841588	-0.0544217	-0.0910954	img_Drone1_3_7_1641413018402491000.png;img_Drone1_3_0_1641413018402634000.png
Drone1	1641413013821	-253.058	42.0965	12.1468	0.99553	0.018901	-0.0211552	-0.0900851	img_Drone1_3_7_1641413018933379000.png;img_Drone1_3_0_1641413018933499000.png
Drone1	1641413014220	-250.18	44.4762	12.8809	0.995406	0.03407	-0.00255731	-0.0894398	img_Drone1_3_7_1641413019333528000.png;img_Drone1_3_0_1641413019333657000.png
Drone1	1641413014601	-247.457	46.7966	13.5576	0.995128	0.0415212	0.00816456	-0.0890478	img_Drone1_3_7_1641413019733628000.png;img_Drone1_3_0_1641413019733759000.png
Drone1	1641413015357	-242.213	51.5999	14.8871	0.99533	0.0366273	0.00579436	-0.0891203	img_Drone1_3_7_1641413020524449000.png;img_Drone1_3_0_1641413020524587000.png
Drone1	1641413015867	-238.802	54.9573	15.7919	0.995599	0.0274562	-0.00467466	-0.0894815	img_Drone1_3_7_1641413021053068000.png;img_Drone1_3_0_1641413021053199000.png
Drone1	1641413016263	-236.143	57.5922	16.4941	0.995668	0.0209377	-0.0124281	-0.0897386	img_Drone1_3_7_1641413021475321000.png;img_Drone1_3_0_1641413021475450000.png
Drone1	1641413016764	-232.8	60.924	17.378	0.995651	0.0155174	-0.0186774	-0.0899418	img_Drone1_3_7_1641413021981218000.png;img_Drone1_3_0_1641413021981353000.png
Drone1	1641413017358	-228.797	64.8383	18.422	0.995644	0.0141641	-0.0198758	-0.0899874	img_Drone1_3_7_1641413022577152000.png;img_Drone1_3_0_1641413022577278000.png
Drone1	1641413017769	-225.999	67.5192	19.1441	0.995664	0.0157645	-0.0178103	-0.0899285	img_Drone1_3_7_1641413022991321000.png;img_Drone1_3_0_1641413022991447000.png
Drone1	1641413018402	-221.66	71.6197	20.2561	0.99568	0.0195359	-0.0132847	-0.0897921	img_Drone1_3_7_1641413023630847000.png;img_Drone1_3_0_1641413023630977000.png
Drone1	1641413018828	-218.735	74.374	21.004	0.995675	0.0214852	-0.0109645	-0.089721	img_Drone1_3_7_1641413024067757000.png;img_Drone1_3_0_1641413024067886000.png
Drone1	1641413019281	-215.629	77.3083	21.7992	0.995669	0.0224719	-0.00977345	-0.0896843	img_Drone1_3_7_1641413024520227000.png;img_Drone1_3_0_1641413024520357000.png
Drone1	1641413019839	-211.815	80.9355	22.7789	0.99567	0.0222614	-0.0100076	-0.0896921	img_Drone1_3_7_1641413025080527000.png;img_Drone1_3_0_1641413025080657000.png
Drone1	1641413020385	-208.094	84.4966	23.7379	0.995676	0.0212654	-0.011195	-0.089729	img_Drone1_3_7_1641413025651514000.png;img_Drone1_3_0_1641413025651660000.png
Drone1	1641413020934	-204.358	88.0827	24.7022	0.99568	0.0202762	-0.012376	-0.0897653	img_Drone1_3_7_1641413026208803000.png;img_Drone1_3_0_1641413026208982000.png
Drone1	1641413021345	-201.561	90.767	25.424	0.99568	0.0198362	-0.0128965	-0.0897817	img_Drone1_3_7_1641413026643669000.png;img_Drone1_3_0_1641413026643794000.png
Drone1	1641413021768	-198.681	93.5274	26.1668	0.995681	0.0196808	-0.0130772	-0.0897873	img_Drone1_3_7_1641413027135261000.png;img_Drone1_3_0_1641413027135394000.png
Drone1	1641413022296	-195.082	96.9692	27.094	0.995681	0.0198434	-0.0128816	-0.0897813	img_Drone1_3_7_1641413027732940000.png;img_Drone1_3_0_1641413027733062000.png
Drone1	1641413022761	-191.909	99.9977	27.9104	0.99568	0.0201355	-0.012535	-0.0897708	img_Drone1_3_7_1641413028244400000.png;img_Drone1_3_0_1641413028244530000.png
Drone1	1641413023400	-187.548	104.158	29.0324	0.995679	0.0205199	-0.012081	-0.0897572	img_Drone1_3_7_1641413028945119000.png;img_Drone1_3_0_1641413028945240000.png
Drone1	1641413023748	-185.173	106.424	29.6435	0.995679	0.020632	-0.01195	-0.0897531	img_Drone1_3_7_1641413029336407000.png;img_Drone1_3_0_1641413029336536000.png
Drone1	1641413024480	-180.18	111.193	30.9288	0.995679	0.0205739	-0.0120247	-0.0897559	img_Drone1_3_7_1641413030135124000.png;img_Drone1_3_0_1641413030135268000.png
Drone1	1641413024948	-176.989	114.243	31.7506	0.995679	0.0204922	-0.012125	-0.0897594	img_Drone1_3_7_1641413030605008000.png;img_Drone1_3_0_1641413030605135000.png
Drone1	1641413025431	-173.697	117.391	32.5988	0.995679	0.020352	-0.012296	-0.0897644	img_Drone1_3_7_1641413031115567000.png;img_Drone1_3_0_1641413031115692000.png
Drone1	1641413025944	-170.2	120.734	33.4995	0.995679	0.0202708	-0.0123939	-0.0897675	img_Drone1_3_7_1641413031638303000.png;img_Drone1_3_0_1641413031638440000.png
Drone1	1641413026412	-167.008	123.784	34.3212	0.995679	0.0203349	-0.0123191	-0.0897649	img_Drone1_3_7_1641413032131883000.png;img_Drone1_3_0_1641413032132026000.png
Drone1	1641413026994	-163.038	127.576	35.3433	0.995679	0.020405	-0.0122398	-0.0897624	img_Drone1_3_7_1641413032733004000.png;img_Drone1_3_0_1641413032733137000.png
Drone1	1641413027453	-159.907	130.566	36.1492	0.995679	0.0204334	-0.0122082	-0.0897617	img_Drone1_3_7_1641413033202339000.png;img_Drone1_3_0_1641413033202462000.png
Drone1	1641413028104	-155.467	134.808	37.2924	0.995679	0.0204543	-0.0121884	-0.0897617	img_Drone1_3_7_1641413033855886000.png;img_Drone1_3_0_1641413033856015000.png
Drone1	1641413028599	-152.091	138.033	38.1615	0.995679	0.0204627	-0.0121811	-0.0897617	img_Drone1_3_7_1641413034363760000.png;img_Drone1_3_0_1641413034363884000.png
Drone1	1641413029055	-148.982	141.004	38.9622	0.995679	0.0204468	-0.012203	-0.0897625	img_Drone1_3_7_1641413034820785000.png;img_Drone1_3_0_1641413034820913000.png
Drone1	1641413029451	-146.283	143.584	39.6573	0.995679	0.020387	-0.012276	-0.0897653	img_Drone1_3_7_1641413035223044000.png;img_Drone1_3_0_1641413035223170000.png
Drone1	1641413029940	-142.949	146.77	40.5156	0.995679	0.0203436	-0.0123295	-0.0897669	img_Drone1_3_7_1641413035746667000.png;img_Drone1_3_0_1641413035746792000.png
Drone1	1641413030477	-139.287	150.269	41.4585	0.995679	0.0203994	-0.012266	-0.089765	img_Drone1_3_7_1641413036337626000.png;img_Drone1_3_0_1641413036337755000.png
Drone1	1641413031122	-134.887	154.472	42.5911	0.995678	0.0204468	-0.0122145	-0.0897638	img_Drone1_3_7_1641413037027640000.png;img_Drone1_3_0_1641413037027768000.png
Drone1	1641413031557	-131.92	157.306	43.355	0.995678	0.0204645	-0.0121975	-0.0897636	img_Drone1_3_7_1641413037528282000.png;img_Drone1_3_0_1641413037528409000.png
Drone1	1641413031950	-129.241	159.867	44.0449	0.995678	0.0204362	-0.0122327	-0.0897648	img_Drone1_3_7_1641413037965642000.png;img_Drone1_3_0_1641413037965773000.png
Drone1	1641413032496	-125.519	163.424	45.0034	0.995678	0.0203861	-0.0122944	-0.0897668	img_Drone1_3_7_1641413038535042000.png;img_Drone1_3_0_1641413038535192000.png
Drone1	1641413033117	-121.285	167.47	46.0936	0.995678	0.0203869	-0.0122964	-0.0897667	img_Drone1_3_7_1641413039158731000.png;img_Drone1_3_0_1641413039158878000.png
Drone1	1641413033762	-116.887	171.673	47.226	0.995678	0.0203895	-0.0122979	-0.0897667	img_Drone1_3_7_1641413039859460000.png;img_Drone1_3_0_1641413039859593000.png
Drone1	1641413034206	-113.86	174.566	48.0054	0.995678	0.0203911	-0.0122982	-0.0897666	img_Drone1_3_7_1641413040307308000.png;img_Drone1_3_0_1641413040307441000.png
Drone1	1641413034827	-109.625	178.612	49.0958	0.995678	0.0204037	-0.0122844	-0.0897662	img_Drone1_3_7_1641413040930475000.png;img_Drone1_3_0_1641413040930606000.png
Drone1	1641413035295	-106.433	181.661	49.9176	0.995678	0.0204404	-0.0122435	-0.0897651	img_Drone1_3_7_1641413041410439000.png;img_Drone1_3_0_1641413041410580000.png
Drone1	1641413035682	-103.794	184.182	50.5971	0.995678	0.020459	-0.0122251	-0.0897645	img_Drone1_3_7_1641413041800401000.png;img_Drone1_3_0_1641413041800538000.png
Drone1	1641413036219	-100.133	187.681	51.5398	0.995678	0.0204318	-0.0122604	-0.0897657	img_Drone1_3_7_1641413042382100000.png;img_Drone1_3_0_1641413042382232000.png
Drone1	1641413036831	-95.9601	191.669	52.6143	0.995678	0.0204119	-0.0122866	-0.089766	img_Drone1_3_7_1641413043031553000.png;img_Drone1_3_0_1641413043031679000.png
Drone1	1641413037329	-92.5647	194.913	53.4886	0.995678	0.020405	-0.012297	-0.089766	img_Drone1_3_7_1641413043532540000.png;img_Drone1_3_0_1641413043532667000.png
Drone1	1641413037824	-89.1887	198.139	54.3577	0.995678	0.0204245	-0.0122768	-0.0897655	img_Drone1_3_7_1641413044028720000.png;img_Drone1_3_0_1641413044029555000.png
Drone1	1641413038289	-86.0171	201.168	55.1742	0.995678	0.0204592	-0.0122383	-0.0897643	img_Drone1_3_7_1641413044501874000.png;img_Drone1_3_0_1641413044501994000.png
Drone1	1641413038772	-82.7444	204.315	56.0223	0.995678	0.0204477	-0.0122555	-0.0897648	img_Drone1_3_7_1641413045005510000.png;img_Drone1_3_0_1641413045005657000.png
Drone1	1641413039288	-79.2058	207.677	56.9281	0.995678	0.020427	-0.0122829	-0.0897654	img_Drone1_3_7_1641413045528454000.png;img_Drone1_3_0_1641413045528585000.png
Drone1	1641413039640	-76.8126	209.964	57.5443	0.995678	0.0204186	-0.0122941	-0.0897654	img_Drone1_3_7_1641413045922093000.png;img_Drone1_3_0_1641413045922228000.png
Drone1	1641413040243	-72.7009	213.893	58.603	0.995678	0.0204176	-0.0122978	-0.0897653	img_Drone1_3_7_1641413046582252000.png;img_Drone1_3_0_1641413046582388000.png
Drone1	1641413041020	-67.4015	218.956	59.9674	0.995678	0.020469	-0.0122427	-0.0897636	img_Drone1_3_7_1641413047363952000.png;img_Drone1_3_0_1641413047364083000.png
Drone1	1641413041530	-63.9242	222.279	60.8628	0.995678	0.0204488	-0.0122696	-0.0897643	img_Drone1_3_7_1641413047879701000.png;img_Drone1_3_0_1641413047879837000.png
Drone1	1641413042076	-60.2008	225.836	61.8214	0.995678	0.0204486	-0.0122721	-0.0897644	img_Drone1_3_7_1641413048437082000.png;img_Drone1_3_0_1641413048437215000.png
Drone1	1641413042622	-56.4774	229.393	62.7801	0.995677	0.0204566	-0.0122662	-0.0897643	img_Drone1_3_7_1641413048977422000.png;img_Drone1_3_0_1641413048978186000.png
Drone1	1641413043042	-53.6133	232.13	63.5174	0.995677	0.0204609	-0.0122645	-0.0897643	img_Drone1_3_7_1641413049405770000.png;img_Drone1_3_0_1641413049405905000.png
Drone1	1641413043471	-50.6879	234.925	64.2705	0.995677	0.0204623	-0.0122647	-0.0897642	img_Drone1_3_7_1641413049849538000.png;img_Drone1_3_0_1641413049849672000.png
Drone1	1641413044224	-45.5539	239.831	65.5923	0.995677	0.0204367	-0.0122966	-0.0897642	img_Drone1_3_7_1641413050638444000.png;img_Drone1_3_0_1641413050638578000.png
Drone1	1641413044647	-42.6696	242.587	66.335	0.995677	0.020433	-0.0123042	-0.0897642	img_Drone1_3_7_1641413051065028000.png;img_Drone1_3_0_1641413051065156000.png
Drone1	1641413045238	-38.6393	246.438	67.3726	0.995677	0.0204526	-0.0122862	-0.0897642	img_Drone1_3_7_1641413051659809000.png;img_Drone1_3_0_1641413051660079000.png
Drone1	1641413045715	-35.3865	249.546	68.2102	0.995677	0.0204631	-0.0122764	-0.0897642	img_Drone1_3_7_1641413052132050000.png;img_Drone1_3_0_1641413052134130000.png
Drone1	1641413046342	-31.1108	253.631	69.3111	0.995677	0.0204695	-0.0122727	-0.0897641	img_Drone1_3_7_1641413052798094000.png;img_Drone1_3_0_1641413052798223000.png
Drone1	1641413046876	-27.4696	257.11	70.2485	0.995677	0.0204753	-0.0122699	-0.0897638	img_Drone1_3_7_1641413053372258000.png;img_Drone1_3_0_1641413053372388000.png
Drone1	1641413047248	-24.933	259.531	70.9013	0.995677	0.0205347	-0.0122023	-0.0897612	img_Drone1_3_7_1641413053774099000.png;img_Drone1_3_0_1641413053774223000.png
Drone1	1641413047713	-21.7627	262.56	71.7174	0.995677	0.0205742	-0.0121588	-0.0897598	img_Drone1_3_7_1641413054302080000.png;img_Drone1_3_0_1641413054302220000.png
Drone1	1641413048217	-18.327	265.846	72.6026	0.995677	0.0204243	-0.012338	-0.0897651	img_Drone1_3_7_1641413054841766000.png;img_Drone1_3_0_1641413054841902000.png
Drone1	1641413048772	-14.5433	269.463	73.577	0.995677	0.0203586	-0.0124194	-0.0897676	img_Drone1_3_7_1641413055426163000.png;img_Drone1_3_0_1641413055426289000.png
Drone1	1641413049192	-11.6795	272.197	74.314	0.995677	0.0204672	-0.0122928	-0.0897636	img_Drone1_3_7_1641413055859535000.png;img_Drone1_3_0_1641413055859652000.png
Drone1	1641413049657	-8.50886	275.224	75.1301	0.995677	0.0205592	-0.0121876	-0.0897603	img_Drone1_3_7_1641413056342243000.png;img_Drone1_3_0_1641413056342377000.png
Drone1	1641413050332	-3.90707	279.622	76.315	0.995677	0.020536	-0.0122189	-0.0897613	img_Drone1_3_7_1641413057044060000.png;img_Drone1_3_0_1641413057044187000.png
Drone1	1641413050707	-1.35081	282.067	76.9735	0.995677	0.0204114	-0.0123672	-0.0897661	img_Drone1_3_7_1641413057455591000.png;img_Drone1_3_0_1641413057455718000.png
Drone1	1641413051322	2.84194	286.074	78.0532	0.995677	0.0203875	-0.0123995	-0.089767	img_Drone1_3_7_1641413058076768000.png;img_Drone1_3_0_1641413058076895000.png
Drone1	1641413051751	5.76698	288.868	78.8004	0.995669	0.0219723	-0.0106133	-0.0897097	img_Drone1_3_7_1641413058513777000.png;img_Drone1_3_0_1641413058513908000.png
Drone1	1641413052186	8.68559	291.699	78.9418	0.96508	-0.166248	0.187943	-0.0752299	img_Drone1_3_7_1641413058953201000.png;img_Drone1_3_0_1641413058953328000.png
Drone1	1641413052777	10.989	294.138	77.7013	0.961857	-0.200912	0.176559	-0.0573837	img_Drone1_3_7_1641413059559596000.png;img_Drone1_3_0_1641413059559729000.png
Drone1	1641413053245	11.3261	294.583	75.7643	0.983193	-0.135186	0.109333	-0.0557028	img_Drone1_3_7_1641413060043409000.png;img_Drone1_3_0_1641413060043537000.png
Drone1	1641413053779	11.0527	294.373	73.6303	0.995038	-0.0674194	0.0484078	-0.0548694	img_Drone1_3_7_1641413060589674000.png;img_Drone1_3_0_1641413060589806000.png
Drone1	1641413054178	10.6548	293.981	72.2042	0.997569	-0.0361367	0.0237017	-0.0546607	img_Drone1_3_7_1641413061052103000.png;img_Drone1_3_0_1641413061052237000.png
Drone1	1641413054844	9.83563	293.114	69.868	0.998481	-0.00750039	0.00256823	-0.0545203	img_Drone1_3_7_1641413061768909000.png;img_Drone1_3_0_1641413061769032000.png
Drone1	1641413055258	9.30331	292.531	68.386	0.998494	0.00350051	-0.00544231	-0.0544711	img_Drone1_3_7_1641413062187597000.png;img_Drone1_3_0_1641413062187736000.png
Drone1	1641413055636	8.83486	292.009	66.991	0.998361	0.0127095	-0.0122818	-0.0544283	img_Drone1_3_7_1641413062626584000.png;img_Drone1_3_0_1641413062626718000.png
Drone1	1641413056185	8.23107	291.326	64.8683	0.997806	0.0288036	-0.0244866	-0.0543416	img_Drone1_3_7_1641413063177126000.png;img_Drone1_3_0_1641413063177255000.png
Drone1	1641413056761	7.77573	290.799	62.5196	0.996535	0.0491025	-0.0396405	-0.054184	img_Drone1_3_7_1641413063759348000.png;img_Drone1_3_0_1641413063759479000.png
Drone1	1641413057229	7.59978	290.586	60.5947	0.996737	0.0471746	-0.0368827	-0.0541212	img_Drone1_3_7_1641413064231271000.png;img_Drone1_3_0_1641413064231403000.png
Drone1	1641413057652	7.58272	290.557	58.8922	0.997702	0.0324779	-0.0246429	-0.0541233	img_Drone1_3_7_1641413064665979000.png;img_Drone1_3_0_1641413064667750000.png
Drone1	1641413058144	7.6747	290.654	56.9399	0.998407	0.0130496	-0.00919285	-0.0541106	img_Drone1_3_7_1641413065159978000.png;img_Drone1_3_0_1641413065160098000.png
Drone1	1641413058696	7.83229	290.832	54.7472	0.998513	-0.0050948	0.00475552	-0.0540735	img_Drone1_3_7_1641413065714228000.png;img_Drone1_3_0_1641413065714349000.png
Drone1	1641413059212	7.95666	290.978	52.6834	0.998346	-0.0153099	0.0122952	-0.0540405	img_Drone1_3_7_1641413066229741000.png;img_Drone1_3_0_1641413066229863000.png
Drone1	1641413059815	8.01945	291.055	50.2691	0.998363	-0.0148916	0.0114475	-0.0540289	img_Drone1_3_7_1641413066842558000.png;img_Drone1_3_0_1641413066842692000.png
Drone1	1641413060283	8.00834	291.045	48.4005	0.998481	-0.00869007	0.00642762	-0.054029	img_Drone1_3_7_1641413067313077000.png;img_Drone1_3_0_1641413067313201000.png
Drone1	1641413060664	7.9763	291.01	46.8807	0.998533	-0.00293277	0.00192875	-0.0540267	img_Drone1_3_7_1641413067694915000.png;img_Drone1_3_0_1641413067695040000.png
Drone1	1641413061270	7.91718	290.943	44.4617	0.998526	0.00395891	-0.00335109	-0.0540202	img_Drone1_3_7_1641413068299386000.png;img_Drone1_3_0_1641413068299512000.png
Drone1	1641413061720	7.88698	290.907	42.6644	0.998511	0.00598523	-0.00473783	-0.0540169	img_Drone1_3_7_1641413068749800000.png;img_Drone1_3_0_1641413068749928000.png
Drone1	1641413062350	7.87677	290.893	40.1484	0.998524	0.00446738	-0.00334704	-0.0540159	img_Drone1_3_7_1641413069435722000.png;img_Drone1_3_0_1641413069435851000.png
Drone1	1641413062920	7.89142	290.908	37.8726	0.998539	0.00125187	-0.000800325	-0.0540155	img_Drone1_3_7_1641413070136843000.png;img_Drone1_3_0_1641413070136975000.png
Drone1	1641413063412	7.90941	290.928	35.9082	0.998539	-0.0010587	0.000966969	-0.0540146	img_Drone1_3_7_1641413070655805000.png;img_Drone1_3_0_1641413070655930000.png
Drone1	1641413063946	7.92381	290.946	33.7761	0.998536	-0.00221816	0.00176009	-0.0540138	img_Drone1_3_7_1641413071277124000.png;img_Drone1_3_0_1641413071277250000.png
Drone1	1641413064642	7.92782	290.952	30.9971	0.998538	-0.00160427	0.00119003	-0.0540137	img_Drone1_3_7_1641413072125298000.png;img_Drone1_3_0_1641413072125424000.png
Drone1	1641413065128	7.92303	290.947	29.0567	0.99854	-0.00056764	0.000360365	-0.0540138	img_Drone1_3_7_1641413072626572000.png;img_Drone1_3_0_1641413072626693000.png
Drone1	1641413065746	7.91469	290.936	26.5892	0.99854	0.000599417	-0.000449814	-0.0540136	img_Drone1_3_7_1641413073246806000.png;img_Drone1_3_0_1641413073246945000.png
Drone1	1641413066031	7.91168	290.933	25.4512	0.99854	0.000791948	-0.00062602	-0.0540136	img_Drone1_3_7_1641413073566194000.png;img_Drone1_3_0_1641413073566327000.png
Drone1	1641413066616	7.90886	290.93	23.1155	0.99854	0.000767766	-0.000585786	-0.0540136	img_Drone1_3_7_1641413074195366000.png;img_Drone1_3_0_1641413074195497000.png
Drone1	1641413067009	7.90934	290.93	21.5464	0.99854	0.000483218	-0.000367732	-0.0540136	img_Drone1_3_7_1641413074596094000.png;img_Drone1_3_0_1641413074596229000.png
Drone1	1641413067711	7.91263	290.935	18.7435	0.99854	-0.000104684	6.06996e-05	-0.0540137	img_Drone1_3_7_1641413075334020000.png;img_Drone1_3_0_1641413075334157000.png
Drone1	1641413068020	7.91414	290.938	17.5097	0.99854	-0.000373032	0.000176363	-0.0540137	img_Drone1_3_7_1641413075660932000.png;img_Drone1_3_0_1641413075661059000.png
Drone1	1641413068647	7.91598	290.938	15.0063	0.99854	-0.000283116	0.000247581	-0.0540137	img_Drone1_3_7_1641413076298876000.png;img_Drone1_3_0_1641413076299048000.png
Drone1	1641413069082	7.9161	290.938	13.2695	0.99854	-0.00015849	0.000179636	-0.0540137	img_Drone1_3_7_1641413076738685000.png;img_Drone1_3_0_1641413076738868000.png
Drone1	1641413069658	7.91528	290.938	10.9697	0.99854	-6.66464e-05	3.48006e-05	-0.0540137	img_Drone1_3_7_1641413077314078000.png;img_Drone1_3_0_1641413077314213000.png
Drone1	1641413070132	7.91435	290.938	9.07712	0.99854	-2.92182e-05	-6.05032e-05	-0.0540137	img_Drone1_3_7_1641413077800135000.png;img_Drone1_3_0_1641413077800259000.png
Drone1	1641413070669	7.9136	290.938	6.93303	0.99854	-9.40431e-06	-0.000102203	-0.0540137	img_Drone1_3_7_1641413078338731000.png;img_Drone1_3_0_1641413078339024000.png
Drone1	1641413071062	7.9134	290.938	5.36389	0.99854	-3.43085e-06	-9.04754e-05	-0.0540137	img_Drone1_3_7_1641413078735129000.png;img_Drone1_3_0_1641413078735272000.png
Drone1	1641413071740	7.91362	290.938	2.65683	0.99854	-1.52331e-06	-2.85292e-05	-0.0540137	img_Drone1_3_7_1641413079430219000.png;img_Drone1_3_0_1641413079430340000.png
Drone1	1641413072031	7.91384	290.938	1.49495	0.99854	-1.93506e-06	-1.21557e-06	-0.0540137	img_Drone1_3_7_1641413079732901000.png;img_Drone1_3_0_1641413079733021000.png
Drone1	1641413072784	7.91432	290.938	-1.51156	0.99854	-2.63115e-06	3.77377e-05	-0.0540137	img_Drone1_3_7_1641413080518037000.png;img_Drone1_3_0_1641413080518163000.png
Drone1	1641413073087	7.91441	290.938	-2.72135	0.99854	-2.57446e-06	3.7743e-05	-0.0540137	img_Drone1_3_7_1641413080820128000.png;img_Drone1_3_0_1641413080820254000.png
Drone1	1641413073747	7.9144	290.938	-5.24387	0.997596	0.0311384	-0.0303807	-0.0539342	img_Drone1_3_7_1641413081550793000.png;img_Drone1_3_0_1641413081550918000.png
Drone1	1641413074605	10.0145	292.507	-7.65911	0.922891	0.230919	-0.304132	-0.0495156	img_Drone1_3_7_1641413082619613000.png;img_Drone1_3_0_1641413082619749000.png
Drone1	1641413075067	13.0613	294.71	-8.49632	0.947933	0.250676	-0.195671	-0.0172329	img_Drone1_3_7_1641413083137014000.png;img_Drone1_3_0_1641413083137169000.png
Drone1	1641413075703	17.979	299.046	-8.4973	0.957858	0.278156	0.0475794	0.0536136	img_Drone1_3_7_1641413083774860000.png;img_Drone1_3_0_1641413083775003000.png
Drone1	1641413076099	20.8661	302.688	-8.12746	0.95398	0.273351	0.101933	0.0693571	img_Drone1_3_7_1641413084187666000.png;img_Drone1_3_0_1641413084187790000.png
Drone1	1641413076573	23.8708	307.786	-7.09515	0.954934	0.272974	0.0950406	0.0674827	img_Drone1_3_7_1641413084679407000.png;img_Drone1_3_0_1641413084679525000.png
Drone1	1641413077104	26.7063	314.401	-5.24027	0.957658	0.278138	0.0506356	0.0544692	img_Drone1_3_7_1641413085280064000.png;img_Drone1_3_0_1641413085280176000.png
Drone1	1641413077635	29.1913	321.982	-2.8055	0.958627	0.281926	-0.000732701	0.0393916	img_Drone1_3_7_1641413085817887000.png;img_Drone1_3_0_1641413085818018000.png
Drone1	1641413078169	31.61	330.565	0.0822406	0.957705	0.282484	-0.0486478	0.0252413	img_Drone1_3_7_1641413086401194000.png;img_Drone1_3_0_1641413086401322000.png
Drone1	1641413078676	34.0764	339.569	3.11087	0.955745	0.280646	-0.087185	0.0137088	img_Drone1_3_7_1641413086922118000.png;img_Drone1_3_0_1641413086922244000.png
Drone1	1641413079201	37.0236	349.71	6.43623	0.953559	0.277637	-0.116712	0.00471442	img_Drone1_3_7_1641413087461188000.png;img_Drone1_3_0_1641413087461526000.png
Drone1	1641413079672	40.1408	359.448	9.52509	0.952384	0.275379	-0.130889	0.000295499	img_Drone1_3_7_1641413087933315000.png;img_Drone1_3_0_1641413087933444000.png
Drone1	1641413080212	44.2987	371.189	13.2628	0.95323	0.272951	-0.129811	0.000269734	img_Drone1_3_7_1641413088478499000.png;img_Drone1_3_0_1641413088478628000.png
Drone1	1641413080950	50.9604	388.024	18.4031	0.972247	0.208782	-0.105561	-0.00182999	img_Drone1_3_7_1641413089242416000.png;img_Drone1_3_0_1641413089242551000.png
Drone1	1641413081415	55.6648	398.905	21.317	0.97648	0.199498	-0.081748	0.00221329	img_Drone1_3_7_1641413089756165000.png;img_Drone1_3_0_1641413089756304000.png
Drone1	1641413081835	60.0809	408.73	23.9242	0.977605	0.202099	-0.0582366	0.00722271	img_Drone1_3_7_1641413090190839000.png;img_Drone1_3_0_1641413090190967000.png
Drone1	1641413082270	64.7263	418.917	26.5825	0.977581	0.206674	-0.0385838	0.0115453	img_Drone1_3_7_1641413090633713000.png;img_Drone1_3_0_1641413090633860000.png
Drone1	1641413082888	71.3095	433.433	30.3057	0.977249	0.21004	-0.0257203	0.0143855	img_Drone1_3_7_1641413091254067000.png;img_Drone1_3_0_1641413091254201000.png
Drone1	1641413083263	75.2571	442.265	32.5528	0.977276	0.20992	-0.0256453	0.0143979	img_Drone1_3_7_1641413091640974000.png;img_Drone1_3_0_1641413091641107000.png
Drone1	1641413083773	80.5677	454.296	35.6067	0.977513	0.208218	-0.0306215	0.0132872	img_Drone1_3_7_1641413092220453000.png;img_Drone1_3_0_1641413092220582000.png
Drone1	1641413084319	86.209	467.187	38.8741	0.977765	0.206051	-0.0371223	0.0118368	img_Drone1_3_7_1641413092813415000.png;img_Drone1_3_0_1641413092813538000.png
Drone1	1641413084796	91.1303	478.449	41.7235	0.977879	0.204843	-0.0408773	0.0110002	img_Drone1_3_7_1641413093290563000.png;img_Drone1_3_0_1641413093290693000.png
Drone1	1641413085273	96.0623	489.707	44.5672	0.977898	0.204489	-0.0422494	0.010698	img_Drone1_3_7_1641413093774156000.png;img_Drone1_3_0_1641413093774310000.png
Drone1	1641413085777	101.291	501.595	47.5663	0.977847	0.204856	-0.0416118	0.0108467	img_Drone1_3_7_1641413094287084000.png;img_Drone1_3_0_1641413094287326000.png
Drone1	1641413086197	105.66	511.499	50.0623	0.977781	0.205409	-0.0403304	0.0111379	img_Drone1_3_7_1641413094714387000.png;img_Drone1_3_0_1641413094714510000.png
Drone1	1641413086777	111.69	525.151	53.501	0.977703	0.206067	-0.0387553	0.011495	img_Drone1_3_7_1641413095327292000.png;img_Drone1_3_0_1641413095327418000.png
Drone1	1641413087284	116.969	537.106	56.512	0.977664	0.206372	-0.0380501	0.0116552	img_Drone1_3_7_1641413095926120000.png;img_Drone1_3_0_1641413095926245000.png
Drone1	1641413087881	123.18	551.184	60.0582	0.977652	0.206436	-0.0380006	0.011668	img_Drone1_3_7_1641413096541048000.png;img_Drone1_3_0_1641413096541187000.png
Drone1	1641413088331	127.857	561.795	62.7316	0.977655	0.206381	-0.0382551	0.0116121	img_Drone1_3_7_1641413096996903000.png;img_Drone1_3_0_1641413096997035000.png
Drone1	1641413088877	133.529	574.669	65.9753	0.977662	0.206272	-0.0386904	0.0115161	img_Drone1_3_7_1641413097565722000.png;img_Drone1_3_0_1641413097565879000.png
Drone1	1641413089333	138.265	585.422	68.6844	0.977663	0.206217	-0.0389635	0.0114563	img_Drone1_3_7_1641413098029400000.png;img_Drone1_3_0_1641413098029523000.png
Drone1	1641413089843	143.562	597.447	71.7142	0.977659	0.206211	-0.0391198	0.0114231	img_Drone1_3_7_1641413098539992000.png;img_Drone1_3_0_1641413098540113000.png
Drone1	1641413090305	148.363	608.341	74.4588	0.977648	0.206263	-0.0390964	0.01143	img_Drone1_3_7_1641413099004802000.png;img_Drone1_3_0_1641413099004931000.png
Drone1	1641413090800	153.506	620.013	77.3995	0.977636	0.206335	-0.0390195	0.011449	img_Drone1_3_7_1641413099535500000.png;img_Drone1_3_0_1641413099535628000.png
Drone1	1641413091448	160.239	635.359	81.277	0.977063	0.210085	-0.0323012	0.0130091	img_Drone1_3_7_1641413100212606000.png;img_Drone1_3_0_1641413100212731000.png
Drone1	1641413091817	164.039	643.942	83.5866	0.969224	0.24106	0.0402713	0.0295585	img_Drone1_3_7_1641413100579492000.png;img_Drone1_3_0_1641413100579610000.png
Drone1	1641413092366	168.564	656.541	86.2805	0.925203	-0.229259	0.236839	0.18801	img_Drone1_3_7_1641413101184040000.png;img_Drone1_3_0_1641413101184226000.png
Drone1	1641413092858	169.874	664.278	85.1165	0.908135	-0.301353	0.191306	0.218815	img_Drone1_3_7_1641413101728631000.png;img_Drone1_3_0_1641413101728754000.png
Drone1	1641413093320	170.088	668.532	82.8288	0.912114	-0.303809	0.137274	0.238544	img_Drone1_3_7_1641413102203683000.png;img_Drone1_3_0_1641413102203809000.png
Drone1	1641413093710	169.972	670.348	80.422	0.914678	-0.300856	0.0841114	0.256467	img_Drone1_3_7_1641413102610920000.png;img_Drone1_3_0_1641413102611046000.png
Drone1	1641413094298	169.851	670.716	76.4655	0.91444	-0.289112	-0.000728174	0.28322	img_Drone1_3_7_1641413103220886000.png;img_Drone1_3_0_1641413103221017000.png
Drone1	1641413094841	170.1	669.719	73.7887	0.91133	-0.277342	-0.0546478	0.299287	img_Drone1_3_7_1641413103793949000.png;img_Drone1_3_0_1641413103794104000.png
Drone1	1641413095258	170.664	668.25	72.4729	0.909636	-0.271848	-0.0745872	0.305118	img_Drone1_3_7_1641413104216486000.png;img_Drone1_3_0_1641413104216612000.png
Drone1	1641413095903	172.279	664.903	71.6879	0.921731	-0.222876	-0.0648385	0.310701	img_Drone1_3_7_1641413104920644000.png;img_Drone1_3_0_1641413104920766000.png
Drone1	1641413096323	173.725	662.154	71.9523	0.937264	-0.139178	-0.043879	0.316609	img_Drone1_3_7_1641413105342460000.png;img_Drone1_3_0_1641413105342607000.png
Drone1	1641413096719	175.286	659.292	72.4637	0.942907	-0.0876641	-0.0339957	0.319508	img_Drone1_3_7_1641413105739079000.png;img_Drone1_3_0_1641413105739205000.png
Drone1	1641413097424	178.368	653.87	73.5113	0.945407	-0.046241	-0.0284575	0.321336	img_Drone1_3_7_1641413106444246000.png;img_Drone1_3_0_1641413106444387000.png
Drone1	1641413098057	181.353	648.89	74.3908	0.945664	-0.0326662	-0.0314419	0.32197	img_Drone1_3_7_1641413107087555000.png;img_Drone1_3_0_1641413107087681000.png
Drone1	1641413098480	183.45	645.568	74.8975	0.94554	-0.0275397	-0.0365452	0.322274	img_Drone1_3_7_1641413107515055000.png;img_Drone1_3_0_1641413107515201000.png
Drone1	1641413099086	186.624	640.878	75.4497	0.94502	-0.0202971	-0.0486836	0.322732	img_Drone1_3_7_1641413108165868000.png;img_Drone1_3_0_1641413108166006000.png
Drone1	1641413099539	189.171	637.47	75.6593	0.944273	-0.0117196	-0.0612352	0.323206	img_Drone1_3_7_1641413108621043000.png;img_Drone1_3_0_1641413108621187000.png
Drone1	1641413099929	191.532	634.649	75.5818	0.942995	1.70901e-05	-0.0772009	0.32373	img_Drone1_3_7_1641413109012257000.png;img_Drone1_3_0_1641413109012378000.png
Drone1	1641413100415	194.71	631.355	75.4296	0.940542	0.020216	-0.0979534	0.324618	img_Drone1_3_7_1641413109501189000.png;img_Drone1_3_0_1641413109501316000.png
Drone1	1641413101000	199.024	627.912	74.6619	0.940627	0.0336226	-0.086998	0.326382	img_Drone1_3_7_1641413110124692000.png;img_Drone1_3_0_1641413110124839000.png
Drone1	1641413101639	204.169	624.791	73.5208	0.943551	0.0135334	-0.0513279	0.326947	img_Drone1_3_7_1641413110781028000.png;img_Drone1_3_0_1641413110781204000.png
Drone1	1641413102029	207.425	623.102	72.7695	0.944723	-0.00631605	-0.0274385	0.326659	img_Drone1_3_7_1641413111178091000.png;img_Drone1_3_0_1641413111178247000.png
Drone1	1641413102428	210.786	621.438	71.9543	0.944983	-0.0244189	-0.00716744	0.326128	img_Drone1_3_7_1641413111603661000.png;img_Drone1_3_0_1641413111603787000.png
Drone1	1641413102920	214.907	619.362	70.893	0.944709	-0.0383246	0.00833427	0.325556	img_Drone1_3_7_1641413112183716000.png;img_Drone1_3_0_1641413112183842000.png
Drone1	1641413103517	219.816	616.706	69.5676	0.944654	-0.0397302	0.00944951	0.325515	img_Drone1_3_7_1641413112806620000.png;img_Drone1_3_0_1641413112806748000.png
Drone1	1641413103931	223.156	614.77	68.6485	0.944805	-0.0344098	0.00244301	0.325811	img_Drone1_3_7_1641413113261166000.png;img_Drone1_3_0_1641413113261634000.png
Drone1	1641413104558	228.155	611.752	67.26	0.944894	-0.0245459	-0.0103826	0.32629	img_Drone1_3_7_1641413113889269000.png;img_Drone1_3_0_1641413113889394000.png
Drone1	1641413104954	231.301	609.835	66.381	0.944853	-0.0199939	-0.0162405	0.326481	img_Drone1_3_7_1641413114302422000.png;img_Drone1_3_0_1641413114302567000.png
Drone1	1641413105440	235.174	607.504	65.2993	0.944808	-0.0174535	-0.0194887	0.326579	img_Drone1_3_7_1641413114793797000.png;img_Drone1_3_0_1641413114793920000.png
Drone1	1641413106091	240.395	604.441	63.8476	0.944831	-0.0188869	-0.0178226	0.326528	img_Drone1_3_7_1641413115472227000.png;img_Drone1_3_0_1641413115472481000.png
Drone1	1641413106643	244.846	601.884	62.6158	0.944868	-0.0220633	-0.0140244	0.326406	img_Drone1_3_7_1641413116032108000.png;img_Drone1_3_0_1641413116032233000.png
Drone1	1641413107009	247.803	600.193	61.7984	0.944879	-0.0238396	-0.0118786	0.326334	img_Drone1_3_7_1641413116414704000.png;img_Drone1_3_0_1641413116414829000.png
Drone1	1641413107591	252.501	597.505	60.498	0.944883	-0.0253781	-0.0100104	0.32627	img_Drone1_3_7_1641413117000449000.png;img_Drone1_3_0_1641413117000575000.png
Drone1	1641413108392	258.953	593.778	58.7085	0.944882	-0.0250314	-0.010425	0.326285	img_Drone1_3_7_1641413117810615000.png;img_Drone1_3_0_1641413117810741000.png
Drone1	1641413109019	263.991	590.844	57.3085	0.944879	-0.0238876	-0.0118161	0.326334	img_Drone1_3_7_1641413118444028000.png;img_Drone1_3_0_1641413118444162000.png
Drone1	1641413109679	269.295	587.756	55.8348	0.944875	-0.0232728	-0.0125784	0.326362	img_Drone1_3_7_1641413119105032000.png;img_Drone1_3_0_1641413119105485000.png
Drone1	1641413110228	273.707	585.187	54.6089	0.944874	-0.0230578	-0.0128416	0.326369	img_Drone1_3_7_1641413119693480000.png;img_Drone1_3_0_1641413119693611000.png
Drone1	1641413110747	277.878	582.758	53.4501	0.944873	-0.0229548	-0.0129571	0.326373	img_Drone1_3_7_1641413120220090000.png;img_Drone1_3_0_1641413120220217000.png
Drone1	1641413111233	281.787	580.488	52.365	0.944874	-0.0230273	-0.0128523	0.326369	img_Drone1_3_7_1641413120719846000.png;img_Drone1_3_0_1641413120719963000.png
Drone1	1641413111749	285.939	578.084	51.2128	0.944877	-0.0234917	-0.0122898	0.32635	img_Drone1_3_7_1641413121234161000.png;img_Drone1_3_0_1641413121234316000.png
Drone1	1641413112163	289.271	576.155	50.2884	0.944878	-0.0237248	-0.0120048	0.326341	img_Drone1_3_7_1641413121649958000.png;img_Drone1_3_0_1641413121650093000.png
Drone1	1641413112589	292.698	574.17	49.3372	0.944878	-0.023857	-0.0118417	0.326337	img_Drone1_3_7_1641413122090482000.png;img_Drone1_3_0_1641413122090610000.png
Drone1	1641413113069	296.561	571.927	48.2652	0.944878	-0.0237258	-0.0119809	0.326342	img_Drone1_3_7_1641413122585420000.png;img_Drone1_3_0_1641413122585551000.png
Drone1	1641413113606	300.876	569.414	47.0658	0.944875	-0.0233024	-0.0124935	0.326362	img_Drone1_3_7_1641413123120697000.png;img_Drone1_3_0_1641413123120813000.png
Drone1	1641413114125	305.051	566.987	45.9067	0.944874	-0.0231362	-0.0126776	0.326369	img_Drone1_3_7_1641413123638886000.png;img_Drone1_3_0_1641413123639022000.png
Drone1	1641413114776	310.29	563.954	44.4527	0.944877	-0.0235868	-0.0121553	0.32635	img_Drone1_3_7_1641413124336301000.png;img_Drone1_3_0_1641413124336428000.png
Drone1	1641413115148	313.283	562.221	43.6221	0.944877	-0.02376	-0.0119442	0.326343	img_Drone1_3_7_1641413124728258000.png;img_Drone1_3_0_1641413124728372000.png
Drone1	1641413115574	316.711	560.231	42.6706	0.944877	-0.0237341	-0.011961	0.326345	img_Drone1_3_7_1641413125163803000.png;img_Drone1_3_0_1641413125163929000.png
Drone1	1641413116231	321.994	557.156	41.2028	0.944875	-0.0232923	-0.0124862	0.326364	img_Drone1_3_7_1641413125829944000.png;img_Drone1_3_0_1641413125830077000.png
Drone1	1641413116639	325.277	555.247	40.2913	0.944874	-0.0231695	-0.0126241	0.326369	img_Drone1_3_7_1641413126240198000.png;img_Drone1_3_0_1641413126240331000.png
Drone1	1641413117029	328.415	553.43	39.42	0.944875	-0.0233719	-0.0123928	0.32636	img_Drone1_3_7_1641413126649609000.png;img_Drone1_3_0_1641413126649737000.png
Drone1	1641413117902	335.44	549.361	37.4705	0.944877	-0.0237841	-0.0118937	0.326345	img_Drone1_3_7_1641413127535941000.png;img_Drone1_3_0_1641413127536085000.png
Drone1	1641413118388	339.35	547.086	36.3848	0.944876	-0.0235021	-0.0122097	0.326357	img_Drone1_3_7_1641413128024995000.png;img_Drone1_3_0_1641413128025106000.png
Drone1	1641413118814	342.778	545.093	35.433	0.944875	-0.0233012	-0.0124384	0.326364	img_Drone1_3_7_1641413128463937000.png;img_Drone1_3_0_1641413128464074000.png
Drone1	1641413119348	347.075	542.597	34.2396	0.944875	-0.0232045	-0.012557	0.326367	img_Drone1_3_7_1641413129049481000.png;img_Drone1_3_0_1641413129049611000.png
Drone1	1641413119768	350.454	540.64	33.3013	0.944876	-0.0234853	-0.0122427	0.326356	img_Drone1_3_7_1641413129517701000.png;img_Drone1_3_0_1641413129517820000.png
Drone1	1641413120401	355.548	537.689	31.8876	0.944877	-0.0237686	-0.0119048	0.326346	img_Drone1_3_7_1641413130161675000.png;img_Drone1_3_0_1641413130161803000.png
Drone1	1641413120764	358.469	535.99	31.0767	0.944876	-0.0235737	-0.0121133	0.326353	img_Drone1_3_7_1641413130529997000.png;img_Drone1_3_0_1641413130530569000.png
Drone1	1641413121265	362.5	533.646	29.9572	0.944876	-0.0233125	-0.0124091	0.326363	img_Drone1_3_7_1641413131039329000.png;img_Drone1_3_0_1641413131039456000.png
Drone1	1641413121868	367.352	530.828	28.6097	0.944875	-0.0232105	-0.0125345	0.326367	img_Drone1_3_7_1641413131682474000.png;img_Drone1_3_0_1641413131682604000.png
Drone1	1641413122216	370.152	529.206	27.8322	0.944876	-0.0234485	-0.0122676	0.326357	img_Drone1_3_7_1641413132031756000.png;img_Drone1_3_0_1641413132031877000.png
Drone1	1641413122648	373.628	527.194	26.8673	0.944877	-0.0236908	-0.0119845	0.326348	img_Drone1_3_7_1641413132514506000.png;img_Drone1_3_0_1641413132514638000.png
Drone1	1641413123152	377.684	524.838	25.7416	0.944877	-0.0236232	-0.0120435	0.326351	img_Drone1_3_7_1641413133028289000.png;img_Drone1_3_0_1641413133028414000.png
