VehicleName	TimeStamp	POS_X	POS_Y	POS_Z	Q_W	Q_X	Q_Y	Q_Z	ImageFile
Drone1	1641074897443	-0.0557427	3.98843e-08	1.50099	3.57472e-07	0.00188217	-1.15498e-09	0.999998	img_Drone1_3_0_1641074897528267000.png;img_Drone1_3_7_1641074897528392000.png
Drone1	1641074897713	-0.0837077	6.01804e-08	3.10837	3.57387e-07	0.000288918	-9.86619e-10	1	img_Drone1_3_0_1641074897797270000.png;img_Drone1_3_7_1641074897797965000.png
Drone1	1641074898268	-0.141807	1.05179e-07	7.31987	3.57097e-07	6.13983e-06	-1.71027e-09	1	img_Drone1_3_0_1641074898357118000.png;img_Drone1_3_7_1641074898357839000.png
Drone1	1641074898727	-0.189908	1.48492e-07	11.2859	3.56784e-07	2.5667e-07	-2.39023e-09	1	img_Drone1_3_0_1641074898816194000.png;img_Drone1_3_7_1641074898816941000.png
Drone1	1641074899216	-0.241143	2.04631e-07	15.7096	3.56491e-07	9.86394e-08	-3.11681e-09	1	img_Drone1_3_0_1641074899304782000.png;img_Drone1_3_7_1641074899305563000.png
Drone1	1641074899726	-0.246797	2.11596e-07	16.2043	3.13916e-07	0	0	1	img_Drone1_3_0_1641074899814211000.png;img_Drone1_3_7_1641074899814837000.png
Drone1	1641075122814	-0.0873231	6.24584e-08	2.62942	3.52283e-07	0.172238	-6.15971e-08	0.985055	img_Drone1_3_0_1641075129144272000.png;img_Drone1_3_7_1641075129145144000.png
Drone1	1641075123327	-0.512149	3.66318e-07	6.75954	3.52283e-07	0.172238	-6.15971e-08	0.985055	img_Drone1_3_0_1641075129680309000.png;img_Drone1_3_7_1641075129681392000.png
Drone1	1641075123810	-1.43184	1.02413e-06	11.4987	3.52283e-07	0.172238	-6.15971e-08	0.985055	img_Drone1_3_0_1641075130195867000.png;img_Drone1_3_7_1641075130196866000.png
Drone1	1641075124347	-2.99935	2.14577e-06	16.8552	3.13916e-07	0	0	1	img_Drone1_3_0_1641075130762411000.png;img_Drone1_3_7_1641075130763368000.png
Drone1	1641075124803	-2.99935	2.14577e-06	16.8552	3.13916e-07	0	0	1	img_Drone1_3_0_1641075131222560000.png;img_Drone1_3_7_1641075131223204000.png
Drone1	1641075130164	-0.325827	2.25977e-07	-0.600699	3.62311e-07	-0.0205536	9.46143e-09	0.999789	img_Drone1_3_0_1641075136762466000.png;img_Drone1_3_7_1641075136773493000.png
Drone1	1641075130692	-0.36514	2.35728e-07	-0.825629	3.68421e-07	-0.0111977	7.09874e-09	0.999937	img_Drone1_3_0_1641075137384435000.png;img_Drone1_3_7_1641075137385153000.png
Drone1	1641075131082	-0.351342	2.01305e-07	-0.996706	3.7407e-07	-0.00646341	6.07364e-09	0.999979	img_Drone1_3_0_1641075137802310000.png;img_Drone1_3_7_1641075137803061000.png
Drone1	1641075131697	-0.293197	9.68043e-08	-1.27479	3.82409e-07	-0.00201855	5.51176e-09	0.999998	img_Drone1_3_0_1641075138439892000.png;img_Drone1_3_7_1641075138440673000.png
Drone1	1641075131943	-0.264046	4.11243e-08	-1.38831	3.85857e-07	-0.00123947	5.65348e-09	0.999999	img_Drone1_3_0_1641075138697583000.png;img_Drone1_3_7_1641075138698329000.png
Drone1	1641075132714	-0.164706	-1.81733e-07	-1.74694	4.00583e-07	-0.000513746	6.73883e-09	1	img_Drone1_3_0_1641075139517810000.png;img_Drone1_3_7_1641075139518538000.png
Drone1	1641075133110	-0.111914	-3.24184e-07	-1.84202	4.0972e-07	0.00551818	1.11627e-10	0.999985	img_Drone1_3_0_1641075139915119000.png;img_Drone1_3_7_1641075139915948000.png
Drone1	1641075133440	-0.0771986	-4.39726e-07	-1.78497	4.17105e-07	0.00735041	-9.98616e-09	0.999973	img_Drone1_3_0_1641075140262652000.png;img_Drone1_3_7_1641075140263437000.png
Drone1	1641075133974	-0.0543555	-5.5778e-07	-1.75661	4.26872e-07	0.00616254	-2.46191e-08	0.999981	img_Drone1_3_0_1641075140801270000.png;img_Drone1_3_7_1641075140802077000.png
Drone1	1641075134493	-0.0625078	-5.22521e-07	-1.95416	4.36255e-07	-0.00111191	-1.62917e-08	0.999999	img_Drone1_3_0_1641075141368443000.png;img_Drone1_3_7_1641075141369155000.png
Drone1	1641075135255	-0.0700668	-3.70077e-07	-2.66131	4.48453e-07	-0.00128173	1.71892e-08	0.999999	img_Drone1_3_0_1641075142159423000.png;img_Drone1_3_7_1641075142160178000.png
Drone1	1641075135904	-0.0651068	-3.71732e-07	-3.28558	4.54646e-07	-0.000338039	5.84041e-09	1	img_Drone1_3_0_1641075142833569000.png;img_Drone1_3_7_1641075142834426000.png
Drone1	1641075136255	-0.0607246	-4.05442e-07	-3.62793	4.58321e-07	8.77574e-05	4.12049e-09	1	img_Drone1_3_0_1641075143207092000.png;img_Drone1_3_7_1641075143207871000.png
Drone1	1641075137038	-0.0525935	-5.15281e-07	-4.39722	4.70382e-07	0.000531016	-6.03514e-09	1	img_Drone1_3_0_1641075144025495000.png;img_Drone1_3_7_1641075144026215000.png
Drone1	1641075137377	-0.0508292	-5.52204e-07	-4.73166	4.74945e-07	0.000513758	-1.55975e-08	1	img_Drone1_3_0_1641075144435810000.png;img_Drone1_3_7_1641075144436721000.png
Drone1	1641075138052	-0.0505091	-5.07134e-07	-5.39883	4.84476e-07	0.000272555	-1.05517e-08	1	img_Drone1_3_0_1641075145155436000.png;img_Drone1_3_7_1641075145156170000.png
Drone1	1641075138421	-0.0515243	-4.35444e-07	-5.76397	4.90049e-07	0.000112057	1.22747e-08	1	img_Drone1_3_0_1641075145526617000.png;img_Drone1_3_7_1641075145527406000.png
Drone1	1641075139147	-0.0540873	-3.86056e-07	-6.48285	5.00032e-07	-0.000109532	1.60376e-08	1	img_Drone1_3_0_1641075146350495000.png;img_Drone1_3_7_1641075146351268000.png
Drone1	1641075139513	-0.0550836	-4.2017e-07	-6.8454	5.04861e-07	-0.000151541	5.72909e-09	1	img_Drone1_3_0_1641075146728231000.png;img_Drone1_3_7_1641075146729054000.png
Drone1	1641075140164	-0.0558912	-5.23824e-07	-7.49039	5.08024e-07	-0.000129724	6.60154e-09	1	img_Drone1_3_0_1641075147466975000.png;img_Drone1_3_7_1641075147467801000.png
Drone1	1641075140692	-0.0557552	-6.29811e-07	-8.01356	5.09882e-07	-6.60886e-05	-6.79539e-09	1	img_Drone1_3_0_1641075148110855000.png;img_Drone1_3_7_1641075148111712000.png
Drone1	1641075141277	-0.055194	-7.01206e-07	-8.59322	5.10598e-07	2.03208e-06	-2.33399e-08	1	img_Drone1_3_0_1641075148706671000.png;img_Drone1_3_7_1641075148711456000.png
Drone1	1641075141577	-0.0548825	-6.84276e-07	-8.89048	5.10185e-07	2.59107e-05	-3.18186e-08	1	img_Drone1_3_0_1641075149021716000.png;img_Drone1_3_7_1641075149022464000.png
Drone1	1641075142384	-0.0543189	-4.12028e-07	-9.60329	5.10159e-07	3.4986e-05	2.06394e-08	1	img_Drone1_3_0_1641075149895518000.png;img_Drone1_3_7_1641075149896286000.png
Drone1	1641075142819	-0.229753	0.16982	-9.54017	-0.00524893	0.259536	-0.200204	0.944739	img_Drone1_3_0_1641075150337278000.png;img_Drone1_3_7_1641075150338158000.png
Drone1	1641075143173	-1.11365	0.872492	-9.48342	-0.0200132	0.275407	-0.147877	0.949675	img_Drone1_3_0_1641075150692652000.png;img_Drone1_3_7_1641075150693404000.png
Drone1	1641075143953	-5.41272	3.65945	-9.16009	-0.0168143	0.125805	-0.0773545	0.988892	img_Drone1_3_0_1641075151561441000.png;img_Drone1_3_7_1641075151562207000.png
Drone1	1641075144265	-7.56891	5.01406	-8.71852	-0.0154833	0.0814517	-0.0582215	0.994855	img_Drone1_3_0_1641075151894321000.png;img_Drone1_3_7_1641075151895126000.png
Drone1	1641075144820	-11.6905	7.64212	-7.85745	-0.0145214	0.0397839	-0.0364462	0.998438	img_Drone1_3_0_1641075152508985000.png;img_Drone1_3_7_1641075152509754000.png
Drone1	1641075145564	-17.4662	11.4362	-6.79551	-0.0144107	0.0224678	-0.0198732	0.999446	img_Drone1_3_0_1641075153292220000.png;img_Drone1_3_7_1641075153293019000.png
Drone1	1641075146056	-21.3419	14.0281	-6.13036	-0.0145104	0.0200809	-0.012661	0.999613	img_Drone1_3_0_1641075153816440000.png;img_Drone1_3_7_1641075153817342000.png
Drone1	1641075146593	-25.5975	16.8811	-5.41669	-0.0145966	0.0195552	-0.00787411	0.999671	img_Drone1_3_0_1641075154399105000.png;img_Drone1_3_7_1641075154410903000.png
Drone1	1641075146983	-28.7016	18.953	-4.90183	-0.0146233	0.0191985	-0.00635073	0.999689	img_Drone1_3_0_1641075154816450000.png;img_Drone1_3_7_1641075154817237000.png
Drone1	1641075147724	-34.6241	22.8733	-3.92653	-0.0146094	0.0178068	-0.00665323	0.999713	img_Drone1_3_0_1641075155636396000.png;img_Drone1_3_7_1641075155637276000.png
Drone1	1641075148222	-38.6159	25.4978	-3.2721	-0.0145815	0.0167124	-0.00782804	0.999723	img_Drone1_3_0_1641075156137041000.png;img_Drone1_3_7_1641075156137861000.png
Drone1	1641075148747	-42.8272	28.2624	-2.58282	-0.0145577	0.0158612	-0.00886895	0.999729	img_Drone1_3_0_1641075156665991000.png;img_Drone1_3_7_1641075156667497000.png
Drone1	1641075149254	-46.8931	30.9351	-1.91765	-0.014548	0.0155073	-0.00928595	0.999731	img_Drone1_3_0_1641075157172902000.png;img_Drone1_3_7_1641075157176281000.png
Drone1	1641075149953	-52.4942	34.628	-1.00103	-0.0145537	0.0156496	-0.00900189	0.999731	img_Drone1_3_0_1641075157929814000.png;img_Drone1_3_7_1641075157933328000.png
Drone1	1641075150430	-56.314	37.1521	-0.375713	-0.0145631	0.0159281	-0.00856397	0.99973	img_Drone1_3_0_1641075158423825000.png;img_Drone1_3_7_1641075158424621000.png
Drone1	1641075151228	-62.7036	41.3766	0.670271	-0.0145743	0.0162696	-0.00803808	0.999729	img_Drone1_3_0_1641075159252193000.png;img_Drone1_3_7_1641075159253023000.png
Drone1	1641075152086	-69.5757	45.9155	1.79479	-0.0145746	0.0162726	-0.00802992	0.999729	img_Drone1_3_0_1641075160163147000.png;img_Drone1_3_7_1641075160169386000.png
Drone1	1641075152824	-75.4887	49.8165	2.76201	-0.0145699	0.0161279	-0.00824855	0.99973	img_Drone1_3_0_1641075160942770000.png;img_Drone1_3_7_1641075160943684000.png
Drone1	1641075153382	-79.9602	52.7654	3.49332	-0.0145667	0.016027	-0.00840063	0.99973	img_Drone1_3_0_1641075161528687000.png;img_Drone1_3_7_1641075161529558000.png
Drone1	1641075153946	-84.4787	55.7468	4.23249	-0.0145664	0.0160167	-0.00841693	0.99973	img_Drone1_3_0_1641075162099335000.png;img_Drone1_3_7_1641075162100178000.png
Drone1	1641075154462	-88.6123	58.475	4.90871	-0.0145675	0.0160541	-0.00836382	0.99973	img_Drone1_3_0_1641075162655484000.png;img_Drone1_3_7_1641075162656396000.png
Drone1	1641075154879	-91.9528	60.6802	5.4552	-0.0145684	0.0160826	-0.0083226	0.99973	img_Drone1_3_0_1641075163134187000.png;img_Drone1_3_7_1641075163135461000.png
Drone1	1641075155422	-96.3027	63.5518	6.1668	-0.0145695	0.0161161	-0.00827435	0.99973	img_Drone1_3_0_1641075163679233000.png;img_Drone1_3_7_1641075163679980000.png
Drone1	1641075156085	-101.614	67.0573	7.03567	-0.0145695	0.0161182	-0.00827734	0.99973	img_Drone1_3_0_1641075164423028000.png;img_Drone1_3_7_1641075164423789000.png
Drone1	1641075156499	-104.93	69.2462	7.57822	-0.0145693	0.016111	-0.00828878	0.99973	img_Drone1_3_0_1641075164852426000.png;img_Drone1_3_7_1641075164853203000.png
Drone1	1641075157033	-109.208	72.0695	8.278	-0.0145692	0.0161072	-0.00829712	0.99973	img_Drone1_3_0_1641075165414028000.png;img_Drone1_3_7_1641075165415068000.png
Drone1	1641075157480	-112.789	74.4329	8.86378	-0.0145691	0.0161069	-0.00830126	0.99973	img_Drone1_3_0_1641075165881853000.png;img_Drone1_3_7_1641075165882727000.png
Drone1	1641075158140	-118.076	77.9224	9.72869	-0.0145691	0.016107	-0.00830232	0.99973	img_Drone1_3_0_1641075166564455000.png;img_Drone1_3_7_1641075166565227000.png
Drone1	1641075158578	-121.585	80.2382	10.3027	-0.0145691	0.016107	-0.00830233	0.99973	img_Drone1_3_0_1641075167019417000.png;img_Drone1_3_7_1641075167020147000.png
Drone1	1641075158950	-124.565	82.2051	10.7902	-0.0145691	0.016107	-0.00830227	0.99973	img_Drone1_3_0_1641075167465737000.png;img_Drone1_3_7_1641075167466698000.png
Drone1	1641075159700	-130.573	86.1704	11.773	-0.0145691	0.016107	-0.00830325	0.99973	img_Drone1_3_0_1641075168246981000.png;img_Drone1_3_7_1641075168258893000.png
Drone1	1641075160171	-134.346	88.6607	12.3902	-0.0145691	0.016107	-0.00830388	0.99973	img_Drone1_3_0_1641075168738330000.png;img_Drone1_3_7_1641075168739138000.png
Drone1	1641075160501	-136.99	90.4055	12.8227	-0.0145691	0.016107	-0.00830402	0.99973	img_Drone1_3_0_1641075169087962000.png;img_Drone1_3_7_1641075169089023000.png
Drone1	1641075161056	-141.436	93.3398	13.55	-0.0145691	0.0161069	-0.00830473	0.99973	img_Drone1_3_0_1641075169642893000.png;img_Drone1_3_7_1641075169643763000.png
Drone1	1641075162046	-149.367	98.5741	14.8474	-0.0145691	0.0161069	-0.00830626	0.99973	img_Drone1_3_0_1641075170683726000.png;img_Drone1_3_7_1641075170684537000.png
Drone1	1641075162517	-153.14	101.064	15.4646	-0.0145691	0.0161069	-0.00830761	0.99973	img_Drone1_3_0_1641075171172181000.png;img_Drone1_3_7_1641075171173053000.png
Drone1	1641075162994	-156.961	103.586	16.0897	-0.0145692	0.0161087	-0.00830843	0.99973	img_Drone1_3_0_1641075171649853000.png;img_Drone1_3_7_1641075171650619000.png
Drone1	1641075163765	-163.137	107.663	17.1	-0.0145692	0.0161097	-0.00830855	0.99973	img_Drone1_3_0_1641075172443897000.png;img_Drone1_3_7_1641075172444654000.png
Drone1	1641075164392	-168.16	110.978	17.9216	-0.0145692	0.0161108	-0.00830886	0.99973	img_Drone1_3_0_1641075173074048000.png;img_Drone1_3_7_1641075173074810000.png
Drone1	1641075164686	-170.515	112.532	18.3069	-0.0145692	0.0161118	-0.00830904	0.99973	img_Drone1_3_0_1641075173446836000.png;img_Drone1_3_7_1641075173447615000.png
Drone1	1641075165466	-176.764	116.656	19.3291	-0.0145692	0.0161134	-0.00830958	0.99973	img_Drone1_3_0_1641075174294550000.png;img_Drone1_3_7_1641075174296711000.png
Drone1	1641075165937	-180.537	119.147	19.9463	-0.0145692	0.0161138	-0.00830991	0.99973	img_Drone1_3_0_1641075174790697000.png;img_Drone1_3_7_1641075174791512000.png
Drone1	1641075166492	-184.983	122.081	20.6736	-0.0145692	0.0161152	-0.00831058	0.999729	img_Drone1_3_0_1641075175371016000.png;img_Drone1_3_7_1641075175371851000.png
Drone1	1641075166933	-188.516	124.413	21.2515	-0.0145692	0.0161163	-0.00831157	0.999729	img_Drone1_3_0_1641075175848169000.png;img_Drone1_3_7_1641075175849025000.png
Drone1	1641075167551	-193.466	127.68	22.0614	-0.0145692	0.0161171	-0.00831228	0.999729	img_Drone1_3_0_1641075176499263000.png;img_Drone1_3_7_1641075176500168000.png
Drone1	1641075167959	-196.735	129.836	22.596	-0.0145686	0.0160993	-0.00834346	0.999729	img_Drone1_3_0_1641075176908104000.png;img_Drone1_3_7_1641075176908974000.png
Drone1	1641075168721	-202.839	133.866	23.5947	-0.0145697	0.0161379	-0.00829374	0.999729	img_Drone1_3_0_1641075177718345000.png;img_Drone1_3_7_1641075177719216000.png
Drone1	1641075169225	-206.877	136.531	24.2552	-0.0145706	0.0161686	-0.00825213	0.999729	img_Drone1_3_0_1641075178231190000.png;img_Drone1_3_7_1641075178232117000.png
Drone1	1641075169687	-210.578	138.973	24.8606	-0.0145688	0.0161136	-0.00833637	0.999729	img_Drone1_3_0_1641075178699679000.png;img_Drone1_3_7_1641075178700502000.png
Drone1	1641075170317	-215.625	142.303	25.6861	-0.0145675	0.0160743	-0.00839758	0.999729	img_Drone1_3_0_1641075179387756000.png;img_Drone1_3_7_1641075179388560000.png
Drone1	1641075170941	-220.623	145.604	26.5039	-0.01457	0.0161524	-0.00828325	0.999729	img_Drone1_3_0_1641075180156998000.png;img_Drone1_3_7_1641075180159312000.png
Drone1	1641075171373	-224.084	147.889	27.0701	-0.0145712	0.016188	-0.00823236	0.999729	img_Drone1_3_0_1641075180640355000.png;img_Drone1_3_7_1641075180641147000.png
Drone1	1641075172090	-229.828	151.678	28.0096	-0.0145686	0.0161126	-0.00834951	0.999729	img_Drone1_3_0_1641075181386617000.png;img_Drone1_3_7_1641075181387383000.png
Drone1	1641075172771	-235.283	155.278	28.902	-0.0145676	0.0160802	-0.00839969	0.999729	img_Drone1_3_0_1641075182100923000.png;img_Drone1_3_7_1641075182106746000.png
Drone1	1641075173236	-239.008	157.737	29.5114	-0.0145696	0.0161425	-0.00830804	0.999729	img_Drone1_3_0_1641075182590232000.png;img_Drone1_3_7_1641075182591315000.png
Drone1	1641075173710	-242.805	160.245	30.1326	-0.014571	0.0161871	-0.00824353	0.999729	img_Drone1_3_0_1641075183071680000.png;img_Drone1_3_7_1641075183072404000.png
Drone1	1641075174595	-249.895	164.922	31.2923	-0.0145686	0.0161133	-0.00835778	0.999729	img_Drone1_3_0_1641075184023789000.png;img_Drone1_3_7_1641075184024494000.png
Drone1	1641075174943	-252.683	166.761	31.7483	-0.0145676	0.016084	-0.0084029	0.999729	img_Drone1_3_0_1641075184460524000.png;img_Drone1_3_7_1641075184461270000.png
Drone1	1641075175537	-257.44	169.903	32.5268	-0.0145691	0.016132	-0.00833543	0.999729	img_Drone1_3_0_1641075185116368000.png;img_Drone1_3_7_1641075185117133000.png
Drone1	1641075175915	-260.467	171.902	33.022	-0.014572	0.016221	-0.00820429	0.999729	img_Drone1_3_0_1641075185500823000.png;img_Drone1_3_7_1641075185501652000.png
Drone1	1641075176644	-266.306	175.755	33.9771	-0.0145706	0.0161798	-0.00826658	0.999729	img_Drone1_3_0_1641075186267453000.png;img_Drone1_3_7_1641075186268333000.png
Drone1	1641075177154	-270.394	178.45	34.6457	-0.0145665	0.0160505	-0.00846131	0.999729	img_Drone1_3_0_1641075186783706000.png;img_Drone1_3_7_1641075186784518000.png
Drone1	1641075177682	-274.622	181.241	35.3374	-0.0145669	0.0160664	-0.0084413	0.999729	img_Drone1_3_0_1641075187325103000.png;img_Drone1_3_7_1641075187325880000.png
Drone1	1641075178108	-278.032	183.495	35.8954	-0.0145707	0.0161844	-0.0082671	0.999729	img_Drone1_3_0_1641075187757552000.png;img_Drone1_3_7_1641075187758326000.png
Drone1	1641075178735	-283.052	186.809	36.7167	-0.0145729	0.0162512	-0.00816992	0.999728	img_Drone1_3_0_1641075188414511000.png;img_Drone1_3_7_1641075188421294000.png
Drone1	1641075179188	-286.683	189.203	37.3104	-0.0145695	0.0161465	-0.0083259	0.999729	img_Drone1_3_0_1641075188896440000.png;img_Drone1_3_7_1641075188897221000.png
Drone1	1641075179812	-291.683	192.501	38.1283	-0.014566	0.0160383	-0.00849156	0.999729	img_Drone1_3_0_1641075189566173000.png;img_Drone1_3_7_1641075189566945000.png
Drone1	1641075180217	-294.925	194.642	38.6588	-0.0145679	0.0160975	-0.008406	0.999729	img_Drone1_3_0_1641075189986098000.png;img_Drone1_3_7_1641075189986830000.png
Drone1	1641075180907	-300.449	198.291	39.5626	-0.014573	0.016255	-0.00817352	0.999728	img_Drone1_3_0_1641075190711439000.png;img_Drone1_3_7_1641075190712474000.png
Drone1	1641075181375	-304.197	200.764	40.1756	-0.0145721	0.0162285	-0.00821417	0.999728	img_Drone1_3_0_1641075191206494000.png;img_Drone1_3_7_1641075191207328000.png
Drone1	1641075181747	-307.179	202.73	40.6633	-0.0145689	0.0161285	-0.008364	0.999729	img_Drone1_3_0_1641075191619831000.png;img_Drone1_3_7_1641075191623945000.png
Drone1	1641075182402	-312.418	206.186	41.5203	-0.0145668	0.0160625	-0.00846535	0.999729	img_Drone1_3_0_1641075192284882000.png;img_Drone1_3_7_1641075192285644000.png
Drone1	1641075182717	-314.94	207.852	41.9328	-0.0145682	0.0161058	-0.00840202	0.999729	img_Drone1_3_0_1641075192607221000.png;img_Drone1_3_7_1641075192608062000.png
Drone1	1641075183890	-324.331	214.053	43.4694	-0.0145722	0.0162302	-0.0082222	0.999728	img_Drone1_3_0_1641075193884376000.png;img_Drone1_3_7_1641075193885112000.png
Drone1	1641075184406	-328.467	216.78	44.1457	-0.0145681	0.0161043	-0.00840999	0.999729	img_Drone1_3_0_1641075194425920000.png;img_Drone1_3_7_1641075194426614000.png
Drone1	1641075185042	-333.56	220.141	44.979	-0.0145678	0.0160952	-0.00842958	0.999729	img_Drone1_3_0_1641075195081222000.png;img_Drone1_3_7_1641075195086608000.png
Drone1	1641075185387	-336.322	221.964	45.4308	-0.014569	0.016132	-0.00837542	0.999729	img_Drone1_3_0_1641075195431102000.png;img_Drone1_3_7_1641075195432425000.png
Drone1	1641075186023	-341.39	225.311	46.26	-0.0145723	0.016234	-0.00822558	0.999728	img_Drone1_3_0_1641075196085230000.png;img_Drone1_3_7_1641075196085846000.png
Drone1	1641075186638	-346.337	228.577	47.0694	-0.0145717	0.0162175	-0.0082535	0.999728	img_Drone1_3_0_1641075196722682000.png;img_Drone1_3_7_1641075196723616000.png
Drone1	1641075186893	-348.381	229.925	47.4034	-0.0145708	0.016191	-0.00829312	0.999728	img_Drone1_3_0_1641075196992543000.png;img_Drone1_3_7_1641075196993010000.png
Drone1	1641075187643	-354.389	233.888	48.3863	-0.0145678	0.0160986	-0.00843507	0.999729	img_Drone1_3_0_1641075197748822000.png;img_Drone1_3_7_1641075197750564000.png
Drone1	1641075188207	-358.904	236.869	49.125	-0.0145694	0.0161496	-0.00836151	0.999729	img_Drone1_3_0_1641075198360442000.png;img_Drone1_3_7_1641075198360876000.png
Drone1	1641075188858	-364.116	240.309	49.9776	-0.0145704	0.0161792	-0.00831918	0.999728	img_Drone1_3_0_1641075199027945000.png;img_Drone1_3_7_1641075199028355000.png
Drone1	1641075189164	-366.566	241.926	50.3784	-0.0145707	0.0161858	-0.00830884	0.999728	img_Drone1_3_0_1641075199335173000.png;img_Drone1_3_7_1641075199335573000.png
Drone1	1641075189788	-371.561	245.224	51.1956	-0.014571	0.0161969	-0.00829825	0.999728	img_Drone1_3_0_1641075199968512000.png;img_Drone1_3_7_1641075199968957000.png
Drone1	1641075190496	-377.229	248.965	52.1229	-0.014571	0.0161996	-0.00829338	0.999728	img_Drone1_3_0_1641075200701795000.png;img_Drone1_3_7_1641075200703803000.png
Drone1	1641075190979	-381.096	251.518	52.7555	-0.0145711	0.0162017	-0.00829116	0.999728	img_Drone1_3_0_1641075201198056000.png;img_Drone1_3_7_1641075201198361000.png
Drone1	1641075191453	-384.895	254.023	53.3624	-0.0145872	0.0157108	-0.0070833	0.999745	img_Drone1_3_0_1641075201680672000.png;img_Drone1_3_7_1641075201680930000.png
Drone1	1641075191819	-387.832	255.952	53.5575	-0.0157615	-0.0936987	0.109577	0.989427	img_Drone1_3_0_1641075202087473000.png;img_Drone1_3_7_1641075202087710000.png
Drone1	1641075192431	-391.531	258.078	53.3824	-0.0172037	-0.293414	0.242095	0.924663	img_Drone1_3_0_1641075202762331000.png;img_Drone1_3_7_1641075202762573000.png
Drone1	1641075192812	-392.45	258.279	53.2515	-0.0132609	-0.284933	0.241966	0.92741	img_Drone1_3_0_1641075203142224000.png;img_Drone1_3_7_1641075203142459000.png
Drone1	1641075193430	-391.932	256.907	53.1579	-0.00585478	-0.196367	0.184206	0.963054	img_Drone1_3_0_1641075203770519000.png;img_Drone1_3_7_1641075203770808000.png
Drone1	1641075193694	-391.12	255.782	53.0721	-0.0059262	-0.16029	0.148511	0.975816	img_Drone1_3_0_1641075204043507000.png;img_Drone1_3_7_1641075204043796000.png
Drone1	1641075194309	-388.315	252.354	52.5609	-0.00417766	-0.0774588	0.0879046	0.993104	img_Drone1_3_0_1641075204680132000.png;img_Drone1_3_7_1641075204680377000.png
Drone1	1641075194834	-385.388	248.85	51.7623	0.00254095	0.00391138	0.0825314	0.996578	img_Drone1_3_0_1641075205241265000.png;img_Drone1_3_7_1641075205241497000.png
Drone1	1641075195350	-382.562	245.026	50.9536	0.00758946	0.0633694	0.0823184	0.99456	img_Drone1_3_0_1641075205789719000.png;img_Drone1_3_7_1641075205789965000.png
Drone1	1641075195911	-379.904	240.469	50.0138	0.00986919	0.074942	0.065531	0.994983	img_Drone1_3_0_1641075206356832000.png;img_Drone1_3_7_1641075206357210000.png
Drone1	1641075196649	-377.102	234.067	48.8595	0.00919709	0.0291511	0.0363453	0.998872	img_Drone1_3_0_1641075207112013000.png;img_Drone1_3_7_1641075207112529000.png
Drone1	1641075197189	-375.307	229.258	48.0144	0.00833486	-0.00576737	0.0203618	0.999741	img_Drone1_3_0_1641075207661533000.png;img_Drone1_3_7_1641075207662022000.png
Drone1	1641075197672	-373.698	224.956	47.2126	0.00783172	-0.0256536	0.011361	0.999576	img_Drone1_3_0_1641075208150975000.png;img_Drone1_3_7_1641075208151511000.png
Drone1	1641075198005	-372.533	222.014	46.6409	0.00768592	-0.030975	0.00863654	0.999453	img_Drone1_3_0_1641075208487140000.png;img_Drone1_3_7_1641075208487686000.png
Drone1	1641075198920	-369.042	214.057	45.0518	0.00796645	-0.017071	0.0143039	0.99972	img_Drone1_3_0_1641075209408790000.png;img_Drone1_3_7_1641075209409318000.png
Drone1	1641075199187	-367.968	211.76	44.5874	0.0081119	-0.0102842	0.0173573	0.999764	img_Drone1_3_0_1641075209707745000.png;img_Drone1_3_7_1641075209708381000.png
Drone1	1641075200015	-364.617	204.644	43.138	0.00841626	0.00407224	0.0237638	0.999674	img_Drone1_3_0_1641075210571607000.png;img_Drone1_3_7_1641075210572276000.png
Drone1	1641075200444	-362.914	200.942	42.3835	0.00844047	0.0052519	0.0242493	0.999656	img_Drone1_3_0_1641075211014012000.png;img_Drone1_3_7_1641075211014606000.png
Drone1	1641075200921	-361.059	196.81	41.5452	0.0083849	0.00273549	0.0231535	0.999693	img_Drone1_3_0_1641075211507146000.png;img_Drone1_3_7_1641075211507851000.png
Drone1	1641075201404	-359.211	192.613	40.6976	0.00829323	-0.0014155	0.0213812	0.999736	img_Drone1_3_0_1641075212008517000.png;img_Drone1_3_7_1641075212009227000.png
Drone1	1641075201977	-357.031	187.63	39.6921	0.0082039	-0.00544176	0.0196661	0.999758	img_Drone1_3_0_1641075212585488000.png;img_Drone1_3_7_1641075212586206000.png
Drone1	1641075202331	-355.681	184.553	39.0705	0.00817472	-0.00675309	0.0191037	0.999761	img_Drone1_3_0_1641075213007628000.png;img_Drone1_3_7_1641075213008409000.png
Drone1	1641075202982	-353.18	178.902	37.927	0.0081758	-0.0066955	0.0191303	0.999761	img_Drone1_3_0_1641075213712594000.png;img_Drone1_3_7_1641075213713242000.png
Drone1	1641075203492	-351.204	174.483	37.0307	0.00820562	-0.00533683	0.0197229	0.999758	img_Drone1_3_0_1641075214245589000.png;img_Drone1_3_7_1641075214246169000.png
Drone1	1641075204278	-348.15	167.674	35.6489	0.00824712	-0.00344473	0.020542	0.999749	img_Drone1_3_0_1641075215054073000.png;img_Drone1_3_7_1641075215056200000.png
Drone1	1641075204950	-345.541	161.853	34.4676	0.00825925	-0.00289153	0.0207785	0.999746	img_Drone1_3_0_1641075215751722000.png;img_Drone1_3_7_1641075215752300000.png
Drone1	1641075205580	-343.103	156.392	33.3603	0.00825158	-0.00323991	0.0206228	0.999748	img_Drone1_3_0_1641075216435996000.png;img_Drone1_3_7_1641075216436589000.png
Drone1	1641075206213	-340.658	150.903	32.2477	0.00823888	-0.00381686	0.0203705	0.999751	img_Drone1_3_0_1641075217099677000.png;img_Drone1_3_7_1641075217103832000.png
Drone1	1641075206753	-338.575	146.22	31.2987	0.00822796	-0.00431341	0.0201571	0.999754	img_Drone1_3_0_1641075217669689000.png;img_Drone1_3_7_1641075217672758000.png
Drone1	1641075207215	-336.789	142.213	30.4866	0.0082285	-0.00428726	0.0201657	0.999754	img_Drone1_3_0_1641075218165979000.png;img_Drone1_3_7_1641075218166592000.png
Drone1	1641075207989	-333.797	135.504	29.1261	0.00823207	-0.00412274	0.0202383	0.999753	img_Drone1_3_0_1641075218954489000.png;img_Drone1_3_7_1641075218955250000.png
Drone1	1641075208322	-332.51	132.618	28.541	0.00823332	-0.00406524	0.0202608	0.999753	img_Drone1_3_0_1641075219288214000.png;img_Drone1_3_7_1641075219288935000.png
Drone1	1641075209234	-328.98	124.713	26.9381	0.00824044	-0.00373821	0.0203957	0.999751	img_Drone1_3_0_1641075220229416000.png;img_Drone1_3_7_1641075220230051000.png
Drone1	1641075209513	-327.902	122.295	26.4478	0.00823963	-0.00377456	0.0203798	0.999751	img_Drone1_3_0_1641075220554067000.png;img_Drone1_3_7_1641075220554674000.png
Drone1	1641075210254	-325.037	115.87	25.1454	0.00823586	-0.00394457	0.0203012	0.999752	img_Drone1_3_0_1641075221308936000.png;img_Drone1_3_7_1641075221309566000.png
Drone1	1641075210869	-322.66	110.539	24.0645	0.00823448	-0.00400429	0.0202725	0.999753	img_Drone1_3_0_1641075221955471000.png;img_Drone1_3_7_1641075221956143000.png
Drone1	1641075211118	-321.698	108.38	23.6269	0.00823424	-0.00401534	0.0202677	0.999753	img_Drone1_3_0_1641075222255906000.png;img_Drone1_3_7_1641075222257230000.png
Drone1	1641075211658	-319.61	103.698	22.6778	0.00823386	-0.00403192	0.0202578	0.999753	img_Drone1_3_0_1641075222805279000.png;img_Drone1_3_7_1641075222805942000.png
Drone1	1641075212354	-316.917	97.6654	21.4545	0.00823583	-0.00394052	0.0202933	0.999752	img_Drone1_3_0_1641075223516723000.png;img_Drone1_3_7_1641075223517386000.png
Drone1	1641075212735	-315.442	94.363	20.7847	0.00824047	-0.0037291	0.0203855	0.999751	img_Drone1_3_0_1641075223922565000.png;img_Drone1_3_7_1641075223923248000.png
Drone1	1641075213449	-312.682	88.173	19.5298	0.00823692	-0.00388878	0.0203141	0.999752	img_Drone1_3_0_1641075224677611000.png;img_Drone1_3_7_1641075224678517000.png
Drone1	1641075214127	-310.061	82.295	18.3381	0.00823475	-0.00398498	0.0202697	0.999753	img_Drone1_3_0_1641075225392695000.png;img_Drone1_3_7_1641075225393343000.png
Drone1	1641075214478	-308.705	79.252	17.7212	0.00823424	-0.0040081	0.020259	0.999753	img_Drone1_3_0_1641075225746221000.png;img_Drone1_3_7_1641075225746986000.png
Drone1	1641075214910	-307.035	75.5068	16.9619	0.00823391	-0.0040237	0.020251	0.999753	img_Drone1_3_0_1641075226181456000.png;img_Drone1_3_7_1641075226182142000.png
Drone1	1641075215945	-303.03	66.5344	15.1427	0.00823712	-0.00387598	0.0203078	0.999752	img_Drone1_3_0_1641075227211677000.png;img_Drone1_3_7_1641075227212301000.png
Drone1	1641075216254	-301.834	63.8556	14.5995	0.0082404	-0.00372557	0.0203726	0.999752	img_Drone1_3_0_1641075227561236000.png;img_Drone1_3_7_1641075227561827000.png
Drone1	1641075216791	-299.758	59.2003	13.6556	0.00823779	-0.00384462	0.0203222	0.999752	img_Drone1_3_0_1641075228108459000.png;img_Drone1_3_7_1641075228109012000.png
Drone1	1641075217529	-296.906	52.8021	12.3585	0.00823496	-0.00397195	0.0202641	0.999753	img_Drone1_3_0_1641075228854325000.png;img_Drone1_3_7_1641075228854879000.png
Drone1	1641075218009	-295.05	48.6408	11.5148	0.00823421	-0.00400575	0.0202476	0.999753	img_Drone1_3_0_1641075229380840000.png;img_Drone1_3_7_1641075229381377000.png
Drone1	1641075218369	-293.659	45.5197	10.8821	0.00823391	-0.00401973	0.0202408	0.999753	img_Drone1_3_0_1641075229756645000.png;img_Drone1_3_7_1641075229757192000.png
Drone1	1641075218846	-291.815	41.3846	10.0437	0.00823375	-0.00402664	0.0202351	0.999753	img_Drone1_3_0_1641075230282141000.png;img_Drone1_3_7_1641075230282649000.png
Drone1	1641075219593	-288.922	34.9095	8.73075	0.00823865	-0.00379919	0.0203287	0.999752	img_Drone1_3_0_1641075231092223000.png;img_Drone1_3_7_1641075231092783000.png
Drone1	1641075220034	-287.218	31.0865	7.95554	0.00823907	-0.0037796	0.0203378	0.999752	img_Drone1_3_0_1641075231553052000.png;img_Drone1_3_7_1641075231553630000.png
Drone1	1641075220637	-284.887	25.8587	6.89569	0.00823602	-0.00391959	0.0202755	0.999753	img_Drone1_3_0_1641075232228799000.png;img_Drone1_3_7_1641075232229442000.png
Drone1	1641075221192	-282.741	21.0471	5.92021	0.00823459	-0.00398138	0.0202481	0.999753	img_Drone1_3_0_1641075232804565000.png;img_Drone1_3_7_1641075232805141000.png
Drone1	1641075221582	-281.234	17.6669	5.26956	0.00831368	-0.000676903	0.0242988	0.99967	img_Drone1_3_0_1641075233228947000.png;img_Drone1_3_7_1641075233229514000.png
Drone1	1641075222107	-279.25	13.291	5.16112	0.0338935	-0.0352556	-0.245405	0.968186	img_Drone1_3_0_1641075233770661000.png;img_Drone1_3_7_1641075233772255000.png
Drone1	1641075222770	-276.642	9.96511	4.68522	0.0135004	0.0289107	-0.281604	0.959	img_Drone1_3_0_1641075234444174000.png;img_Drone1_3_7_1641075234444883000.png
Drone1	1641075223232	-274.954	9.4627	4.08875	0.00866404	0.0449099	-0.281444	0.958487	img_Drone1_3_0_1641075234920615000.png;img_Drone1_3_7_1641075234921419000.png
Drone1	1641075223961	-272.732	11.4484	3.09617	0.0116474	0.0345934	-0.281293	0.958927	img_Drone1_3_0_1641075235674582000.png;img_Drone1_3_7_1641075235675345000.png
Drone1	1641075224465	-271.375	14.1266	3.38016	0.0193134	0.00586316	-0.229271	0.973153	img_Drone1_3_0_1641075236199636000.png;img_Drone1_3_7_1641075236200431000.png
Drone1	1641075224801	-270.484	16.3251	4.09942	0.0232951	-0.0109188	-0.153147	0.987868	img_Drone1_3_0_1641075236567220000.png;img_Drone1_3_7_1641075236568131000.png
Drone1	1641075225464	-268.628	21.3141	5.98664	0.0292366	-0.0415484	-0.0601172	0.996898	img_Drone1_3_0_1641075237288227000.png;img_Drone1_3_7_1641075237288902000.png
Drone1	1641075226139	-266.358	26.7811	7.79845	0.0338005	-0.0804228	-0.0076692	0.996158	img_Drone1_3_0_1641075237966968000.png;img_Drone1_3_7_1641075237967627000.png
Drone1	1641075226667	-264.079	30.9946	8.95094	0.0374607	-0.110934	0.0331818	0.992567	img_Drone1_3_0_1641075238516885000.png;img_Drone1_3_7_1641075238517618000.png
Drone1	1641075227156	-261.43	34.6251	9.82453	0.0403291	-0.111982	0.0571987	0.991243	img_Drone1_3_0_1641075239046115000.png;img_Drone1_3_7_1641075239046704000.png
Drone1	1641075227576	-258.776	37.4667	10.5815	0.0409494	-0.0852178	0.0468786	0.994416	img_Drone1_3_0_1641075239496836000.png;img_Drone1_3_7_1641075239497430000.png
Drone1	1641075227990	-255.924	40.063	11.3919	0.0405219	-0.0541195	0.021921	0.997471	img_Drone1_3_0_1641075239983439000.png;img_Drone1_3_7_1641075239984026000.png
Drone1	1641075228551	-251.857	43.4109	12.4987	0.0396048	-0.0182577	-0.0135569	0.998957	img_Drone1_3_0_1641075240590446000.png;img_Drone1_3_7_1641075240591041000.png
Drone1	1641075229095	-247.877	46.6547	13.5066	0.0389407	0.00560798	-0.0358613	0.998582	img_Drone1_3_0_1641075241153755000.png;img_Drone1_3_7_1641075241154266000.png
Drone1	1641075229824	-242.685	51.2274	14.7997	0.0387249	0.0123713	-0.0382093	0.998443	img_Drone1_3_0_1641075242023710000.png;img_Drone1_3_7_1641075242024245000.png
Drone1	1641075230286	-239.513	54.2635	15.6249	0.0389543	0.0039374	-0.0290677	0.99881	img_Drone1_3_0_1641075242519550000.png;img_Drone1_3_7_1641075242523675000.png
Drone1	1641075230862	-235.633	58.1332	16.6588	0.0393151	-0.00933415	-0.0163918	0.999049	img_Drone1_3_0_1641075243148683000.png;img_Drone1_3_7_1641075243149777000.png
Drone1	1641075231312	-232.613	61.1708	17.4621	0.0395155	-0.0167884	-0.00921416	0.999035	img_Drone1_3_0_1641075243718094000.png;img_Drone1_3_7_1641075243718768000.png
Drone1	1641075231822	-229.162	64.5887	18.3676	0.0396067	-0.0199576	-0.00581482	0.998999	img_Drone1_3_0_1641075244268398000.png;img_Drone1_3_7_1641075244268956000.png
Drone1	1641075232362	-225.46	68.1624	19.3256	0.0395683	-0.0180312	-0.00732886	0.999027	img_Drone1_3_0_1641075244837983000.png;img_Drone1_3_7_1641075244838536000.png
Drone1	1641075233205	-219.617	73.6758	20.8223	0.0394124	-0.0114517	-0.0135366	0.999066	img_Drone1_3_0_1641075245867178000.png;img_Drone1_3_7_1641075245867784000.png
Drone1	1641075234201	-212.707	80.1868	22.5888	0.0393326	-0.00810967	-0.0166687	0.999054	img_Drone1_3_0_1641075247059161000.png;img_Drone1_3_7_1641075247059819000.png
Drone1	1641075234810	-208.506	84.2131	23.6744	0.0393586	-0.00914834	-0.0156587	0.999061	img_Drone1_3_0_1641075247670144000.png;img_Drone1_3_7_1641075247673950000.png
Drone1	1641075235359	-204.731	87.8168	24.6431	0.0393954	-0.010647	-0.0142335	0.999066	img_Drone1_3_0_1641075248256527000.png;img_Drone1_3_7_1641075248257232000.png
Drone1	1641075235824	-201.535	90.8878	25.4679	0.0394197	-0.0116372	-0.0132911	0.999067	img_Drone1_3_0_1641075248742289000.png;img_Drone1_3_7_1641075248760870000.png
Drone1	1641075236262	-198.522	93.7782	26.2448	0.0394296	-0.0120345	-0.0129083	0.999067	img_Drone1_3_0_1641075249249673000.png;img_Drone1_3_7_1641075249253819000.png
Drone1	1641075236913	-194.038	98.0677	27.3995	0.0394247	-0.0118296	-0.0130982	0.999067	img_Drone1_3_0_1641075249918221000.png;img_Drone1_3_7_1641075249919317000.png
Drone1	1641075237474	-190.169	101.759	28.3945	0.0394121	-0.0113156	-0.0135877	0.999067	img_Drone1_3_0_1641075250527141000.png;img_Drone1_3_7_1641075250527820000.png
Drone1	1641075237915	-187.126	104.659	29.1766	0.0394031	-0.0109362	-0.0139506	0.999066	img_Drone1_3_0_1641075251005126000.png;img_Drone1_3_7_1641075251005845000.png
Drone1	1641075238536	-182.842	108.745	30.278	0.0393975	-0.0107076	-0.0141715	0.999066	img_Drone1_3_0_1641075251644782000.png;img_Drone1_3_7_1641075251645707000.png
Drone1	1641075238986	-179.739	111.707	31.0762	0.0393981	-0.0107311	-0.014151	0.999066	img_Drone1_3_0_1641075252107366000.png;img_Drone1_3_7_1641075252111531000.png
Drone1	1641075239559	-175.79	115.48	32.0924	0.0394027	-0.0109153	-0.0139784	0.999066	img_Drone1_3_0_1641075252728190000.png;img_Drone1_3_7_1641075252728953000.png
Drone1	1641075240027	-172.565	118.562	32.9225	0.0394061	-0.0110488	-0.0138527	0.999066	img_Drone1_3_0_1641075253214197000.png;img_Drone1_3_7_1641075253215749000.png
Drone1	1641075240600	-168.616	122.336	33.9389	0.0394082	-0.0111371	-0.0137712	0.999066	img_Drone1_3_0_1641075253806194000.png;img_Drone1_3_7_1641075253819140000.png
Drone1	1641075241026	-165.68	125.142	34.6946	0.0394088	-0.0111588	-0.0137531	0.999066	img_Drone1_3_0_1641075254248552000.png;img_Drone1_3_7_1641075254250822000.png
Drone1	1641075241584	-161.834	128.815	35.6842	0.0394084	-0.0111307	-0.0137839	0.999066	img_Drone1_3_0_1641075254865773000.png;img_Drone1_3_7_1641075254867113000.png
Drone1	1641075242145	-157.968	132.508	36.679	0.039407	-0.0110642	-0.0138483	0.999066	img_Drone1_3_0_1641075255469449000.png;img_Drone1_3_7_1641075255470213000.png
Drone1	1641075242703	-154.122	136.18	37.6684	0.0394059	-0.0110263	-0.0138861	0.999066	img_Drone1_3_0_1641075256030409000.png;img_Drone1_3_7_1641075256031439000.png
Drone1	1641075243198	-150.711	139.438	38.5461	0.0394058	-0.0110103	-0.0139033	0.999066	img_Drone1_3_0_1641075256533370000.png;img_Drone1_3_7_1641075256534810000.png
Drone1	1641075243657	-147.547	142.46	39.3601	0.0394063	-0.0110248	-0.0138902	0.999066	img_Drone1_3_0_1641075257018724000.png;img_Drone1_3_7_1641075257019929000.png
Drone1	1641075244254	-143.433	146.392	40.419	0.0394086	-0.011125	-0.0137972	0.999066	img_Drone1_3_0_1641075257618470000.png;img_Drone1_3_7_1641075257619367000.png
Drone1	1641075244998	-138.305	151.289	41.7383	0.039407	-0.0110617	-0.0138608	0.999066	img_Drone1_3_0_1641075258370969000.png;img_Drone1_3_7_1641075258371867000.png
Drone1	1641075245712	-133.384	155.988	43.0042	0.039406	-0.0110224	-0.0139018	0.999066	img_Drone1_3_0_1641075259099416000.png;img_Drone1_3_7_1641075259100217000.png
Drone1	1641075246246	-129.704	159.503	43.9511	0.039406	-0.0110104	-0.0139162	0.999066	img_Drone1_3_0_1641075259657826000.png;img_Drone1_3_7_1641075259658616000.png
Drone1	1641075246795	-125.921	163.119	44.9249	0.0394079	-0.0110965	-0.0138346	0.999066	img_Drone1_3_0_1641075260220338000.png;img_Drone1_3_7_1641075260221125000.png
Drone1	1641075247092	-123.874	165.075	45.4517	0.0394087	-0.0111314	-0.0138036	0.999066	img_Drone1_3_0_1641075260568302000.png;img_Drone1_3_7_1641075260569553000.png
Drone1	1641075247887	-118.395	170.307	46.8613	0.0394069	-0.0110576	-0.013877	0.999066	img_Drone1_3_0_1641075261377470000.png;img_Drone1_3_7_1641075261378231000.png
Drone1	1641075248469	-114.384	174.138	47.8933	0.0394062	-0.0110278	-0.0139081	0.999066	img_Drone1_3_0_1641075261958220000.png;img_Drone1_3_7_1641075261963146000.png
Drone1	1641075248865	-111.634	176.764	48.6008	0.0394062	-0.0110175	-0.0139199	0.999066	img_Drone1_3_0_1641075262365835000.png;img_Drone1_3_7_1641075262371712000.png
Drone1	1641075249405	-107.933	180.3	49.5532	0.0394075	-0.0110745	-0.0138665	0.999066	img_Drone1_3_0_1641075262918971000.png;img_Drone1_3_7_1641075262919737000.png
Drone1	1641075249807	-105.162	182.948	50.2663	0.0394089	-0.0111349	-0.0138113	0.999066	img_Drone1_3_0_1641075263421456000.png;img_Drone1_3_7_1641075263422218000.png
Drone1	1641075250737	-98.7527	189.068	51.9153	0.0394068	-0.0110551	-0.0138915	0.999066	img_Drone1_3_0_1641075264396375000.png;img_Drone1_3_7_1641075264397154000.png
Drone1	1641075251247	-95.2379	192.425	52.8195	0.0394063	-0.0110314	-0.0139165	0.999066	img_Drone1_3_0_1641075264951603000.png;img_Drone1_3_7_1641075264952440000.png
Drone1	1641075251760	-91.7023	195.802	53.7292	0.0394062	-0.0110203	-0.0139294	0.999065	img_Drone1_3_0_1641075265466927000.png;img_Drone1_3_7_1641075265467677000.png
Drone1	1641075252432	-87.071	200.228	54.9211	0.0394087	-0.0111278	-0.0138287	0.999066	img_Drone1_3_0_1641075266157827000.png;img_Drone1_3_7_1641075266158597000.png
Drone1	1641075252807	-84.4865	202.696	55.5861	0.0394086	-0.0111241	-0.0138345	0.999066	img_Drone1_3_0_1641075266585778000.png;img_Drone1_3_7_1641075266586579000.png
Drone1	1641075253491	-79.7725	207.198	56.7989	0.0394069	-0.0110593	-0.0138992	0.999065	img_Drone1_3_0_1641075267292379000.png;img_Drone1_3_7_1641075267293230000.png
Drone1	1641075253905	-76.9192	209.923	57.5331	0.0394064	-0.0110392	-0.0139202	0.999065	img_Drone1_3_0_1641075267711779000.png;img_Drone1_3_7_1641075267712581000.png
Drone1	1641075254364	-73.7558	212.944	58.3469	0.0394063	-0.0110267	-0.013935	0.999065	img_Drone1_3_0_1641075268193545000.png;img_Drone1_3_7_1641075268194277000.png
Drone1	1641075255075	-68.8557	217.627	59.608	0.0394085	-0.0111186	-0.0138484	0.999065	img_Drone1_3_0_1641075268957773000.png;img_Drone1_3_7_1641075268962907000.png
Drone1	1641075255537	-65.6717	220.668	60.4272	0.0394087	-0.0111292	-0.0138413	0.999065	img_Drone1_3_0_1641075269463988000.png;img_Drone1_3_7_1641075269464757000.png
Drone1	1641075255960	-62.7564	223.452	61.1773	0.0394076	-0.0110841	-0.0138859	0.999065	img_Drone1_3_0_1641075269952408000.png;img_Drone1_3_7_1641075269953173000.png
Drone1	1641075256479	-59.1795	226.868	62.0975	0.0394067	-0.0110505	-0.0139206	0.999065	img_Drone1_3_0_1641075270487842000.png;img_Drone1_3_7_1641075270488654000.png
Drone1	1641075256971	-55.7887	230.106	62.97	0.0394065	-0.0110344	-0.0139376	0.999065	img_Drone1_3_0_1641075270998620000.png;img_Drone1_3_7_1641075270999407000.png
Drone1	1641075257787	-50.1649	235.48	64.4169	0.0394086	-0.0111204	-0.0138564	0.999065	img_Drone1_3_0_1641075271837299000.png;img_Drone1_3_7_1641075271838137000.png
Drone1	1641075258396	-45.9678	239.488	65.4968	0.0394084	-0.0111132	-0.0138644	0.999065	img_Drone1_3_0_1641075272453565000.png;img_Drone1_3_7_1641075272454321000.png
Drone1	1641075258702	-43.8588	241.502	66.0393	0.0394077	-0.0110837	-0.0138952	0.999065	img_Drone1_3_0_1641075272791459000.png;img_Drone1_3_7_1641075272792190000.png
Drone1	1641075259302	-39.7237	245.451	67.1032	0.0394067	-0.0110494	-0.0139322	0.999065	img_Drone1_3_0_1641075273583864000.png;img_Drone1_3_7_1641075273584624000.png
Drone1	1641075259857	-35.8987	249.104	68.0873	0.0394067	-0.0110346	-0.0139491	0.999065	img_Drone1_3_0_1641075274244002000.png;img_Drone1_3_7_1641075274244753000.png
Drone1	1641075260331	-32.6325	252.226	68.9281	0.0394085	-0.011103	-0.0138856	0.999065	img_Drone1_3_0_1641075274756470000.png;img_Drone1_3_7_1641075274758147000.png
Drone1	1641075260946	-28.3943	256.275	70.0185	0.0394097	-0.0111508	-0.0138435	0.999065	img_Drone1_3_0_1641075275377338000.png;img_Drone1_3_7_1641075275378292000.png
Drone1	1641075261480	-24.7141	259.789	70.9654	0.0394084	-0.0110917	-0.0139019	0.999065	img_Drone1_3_0_1641075275900453000.png;img_Drone1_3_7_1641075275915113000.png
Drone1	1641075261942	-21.53	262.83	71.7846	0.0394074	-0.011061	-0.0139322	0.999065	img_Drone1_3_0_1641075276375946000.png;img_Drone1_3_7_1641075276376644000.png
Drone1	1641075262596	-17.0229	267.134	72.9442	0.0394073	-0.0110456	-0.013951	0.999065	img_Drone1_3_0_1641075277027655000.png;img_Drone1_3_7_1641075277034676000.png
Drone1	1641075263127	-13.3637	270.629	73.8856	0.0394073	-0.0110511	-0.0139477	0.999065	img_Drone1_3_0_1641075277568332000.png;img_Drone1_3_7_1641075277568932000.png
Drone1	1641075263613	-10.0148	273.828	74.7473	0.0394073	-0.011061	-0.0139399	0.999065	img_Drone1_3_0_1641075278072508000.png;img_Drone1_3_7_1641075278073030000.png
Drone1	1641075264252	-5.61183	278.034	75.8803	0.0394073	-0.0110762	-0.0139294	0.999065	img_Drone1_3_0_1641075278756675000.png;img_Drone1_3_7_1641075278757268000.png
Drone1	1641075264561	-3.48273	280.067	76.4282	0.0394073	-0.0110823	-0.0139243	0.999065	img_Drone1_3_0_1641075279082315000.png;img_Drone1_3_7_1641075279082724000.png
Drone1	1641075265161	0.65138	284.016	77.4918	0.0394073	-0.0110924	-0.0139174	0.999065	img_Drone1_3_0_1641075279744015000.png;img_Drone1_3_7_1641075279745877000.png
Drone1	1641075265494	2.9458	286.208	78.0822	0.0394073	-0.0110975	-0.013914	0.999065	img_Drone1_3_0_1641075280091962000.png;img_Drone1_3_7_1641075280092293000.png
Drone1	1641075266184	7.70068	290.755	79.1651	0.0389537	0.0228072	0.0119413	0.998909	img_Drone1_3_0_1641075280788008000.png;img_Drone1_3_7_1641075280788344000.png
Drone1	1641075266691	10.5986	293.586	79.3828	0.0215647	0.206132	0.200893	0.957437	img_Drone1_3_0_1641075281322442000.png;img_Drone1_3_7_1641075281322790000.png
Drone1	1641075267318	12.2846	295.315	78.9978	0.0170751	0.141279	0.14447	0.979223	img_Drone1_3_0_1641075282001201000.png;img_Drone1_3_7_1641075282001630000.png
Drone1	1641075267783	12.5721	295.654	78.2361	0.0159568	0.0932714	0.0995008	0.990528	img_Drone1_3_0_1641075282486036000.png;img_Drone1_3_7_1641075282486691000.png
Drone1	1641075268512	12.0818	295.211	76.1519	0.0153211	0.0376007	0.042639	0.998265	img_Drone1_3_0_1641075283298622000.png;img_Drone1_3_7_1641075283300007000.png
Drone1	1641075268770	11.7664	294.901	75.2659	0.0152251	0.0247437	0.0287372	0.999165	img_Drone1_3_0_1641075283594089000.png;img_Drone1_3_7_1641075283594388000.png
Drone1	1641075269448	10.8131	293.946	72.9655	0.0151056	0.00508068	0.00692688	0.999849	img_Drone1_3_0_1641075284355688000.png;img_Drone1_3_7_1641075284355987000.png
Drone1	1641075269823	10.257	293.381	71.6816	0.0150796	-0.000991726	0.000123635	0.999886	img_Drone1_3_0_1641075284757922000.png;img_Drone1_3_7_1641075284760644000.png
Drone1	1641075270273	9.59626	292.707	70.1082	0.015061	-0.00690431	-0.00643258	0.999842	img_Drone1_3_0_1641075285234802000.png;img_Drone1_3_7_1641075285235122000.png
Drone1	1641075270822	8.83447	291.925	68.1135	0.0150414	-0.0149936	-0.015223	0.999659	img_Drone1_3_0_1641075285798690000.png;img_Drone1_3_7_1641075285799231000.png
Drone1	1641075271425	8.11412	291.183	65.7879	0.0150049	-0.0289833	-0.0302315	0.99901	img_Drone1_3_0_1641075286445604000.png;img_Drone1_3_7_1641075286445990000.png
Drone1	1641075271938	7.67295	290.725	63.6951	0.0149466	-0.0445832	-0.0469612	0.997789	img_Drone1_3_0_1641075286973579000.png;img_Drone1_3_7_1641075286973988000.png
Drone1	1641075272319	7.49177	290.535	62.1222	0.0149162	-0.0446457	-0.0473722	0.997768	img_Drone1_3_0_1641075287365460000.png;img_Drone1_3_7_1641075287366024000.png
Drone1	1641075272760	7.43667	290.474	60.3379	0.0148969	-0.0317554	-0.0341123	0.998802	img_Drone1_3_0_1641075287820317000.png;img_Drone1_3_7_1641075287820769000.png
Drone1	1641075273417	7.56075	290.599	57.7331	0.0148501	-0.00852037	-0.00956374	0.999808	img_Drone1_3_0_1641075288513650000.png;img_Drone1_3_7_1641075288517866000.png
Drone1	1641075273783	7.67483	290.716	56.2828	0.0148212	0.0022003	0.0019421	0.999886	img_Drone1_3_0_1641075288896870000.png;img_Drone1_3_7_1641075288897346000.png
Drone1	1641075274554	7.87276	290.923	53.2044	0.0147802	0.0147502	0.0156539	0.999659	img_Drone1_3_0_1641075289850314000.png;img_Drone1_3_7_1641075289850712000.png
Drone1	1641075275109	7.91913	290.974	50.986	0.0147727	0.0122438	0.0132161	0.999729	img_Drone1_3_0_1641075290430191000.png;img_Drone1_3_7_1641075290430592000.png
Drone1	1641075275454	7.90881	290.964	49.6106	0.01477	0.00794889	0.00869953	0.999821	img_Drone1_3_0_1641075290774738000.png;img_Drone1_3_7_1641075290775154000.png
Drone1	1641075276121	7.8451	290.899	46.9575	0.0147622	-0.00058831	-0.000449389	0.999891	img_Drone1_3_0_1641075291450199000.png;img_Drone1_3_7_1641075291450623000.png
Drone1	1641075276664	7.79211	290.843	44.7923	0.0147569	-0.00473303	-0.00497528	0.999868	img_Drone1_3_0_1641075292021877000.png;img_Drone1_3_7_1641075292022283000.png
Drone1	1641075277045	7.76979	290.82	43.2725	0.0147552	-0.00537085	-0.00574552	0.99986	img_Drone1_3_0_1641075292408398000.png;img_Drone1_3_7_1641075292408816000.png
Drone1	1641075277720	7.76597	290.815	40.5808	0.0147542	-0.00307086	-0.00337483	0.999881	img_Drone1_3_0_1641075293096059000.png;img_Drone1_3_7_1641075293096528000.png
Drone1	1641075278554	7.79573	290.845	37.2561	0.0147528	0.00083996	0.000833445	0.999891	img_Drone1_3_0_1641075293949155000.png;img_Drone1_3_7_1641075293949571000.png
Drone1	1641075279325	7.81678	290.868	34.1817	0.014752	0.00199106	0.00214049	0.999887	img_Drone1_3_0_1641075294719055000.png;img_Drone1_3_7_1641075294725519000.png
Drone1	1641075279850	7.81856	290.87	32.0882	0.0147519	0.00137173	0.00149717	0.999889	img_Drone1_3_0_1641075295252522000.png;img_Drone1_3_7_1641075295252961000.png
Drone1	1641075280243	7.81477	290.866	30.5213	0.0147519	0.000614168	0.000682712	0.999891	img_Drone1_3_0_1641075295679016000.png;img_Drone1_3_7_1641075295679460000.png
Drone1	1641075280786	7.80684	290.857	28.3563	0.0147517	-0.000306083	-0.000326633	0.999891	img_Drone1_3_0_1641075296303735000.png;img_Drone1_3_7_1641075296304189000.png
Drone1	1641075281275	7.80091	290.852	26.4067	0.0147516	-0.00071703	-0.000754915	0.999891	img_Drone1_3_0_1641075296798056000.png;img_Drone1_3_7_1641075296799247000.png
Drone1	1641075282061	7.7982	290.849	23.2729	0.0147516	-0.000532791	-0.00056145	0.999891	img_Drone1_3_0_1641075297601881000.png;img_Drone1_3_7_1641075297602373000.png
Drone1	1641075282385	7.79923	290.849	21.9811	0.0147516	-0.00029891	-0.000363366	0.999891	img_Drone1_3_0_1641075297927402000.png;img_Drone1_3_7_1641075297927879000.png
Drone1	1641075283348	7.80427	290.856	18.1416	0.0147515	0.000237767	0.000401232	0.999891	img_Drone1_3_0_1641075298916088000.png;img_Drone1_3_7_1641075298916638000.png
Drone1	1641075283816	7.80567	290.856	16.2757	0.0147515	0.000281408	0.000279722	0.999891	img_Drone1_3_0_1641075299402454000.png;img_Drone1_3_7_1641075299403005000.png
Drone1	1641075284236	7.80591	290.856	14.6012	0.0147515	0.000214972	0.000159251	0.999891	img_Drone1_3_0_1641075299848833000.png;img_Drone1_3_7_1641075299849435000.png
Drone1	1641075284857	7.80503	290.856	12.1253	0.0147515	4.50968e-05	6.45123e-05	0.999891	img_Drone1_3_0_1641075300480289000.png;img_Drone1_3_7_1641075300480799000.png
Drone1	1641075285550	7.80365	290.856	9.36228	0.0147515	-8.86635e-05	2.20275e-05	0.999891	img_Drone1_3_0_1641075301190770000.png;img_Drone1_3_7_1641075301196285000.png
Drone1	1641075285907	7.80319	290.856	7.93893	0.0147515	-0.000108595	1.22809e-05	0.999891	img_Drone1_3_0_1641075301558179000.png;img_Drone1_3_7_1641075301558740000.png
Drone1	1641075286798	7.80311	290.856	4.38651	0.0147515	-4.86258e-05	3.06158e-06	0.999891	img_Drone1_3_0_1641075302455723000.png;img_Drone1_3_7_1641075302461358000.png
Drone1	1641075287272	7.80346	290.856	2.49668	0.0147515	1.18572e-07	1.90173e-06	0.999891	img_Drone1_3_0_1641075302941297000.png;img_Drone1_3_7_1641075302941823000.png
Drone1	1641075287749	7.80381	290.856	0.594885	0.0147515	3.24916e-05	1.42999e-06	0.999891	img_Drone1_3_0_1641075303423372000.png;img_Drone1_3_7_1641075303424099000.png
Drone1	1641075288139	7.80401	290.856	-0.960037	0.0147515	4.10845e-05	1.14542e-06	0.999891	img_Drone1_3_0_1641075303862550000.png;img_Drone1_3_7_1641075303863127000.png
Drone1	1641075288781	7.80408	290.856	-3.51969	0.0147515	3.31647e-05	3.71212e-05	0.999891	img_Drone1_3_0_1641075304559268000.png;img_Drone1_3_7_1641075304559860000.png
Drone1	1641075289003	7.80403	290.856	-4.4048	0.0147515	4.48042e-05	0.00019582	0.999891	img_Drone1_3_0_1641075304814118000.png;img_Drone1_3_7_1641075304814633000.png
Drone1	1641075289837	8.43218	291.421	-6.41333	0.0108793	-0.288819	-0.243946	0.925719	img_Drone1_3_0_1641075305719672000.png;img_Drone1_3_7_1641075305720209000.png
Drone1	1641075290536	11.7329	294.225	-6.99056	0.00404175	-0.275032	-0.244406	0.929842	img_Drone1_3_0_1641075306441268000.png;img_Drone1_3_7_1641075306442064000.png
Drone1	1641075291148	16.4071	298.458	-6.4867	-0.0598538	-0.0668921	-0.276489	0.956816	img_Drone1_3_0_1641075307058668000.png;img_Drone1_3_7_1641075307062181000.png
Drone1	1641075291688	20.8215	303.86	-5.7795	-0.0934633	0.049861	-0.277755	0.954794	img_Drone1_3_0_1641075307612159000.png;img_Drone1_3_7_1641075307612772000.png
Drone1	1641075292165	24.3023	309.875	-5.01019	-0.101042	0.0761579	-0.274516	0.953222	img_Drone1_3_0_1641075308102135000.png;img_Drone1_3_7_1641075308104699000.png
Drone1	1641075292462	26.2562	314.001	-4.19094	-0.0985561	0.0676043	-0.275438	0.953861	img_Drone1_3_0_1641075308469634000.png;img_Drone1_3_7_1641075308470277000.png
Drone1	1641075293056	29.7541	323.072	-1.79227	-0.0858076	0.0241115	-0.28058	0.955683	img_Drone1_3_0_1641075309126508000.png;img_Drone1_3_7_1641075309127338000.png
Drone1	1641075293749	33.4504	335.128	1.95889	-0.0672901	-0.0384316	-0.284467	0.955549	img_Drone1_3_0_1641075309856321000.png;img_Drone1_3_7_1641075309856897000.png
Drone1	1641075294121	35.4486	342.274	4.27155	-0.0574897	-0.0710144	-0.284509	0.954309	img_Drone1_3_0_1641075310250447000.png;img_Drone1_3_7_1641075310251845000.png
Drone1	1641075294679	38.6948	353.79	8.12473	-0.0447881	-0.112396	-0.282277	0.951673	img_Drone1_3_0_1641075310830316000.png;img_Drone1_3_7_1641075310831935000.png
Drone1	1641075295222	42.3027	365.715	12.4364	-0.0331389	-0.135089	-0.243194	0.959953	img_Drone1_3_0_1641075311398740000.png;img_Drone1_3_7_1641075311399360000.png
Drone1	1641075295798	46.8634	378.996	17.0943	-0.0215603	-0.138447	-0.165545	0.976198	img_Drone1_3_0_1641075311996424000.png;img_Drone1_3_7_1641075311997064000.png
Drone1	1641075296200	50.5928	388.483	19.9976	-0.0206371	-0.126241	-0.14429	0.981233	img_Drone1_3_0_1641075312416868000.png;img_Drone1_3_7_1641075312417377000.png
Drone1	1641075296848	57.3945	403.932	23.9399	-0.0271727	-0.0845298	-0.148541	0.984912	img_Drone1_3_0_1641075313128414000.png;img_Drone1_3_7_1641075313128890000.png
Drone1	1641075297154	60.824	411.288	25.5222	-0.031662	-0.0604266	-0.158973	0.984923	img_Drone1_3_0_1641075313474256000.png;img_Drone1_3_7_1641075313474690000.png
Drone1	1641075297802	68.1577	426.845	29.0401	-0.0398349	-0.0162918	-0.177685	0.983146	img_Drone1_3_0_1641075314178148000.png;img_Drone1_3_7_1641075314178580000.png
Drone1	1641075298348	74.2078	439.98	32.2466	-0.0418301	-0.0052197	-0.179009	0.982944	img_Drone1_3_0_1641075314754650000.png;img_Drone1_3_7_1641075314758571000.png
Drone1	1641075298786	78.9306	450.563	34.895	-0.0407018	-0.0114502	-0.174726	0.983709	img_Drone1_3_0_1641075315225319000.png;img_Drone1_3_7_1641075315225726000.png
Drone1	1641075299209	83.4063	460.813	37.4866	-0.0386519	-0.0227915	-0.169236	0.984554	img_Drone1_3_0_1641075315663038000.png;img_Drone1_3_7_1641075315663851000.png
Drone1	1641075299638	87.9033	471.222	40.1262	-0.0366479	-0.0338624	-0.164245	0.985157	img_Drone1_3_0_1641075316140538000.png;img_Drone1_3_7_1641075316140855000.png
Drone1	1641075300250	94.3228	486.071	43.8863	-0.0349953	-0.042972	-0.160195	0.985528	img_Drone1_3_0_1641075316770333000.png;img_Drone1_3_7_1641075316770818000.png
Drone1	1641075300772	99.8441	498.719	47.0819	-0.0348584	-0.043715	-0.159849	0.985557	img_Drone1_3_0_1641075317303841000.png;img_Drone1_3_7_1641075317304104000.png
Drone1	1641075301225	104.674	509.681	49.848	-0.0353459	-0.0410059	-0.161019	0.985465	img_Drone1_3_0_1641075317798041000.png;img_Drone1_3_7_1641075317798376000.png
Drone1	1641075301741	110.201	522.162	52.9937	-0.0360728	-0.036962	-0.162759	0.985313	img_Drone1_3_0_1641075318338889000.png;img_Drone1_3_7_1641075318339083000.png
Drone1	1641075302221	115.351	533.768	55.9177	-0.0365973	-0.0340395	-0.164008	0.985192	img_Drone1_3_0_1641075318824784000.png;img_Drone1_3_7_1641075318824958000.png
Drone1	1641075302788	121.424	547.484	59.3726	-0.0368117	-0.0328472	-0.164538	0.985136	img_Drone1_3_0_1641075319395489000.png;img_Drone1_3_7_1641075319395666000.png
Drone1	1641075303340	127.322	560.839	62.7379	-0.036733	-0.0332913	-0.164389	0.985149	img_Drone1_3_0_1641075319972093000.png;img_Drone1_3_7_1641075319972256000.png
Drone1	1641075303742	131.609	570.572	65.19	-0.0365619	-0.0342503	-0.164027	0.985183	img_Drone1_3_0_1641075320379266000.png;img_Drone1_3_7_1641075320379431000.png
Drone1	1641075304111	135.541	579.505	67.4412	-0.0364057	-0.0351255	-0.163699	0.985212	img_Drone1_3_0_1641075320752187000.png;img_Drone1_3_7_1641075320752371000.png
Drone1	1641075304858	143.502	597.59	71.9987	-0.0362335	-0.0360968	-0.163367	0.985239	img_Drone1_3_0_1641075321514075000.png;img_Drone1_3_7_1641075321514281000.png
Drone1	1641075305278	147.981	607.75	74.5605	-0.0362553	-0.0359819	-0.163451	0.985228	img_Drone1_3_0_1641075321937625000.png;img_Drone1_3_7_1641075321937864000.png
Drone1	1641075305662	152.078	617.039	76.9017	-0.0363077	-0.0356962	-0.163604	0.985211	img_Drone1_3_0_1641075322352237000.png;img_Drone1_3_7_1641075322352547000.png
Drone1	1641075306280	158.673	631.989	80.669	-0.0364121	-0.0351302	-0.16393	0.985174	img_Drone1_3_0_1641075323010245000.png;img_Drone1_3_7_1641075323010610000.png
Drone1	1641075306931	165.549	647.734	84.7348	-0.0811502	0.160967	-0.149154	0.972243	img_Drone1_3_0_1641075323692082000.png;img_Drone1_3_7_1641075323692407000.png
Drone1	1641075307351	168.943	657.369	86.4034	-0.180448	0.234691	0.259405	0.919276	img_Drone1_3_0_1641075324137300000.png;img_Drone1_3_7_1641075324138062000.png
Drone1	1641075307726	170.456	663.676	85.988	-0.200651	0.205726	0.297552	0.910428	img_Drone1_3_0_1641075324530351000.png;img_Drone1_3_7_1641075324530525000.png
Drone1	1641075308362	171.034	666.814	85.2976	-0.185264	0.0830279	0.294109	0.933961	img_Drone1_3_0_1641075325244946000.png;img_Drone1_3_7_1641075325245082000.png
Drone1	1641075308770	171.143	667.036	85.039	-0.150206	-0.0291489	0.280691	0.947524	img_Drone1_3_0_1641075325684148000.png;img_Drone1_3_7_1641075325684277000.png
Drone1	1641075309190	171.729	667.12	84.1217	-0.126593	-0.0567965	0.276366	0.950984	img_Drone1_3_0_1641075326103247000.png;img_Drone1_3_7_1641075326103389000.png
Drone1	1641075309844	173.339	665.155	82.6992	-0.112576	-0.0401051	0.260179	0.958136	img_Drone1_3_0_1641075326762827000.png;img_Drone1_3_7_1641075326762964000.png
Drone1	1641075310150	174.322	663.448	82.0996	-0.110274	-0.0207033	0.203864	0.972549	img_Drone1_3_0_1641075327075666000.png;img_Drone1_3_7_1641075327075802000.png
Drone1	1641075310843	176.797	658.44	80.9439	-0.112285	-0.016313	0.0902556	0.989434	img_Drone1_3_0_1641075327776866000.png;img_Drone1_3_7_1641075327777050000.png
Drone1	1641075311188	178.102	655.664	80.5386	-0.113354	-0.0199454	0.0590795	0.991596	img_Drone1_3_0_1641075328125723000.png;img_Drone1_3_7_1641075328125864000.png
Drone1	1641075311695	180.108	651.446	79.9996	-0.114358	-0.026366	0.0333531	0.992529	img_Drone1_3_0_1641075328697878000.png;img_Drone1_3_7_1641075328698134000.png
Drone1	1641075312301	182.669	646.349	79.3517	-0.115176	-0.0374152	0.0163201	0.992506	img_Drone1_3_0_1641075329347073000.png;img_Drone1_3_7_1641075329347394000.png
Drone1	1641075312886	185.371	641.498	78.659	-0.115951	-0.0543767	0.00122996	0.991765	img_Drone1_3_0_1641075330013780000.png;img_Drone1_3_7_1641075330014225000.png
Drone1	1641075313363	187.816	637.674	77.9985	-0.116855	-0.0750536	-0.0174255	0.990156	img_Drone1_3_0_1641075330507505000.png;img_Drone1_3_7_1641075330507990000.png
Drone1	1641075313951	191.272	633.283	76.9918	-0.118952	-0.105611	-0.0564859	0.98565	img_Drone1_3_0_1641075331119458000.png;img_Drone1_3_7_1641075331119906000.png
Drone1	1641075314335	193.876	630.739	76.1968	-0.121136	-0.113828	-0.0832249	0.98257	img_Drone1_3_0_1641075331554106000.png;img_Drone1_3_7_1641075331554604000.png
Drone1	1641075314791	197.327	628.15	75.2085	-0.12305	-0.09251	-0.0802241	0.984817	img_Drone1_3_0_1641075332018149000.png;img_Drone1_3_7_1641075332018694000.png
Drone1	1641075315232	200.927	626.033	74.3306	-0.123572	-0.0597954	-0.0498759	0.989276	img_Drone1_3_0_1641075332483130000.png;img_Drone1_3_7_1641075332483703000.png
Drone1	1641075315922	206.821	623.161	72.9867	-0.123125	-0.016902	0.0042483	0.992238	img_Drone1_3_0_1641075333244713000.png;img_Drone1_3_7_1641075333245216000.png
Drone1	1641075316324	210.287	621.545	72.1433	-0.122736	-9.07103e-05	0.027166	0.992067	img_Drone1_3_0_1641075333657869000.png;img_Drone1_3_7_1641075333658377000.png
Drone1	1641075316774	214.12	619.657	71.1482	-0.122456	0.0100153	0.0401303	0.991612	img_Drone1_3_0_1641075334127048000.png;img_Drone1_3_7_1641075334127499000.png
Drone1	1641075317491	220.067	616.378	69.5325	-0.122647	0.0047759	0.032568	0.991904	img_Drone1_3_0_1641075334904144000.png;img_Drone1_3_7_1641075334904552000.png
Drone1	1641075317800	222.577	614.88	68.8399	-0.122857	-0.00175488	0.0242209	0.992127	img_Drone1_3_0_1641075335234384000.png;img_Drone1_3_7_1641075335234792000.png
Drone1	1641075318550	228.618	611.165	67.1551	-0.123272	-0.0159601	0.00627698	0.992225	img_Drone1_3_0_1641075336037779000.png;img_Drone1_3_7_1641075336038206000.png
Drone1	1641075319105	233.099	608.436	65.899	-0.123391	-0.0203718	0.000599992	0.992149	img_Drone1_3_0_1641075336614412000.png;img_Drone1_3_7_1641075336623170000.png
Drone1	1641075319573	236.905	606.185	64.8374	-0.123376	-0.0196869	0.00148744	0.992164	img_Drone1_3_0_1641075337112242000.png;img_Drone1_3_7_1641075337113862000.png
Drone1	1641075319840	239.089	604.92	64.2322	-0.123338	-0.0181611	0.00350852	0.992192	img_Drone1_3_0_1641075337402484000.png;img_Drone1_3_7_1641075337402857000.png
Drone1	1641075320437	243.988	602.125	62.8792	-0.12323	-0.0139928	0.00906039	0.992238	img_Drone1_3_0_1641075338104578000.png;img_Drone1_3_7_1641075338105077000.png
Drone1	1641075321034	248.893	599.341	61.5253	-0.123149	-0.011023	0.0130172	0.992242	img_Drone1_3_0_1641075338723906000.png;img_Drone1_3_7_1641075338724441000.png
Drone1	1641075321871	255.75	595.402	59.6261	-0.123145	-0.0108383	0.0132562	0.992241	img_Drone1_3_0_1641075339600491000.png;img_Drone1_3_7_1641075339605788000.png
Drone1	1641075322189	258.348	593.894	58.9046	-0.123164	-0.011531	0.0123487	0.992243	img_Drone1_3_0_1641075339927553000.png;img_Drone1_3_7_1641075339928248000.png
Drone1	1641075322681	262.363	591.552	57.7883	-0.123198	-0.0127499	0.0107519	0.992242	img_Drone1_3_0_1641075340452730000.png;img_Drone1_3_7_1641075340453533000.png
Drone1	1641075323234	266.866	588.924	56.5359	-0.123222	-0.0136189	0.00961419	0.992239	img_Drone1_3_0_1641075341089366000.png;img_Drone1_3_7_1641075341090222000.png
Drone1	1641075323840	271.815	586.044	55.1606	-0.123229	-0.0138545	0.00929874	0.992238	img_Drone1_3_0_1641075341706716000.png;img_Drone1_3_7_1641075341707528000.png
Drone1	1641075324356	276.032	583.598	53.9898	-0.12322	-0.0135354	0.00971451	0.99224	img_Drone1_3_0_1641075342240261000.png;img_Drone1_3_7_1641075342241030000.png
Drone1	1641075324743	279.197	581.767	53.1114	-0.123212	-0.0132738	0.0100485	0.992241	img_Drone1_3_0_1641075342648433000.png;img_Drone1_3_7_1641075342649188000.png
Drone1	1641075325385	284.448	578.736	51.6547	-0.123195	-0.0126394	0.010902	0.992242	img_Drone1_3_0_1641075343318157000.png;img_Drone1_3_7_1641075343318854000.png
Drone1	1641075325853	288.276	576.518	50.5926	-0.123196	-0.0126614	0.0108498	0.992242	img_Drone1_3_0_1641075343811551000.png;img_Drone1_3_7_1641075343812137000.png
Drone1	1641075326336	292.224	574.228	49.4963	-0.123201	-0.0128384	0.0106092	0.992242	img_Drone1_3_0_1641075344300039000.png;img_Drone1_3_7_1641075344303914000.png
Drone1	1641075327056	298.105	570.815	47.8624	-0.123207	-0.0130957	0.0102939	0.992241	img_Drone1_3_0_1641075345077303000.png;img_Drone1_3_7_1641075345077824000.png
Drone1	1641075327416	301.046	569.109	47.0457	-0.123209	-0.0131537	0.0102117	0.992241	img_Drone1_3_0_1641075345445190000.png;img_Drone1_3_7_1641075345445657000.png
Drone1	1641075328109	306.714	565.823	45.4729	-0.123207	-0.013069	0.0102925	0.992242	img_Drone1_3_0_1641075346151704000.png;img_Drone1_3_7_1641075346152238000.png
Drone1	1641075328871	312.946	562.211	43.7426	-0.123206	-0.0130091	0.0103726	0.992242	img_Drone1_3_0_1641075346985596000.png;img_Drone1_3_7_1641075346988227000.png
Drone1	1641075329234	315.915	560.491	42.9183	-0.123206	-0.0129984	0.0103873	0.992242	img_Drone1_3_0_1641075347417822000.png;img_Drone1_3_7_1641075347418382000.png
Drone1	1641075330212	323.914	555.854	40.6975	-0.123206	-0.0129871	0.0104039	0.992242	img_Drone1_3_0_1641075348502187000.png;img_Drone1_3_7_1641075348502863000.png
Drone1	1641075330752	328.33	553.295	39.4714	-0.123206	-0.0129822	0.0104056	0.992242	img_Drone1_3_0_1641075349063570000.png;img_Drone1_3_7_1641075349064191000.png
Drone1	1641075331328	333.041	550.564	38.1634	-0.123206	-0.0129787	0.0104056	0.992242	img_Drone1_3_0_1641075349691185000.png;img_Drone1_3_7_1641075349691902000.png
Drone1	1641075331940	338.046	547.663	36.7737	-0.123206	-0.012973	0.0104051	0.992242	img_Drone1_3_0_1641075350317971000.png;img_Drone1_3_7_1641075350327770000.png
Drone1	1641075332222	340.353	546.326	36.1334	-0.123206	-0.0129726	0.0104043	0.992242	img_Drone1_3_0_1641075350626473000.png;img_Drone1_3_7_1641075350627345000.png
Drone1	1641075332906	345.947	543.084	34.5802	-0.123206	-0.0129708	0.0104036	0.992242	img_Drone1_3_0_1641075351323134000.png;img_Drone1_3_7_1641075351323786000.png
Drone1	1641075333506	350.854	540.24	33.2178	-0.123206	-0.0129684	0.0104025	0.992242	img_Drone1_3_0_1641075351926958000.png;img_Drone1_3_7_1641075351931403000.png
Drone1	1641075333968	354.633	538.049	32.1687	-0.123206	-0.0129677	0.0104016	0.992242	img_Drone1_3_0_1641075352419684000.png;img_Drone1_3_7_1641075352420378000.png
Drone1	1641075334400	358.166	536.002	31.1878	-0.123206	-0.012966	0.0104003	0.992242	img_Drone1_3_0_1641075352876939000.png;img_Drone1_3_7_1641075352877593000.png
Drone1	1641075334925	362.46	533.513	29.9958	-0.123206	-0.0129629	0.0104001	0.992242	img_Drone1_3_0_1641075353414385000.png;img_Drone1_3_7_1641075353414975000.png
Drone1	1641075335393	366.287	531.294	28.9331	-0.123206	-0.0129626	0.0103984	0.992242	img_Drone1_3_0_1641075353910909000.png;img_Drone1_3_7_1641075353911547000.png
Drone1	1641075335792	369.551	529.403	28.0271	-0.123206	-0.0129606	0.0103991	0.992242	img_Drone1_3_0_1641075354318846000.png;img_Drone1_3_7_1641075354319426000.png
Drone1	1641075336512	375.439	525.99	26.3921	-0.123206	-0.012958	0.0103977	0.992242	img_Drone1_3_0_1641075355052750000.png;img_Drone1_3_7_1641075355053450000.png
Drone1	1641075336845	378.163	524.411	25.636	-0.123206	-0.0129568	0.0103974	0.992242	img_Drone1_3_0_1641075355400254000.png;img_Drone1_3_7_1641075355401247000.png
Drone1	1641075337646	384.714	520.614	23.8171	-0.123206	-0.0129543	0.010396	0.992242	img_Drone1_3_0_1641075356208853000.png;img_Drone1_3_7_1641075356213387000.png
Drone1	1641075337988	387.511	518.993	23.0405	-0.123206	-0.0129546	0.0103945	0.992242	img_Drone1_3_0_1641075356553460000.png;img_Drone1_3_7_1641075356554186000.png
Drone1	1641075338519	391.854	516.476	21.8347	-0.123206	-0.0129512	0.0103951	0.992242	img_Drone1_3_0_1641075357103139000.png;img_Drone1_3_7_1641075357103754000.png
Drone1	1641075339245	397.792	513.034	20.1862	-0.123206	-0.0129495	0.0103938	0.992242	img_Drone1_3_0_1641075357845905000.png;img_Drone1_3_7_1641075357846461000.png
Drone1	1641075339599	400.687	511.356	19.3823	-0.123206	-0.0129484	0.0103926	0.992242	img_Drone1_3_0_1641075358210480000.png;img_Drone1_3_7_1641075358211058000.png
Drone1	1641075340292	406.355	508.071	17.8087	-0.123206	-0.0129461	0.0103922	0.992242	img_Drone1_3_0_1641075358910172000.png;img_Drone1_3_7_1641075358910785000.png
Drone1	1641075340712	409.79	506.08	16.8551	-0.123206	-0.0129446	0.0103917	0.992242	img_Drone1_3_0_1641075359359599000.png;img_Drone1_3_7_1641075359363591000.png
Drone1	1641075341192	413.716	503.805	15.7651	-0.123206	-0.0129433	0.0103909	0.992242	img_Drone1_3_0_1641075359848186000.png;img_Drone1_3_7_1641075359848668000.png
Drone1	1641075341567	416.783	502.027	14.9136	-0.123206	-0.0129412	0.0103893	0.992242	img_Drone1_3_0_1641075360229870000.png;img_Drone1_3_7_1641075360230346000.png
Drone1	1641075342173	421.739	499.155	13.5375	-0.123206	-0.0129388	0.0103898	0.992242	img_Drone1_3_0_1641075360882476000.png;img_Drone1_3_7_1641075360882955000.png
Drone1	1641075342800	426.867	496.182	12.1138	-0.123206	-0.0129371	0.0103881	0.992242	img_Drone1_3_0_1641075361516408000.png;img_Drone1_3_7_1641075361516834000.png
Drone1	1641075343202	430.155	494.277	11.201	-0.123206	-0.0129359	0.0103877	0.992242	img_Drone1_3_0_1641075361931214000.png;img_Drone1_3_7_1641075361931629000.png
Drone1	1641075343622	433.59	492.286	10.2473	-0.123206	-0.0129352	0.0103858	0.992243	img_Drone1_3_0_1641075362347578000.png;img_Drone1_3_7_1641075362351122000.png
Drone1	1641075344048	437.074	490.266	9.27994	-0.123206	-0.0129332	0.0103867	0.992243	img_Drone1_3_0_1641075362816466000.png;img_Drone1_3_7_1641075362816903000.png
Drone1	1641075344651	442.006	487.408	7.91069	-0.123206	-0.0129311	0.010385	0.992243	img_Drone1_3_0_1641075363465056000.png;img_Drone1_3_7_1641075363468344000.png
Drone1	1641075345266	447.036	484.492	6.51413	-0.123206	-0.0129291	0.0103846	0.992243	img_Drone1_3_0_1641075364084662000.png;img_Drone1_3_7_1641075364085043000.png
Drone1	1641075345743	450.937	482.231	5.43099	-0.123206	-0.0129279	0.0103832	0.992243	img_Drone1_3_0_1641075364567545000.png;img_Drone1_3_7_1641075364567927000.png
Drone1	1641075346112	453.955	480.482	4.59309	-0.123206	-0.0129261	0.010384	0.992243	img_Drone1_3_0_1641075364961491000.png;img_Drone1_3_7_1641075364961885000.png
Drone1	1641075346847	459.966	476.998	2.92408	-0.123206	-0.0129248	0.0103821	0.992243	img_Drone1_3_0_1641075365705863000.png;img_Drone1_3_7_1641075365706335000.png
Drone1	1641075347366	464.211	474.538	1.74556	-0.123206	-0.0129223	0.0103812	0.992243	img_Drone1_3_0_1641075366250323000.png;img_Drone1_3_7_1641075366250926000.png
Drone1	1641075347807	467.817	472.447	0.76407	-0.123192	-0.0142291	0.0121361	0.992207	img_Drone1_3_0_1641075366700153000.png;img_Drone1_3_7_1641075366700584000.png
Drone1	1641075348164	470.687	470.785	0.408928	-0.114661	0.225003	-0.170338	0.952477	img_Drone1_3_0_1641075367064532000.png;img_Drone1_3_7_1641075367064912000.png
Drone1	1641075348917	474.072	468.771	-0.299015	-0.0925251	0.266712	-0.226115	0.932296	img_Drone1_3_0_1641075367830122000.png;img_Drone1_3_7_1641075367830424000.png
Drone1	1641075349160	474.261	468.678	-0.513855	-0.0792536	0.227198	-0.239773	0.940536	img_Drone1_3_0_1641075368071558000.png;img_Drone1_3_7_1641075368071951000.png
Drone1	1641075350126	472.453	471.121	-0.720601	-0.030874	0.0695862	-0.276203	0.95808	img_Drone1_3_0_1641075369139282000.png;img_Drone1_3_7_1641075369139695000.png
Drone1	1641075350348	471.8	472.164	-0.292324	-0.025971	0.0452552	-0.247819	0.9674	img_Drone1_3_0_1641075369362851000.png;img_Drone1_3_7_1641075369363171000.png
Drone1	1641075350897	470.1	475.344	1.49027	-0.0122458	-0.0297485	-0.149497	0.988239	img_Drone1_3_0_1641075369925108000.png;img_Drone1_3_7_1641075369926002000.png
Drone1	1641075351590	468.26	480.428	3.95864	0.000800473	-0.0972988	-0.0832387	0.991768	img_Drone1_3_0_1641075370685999000.png;img_Drone1_3_7_1641075370686541000.png
Drone1	1641075352100	467.462	484.621	5.69965	0.00331185	-0.0874198	-0.0535748	0.994724	img_Drone1_3_0_1641075371216333000.png;img_Drone1_3_7_1641075371216833000.png
Drone1	1641075352643	467.078	489.264	7.64198	0.00248369	-0.0445319	-0.0380256	0.998281	img_Drone1_3_0_1641075371770779000.png;img_Drone1_3_7_1641075371771318000.png
Drone1	1641075353312	466.931	495.111	10.0738	0.00084453	0.0071629	-0.0300742	0.999522	img_Drone1_3_0_1641075372440884000.png;img_Drone1_3_7_1641075372441400000.png
Drone1	1641075353852	466.795	499.884	11.9999	4.87705e-05	0.0311354	-0.0250979	0.9992	img_Drone1_3_0_1641075373009668000.png;img_Drone1_3_7_1641075373010284000.png
Drone1	1641075354104	466.678	502.118	12.8916	-0.000104782	0.0345693	-0.0231667	0.999134	img_Drone1_3_0_1641075373266031000.png;img_Drone1_3_7_1641075373266697000.png
Drone1	1641075354920	466.024	509.352	15.7954	0.000178901	0.0189869	-0.0218054	0.999582	img_Drone1_3_0_1641075374123059000.png;img_Drone1_3_7_1641075374123702000.png
Drone1	1641075355673	465.203	516.017	18.4895	0.000698107	-0.00329823	-0.0237946	0.999711	img_Drone1_3_0_1641075374899564000.png;img_Drone1_3_7_1641075374900171000.png
Drone1	1641075356018	464.826	519.077	19.7211	0.000844105	-0.00952961	-0.0242275	0.999661	img_Drone1_3_0_1641075375246630000.png;img_Drone1_3_7_1641075375247214000.png
Drone1	1641075356672	464.179	524.883	22.0551	0.000892096	-0.0114245	-0.0240161	0.999646	img_Drone1_3_0_1641075375926607000.png;img_Drone1_3_7_1641075375927574000.png
Drone1	1641075356951	463.929	527.364	23.0518	0.000842076	-0.00921214	-0.0237385	0.999675	img_Drone1_3_0_1641075376208328000.png;img_Drone1_3_7_1641075376208941000.png
Drone1	1641075357527	463.458	532.485	25.1107	0.000691062	-0.00264487	-0.0231905	0.999727	img_Drone1_3_0_1641075376833028000.png;img_Drone1_3_7_1641075376833707000.png
Drone1	1641075358262	462.88	539.019	27.736	0.000545809	0.00365301	-0.0226614	0.999736	img_Drone1_3_0_1641075377567579000.png;img_Drone1_3_7_1641075377568316000.png
Drone1	1641075358538	462.656	541.473	28.7212	0.000525362	0.00453379	-0.0225519	0.999735	img_Drone1_3_0_1641075377843276000.png;img_Drone1_3_7_1641075377844313000.png
Drone1	1641075359372	461.942	548.888	31.6985	0.000559784	0.00300971	-0.022598	0.99974	img_Drone1_3_0_1641075378682298000.png;img_Drone1_3_7_1641075378683224000.png
Drone1	1641075360020	461.36	554.649	34.0127	0.000621943	0.000287445	-0.0228263	0.999739	img_Drone1_3_0_1641075379339668000.png;img_Drone1_3_7_1641075379340476000.png
Drone1	1641075360587	460.848	559.69	36.038	0.000656706	-0.00123505	-0.0229648	0.999735	img_Drone1_3_0_1641075379908300000.png;img_Drone1_3_7_1641075379909134000.png
Drone1	1641075361436	460.098	567.239	39.0704	0.000653219	-0.00108556	-0.0229665	0.999735	img_Drone1_3_0_1641075380800373000.png;img_Drone1_3_7_1641075380801239000.png
Drone1	1641075361841	459.747	570.839	40.517	0.000639009	-0.000465878	-0.0229235	0.999737	img_Drone1_3_0_1641075381236158000.png;img_Drone1_3_7_1641075381236918000.png
Drone1	1641075362216	459.423	574.174	41.8565	0.000627412	3.96933e-05	-0.0228886	0.999738	img_Drone1_3_0_1641075381626967000.png;img_Drone1_3_7_1641075381627666000.png
Drone1	1641075362915	458.818	580.388	44.3528	0.000616315	0.000522785	-0.0228503	0.999739	img_Drone1_3_0_1641075382392005000.png;img_Drone1_3_7_1641075382392781000.png
Drone1	1641075363215	458.559	583.055	45.4241	0.00061404	0.000621481	-0.0228401	0.999739	img_Drone1_3_0_1641075382704503000.png;img_Drone1_3_7_1641075382705579000.png
Drone1	1641075363896	457.969	589.11	47.8559	0.000611775	0.000718859	-0.0228316	0.999739	img_Drone1_3_0_1641075383397290000.png;img_Drone1_3_7_1641075383398025000.png
Drone1	1641075364328	457.591	592.951	49.3988	0.000617761	0.000456385	-0.0228552	0.999739	img_Drone1_3_0_1641075383836540000.png;img_Drone1_3_7_1641075383839276000.png
Drone1	1641075364940	457.056	598.392	51.5845	0.000624228	0.000172602	-0.0228849	0.999738	img_Drone1_3_0_1641075384456332000.png;img_Drone1_3_7_1641075384457663000.png
Drone1	1641075365246	456.788	601.113	52.6774	0.000625952	9.66167e-05	-0.0228942	0.999738	img_Drone1_3_0_1641075384787359000.png;img_Drone1_3_7_1641075384788091000.png
Drone1	1641075365735	456.36	605.46	54.4238	0.000627493	2.83238e-05	-0.0229058	0.999738	img_Drone1_3_0_1641075385310228000.png;img_Drone1_3_7_1641075385310980000.png
Drone1	1641075366491	455.699	612.182	57.1238	0.000628499	-1.71842e-05	-0.0229157	0.999737	img_Drone1_3_0_1641075386068322000.png;img_Drone1_3_7_1641075386069105000.png
Drone1	1641075366917	455.327	615.969	58.6452	0.000628689	-2.6399e-05	-0.022919	0.999737	img_Drone1_3_0_1641075386502278000.png;img_Drone1_3_7_1641075386503068000.png
Drone1	1641075367487	454.834	621.037	60.6807	0.000620455	0.000331423	-0.0228929	0.999738	img_Drone1_3_0_1641075387083211000.png;img_Drone1_3_7_1641075387083983000.png
Drone1	1641075367916	454.461	624.851	62.2128	0.000617547	0.000457234	-0.0228841	0.999738	img_Drone1_3_0_1641075387538241000.png;img_Drone1_3_7_1641075387542608000.png
Drone1	1641075368570	453.888	630.666	64.5483	0.000623651	0.000189698	-0.0229123	0.999737	img_Drone1_3_0_1641075388236993000.png;img_Drone1_3_7_1641075388237737000.png
Drone1	1641075369038	453.479	634.826	66.2195	0.000626207	7.7094e-05	-0.0229194	0.999737	img_Drone1_3_0_1641075388711367000.png;img_Drone1_3_7_1641075388712131000.png
Drone1	1641075369515	453.062	639.067	67.923	0.000627532	1.82041e-05	-0.0229314	0.999737	img_Drone1_3_0_1641075389192621000.png;img_Drone1_3_7_1641075389193351000.png
Drone1	1641075369981	452.657	643.202	69.5837	0.000627243	2.96552e-05	-0.0229367	0.999737	img_Drone1_3_0_1641075389661789000.png;img_Drone1_3_7_1641075389662515000.png
Drone1	1641075370563	452.153	648.376	71.6621	0.000618463	0.000410885	-0.0229093	0.999737	img_Drone1_3_0_1641075390247501000.png;img_Drone1_3_7_1641075390248218000.png
Drone1	1641075371205	451.592	654.084	73.9549	0.000621212	0.000289655	-0.0229257	0.999737	img_Drone1_3_0_1641075390918820000.png;img_Drone1_3_7_1641075390919483000.png
Drone1	1641075371592	451.253	657.525	75.337	0.000624335	0.000152713	-0.0229414	0.999737	img_Drone1_3_0_1641075391308030000.png;img_Drone1_3_7_1641075391308614000.png
Drone1	1641075372219	450.705	663.099	77.5762	0.000626908	3.90515e-05	-0.0229552	0.999736	img_Drone1_3_0_1641075391960216000.png;img_Drone1_3_7_1641075391960903000.png
Drone1	1641075372636	450.34	666.807	79.0655	0.000627713	3.02307e-06	-0.0229621	0.999736	img_Drone1_3_0_1641075392388981000.png;img_Drone1_3_7_1641075392389612000.png
Drone1	1641075373626	449.482	675.609	82.601	0.000617147	0.000460923	-0.0229285	0.999737	img_Drone1_3_0_1641075393453430000.png;img_Drone1_3_7_1641075393454054000.png
Drone1	1641075373878	449.261	677.849	83.501	0.0006192	0.000371084	-0.0229371	0.999737	img_Drone1_3_0_1641075393735939000.png;img_Drone1_3_7_1641075393736617000.png
Drone1	1641075374355	448.844	682.09	85.2045	0.00062352	0.000182151	-0.0229578	0.999736	img_Drone1_3_0_1641075394276716000.png;img_Drone1_3_7_1641075394277356000.png
Drone1	1641075375228	448.08	689.852	88.3223	0.00062711	2.43934e-05	-0.0229807	0.999736	img_Drone1_3_0_1641075395171520000.png;img_Drone1_3_7_1641075395172125000.png
Drone1	1641075375702	447.667	694.066	90.0121	0.00063648	-0.00038479	-0.0235043	0.999724	img_Drone1_3_0_1641075395648093000.png;img_Drone1_3_7_1641075395648838000.png
Drone1	1641075376200	447.242	698.498	91.6409	0.00305206	-0.0233821	0.116604	0.992899	img_Drone1_3_0_1641075396146459000.png;img_Drone1_3_7_1641075396147075000.png
Drone1	1641075376578	446.993	701.365	92.3648	0.00740779	-0.0254738	0.261027	0.964967	img_Drone1_3_0_1641075396525032000.png;img_Drone1_3_7_1641075396525552000.png
Drone1	1641075377079	446.804	703.63	92.6991	0.00806045	-0.0193453	0.204815	0.978576	img_Drone1_3_0_1641075397028365000.png;img_Drone1_3_7_1641075397028821000.png
Drone1	1641075377568	446.731	704.543	92.4918	0.00832563	-0.0134165	0.14508	0.989294	img_Drone1_3_0_1641075397521431000.png;img_Drone1_3_7_1641075397521839000.png
Drone1	1641075377976	446.728	704.612	91.8798	0.0084428	-0.00939505	0.103295	0.994571	img_Drone1_3_0_1641075397931223000.png;img_Drone1_3_7_1641075397931976000.png
Drone1	1641075378627	446.792	703.893	90.1208	0.00853185	-0.0045306	0.0511073	0.998646	img_Drone1_3_0_1641075398582312000.png;img_Drone1_3_7_1641075398583272000.png
Drone1	1641075379074	446.862	703.08	88.5952	0.00856109	-0.00208798	0.0245051	0.999661	img_Drone1_3_0_1641075399038635000.png;img_Drone1_3_7_1641075399039131000.png
Drone1	1641075379740	446.979	701.712	86.3245	0.00857755	-0.000103502	0.00283547	0.999959	img_Drone1_3_0_1641075399710026000.png;img_Drone1_3_7_1641075399710540000.png
Drone1	1641075380223	447.065	700.697	84.6457	0.00858178	0.000840132	-0.0069039	0.999939	img_Drone1_3_0_1641075400195166000.png;img_Drone1_3_7_1641075400196165000.png
Drone1	1641075380694	447.146	699.745	82.956	0.00858405	0.00170528	-0.0162652	0.999829	img_Drone1_3_0_1641075400668592000.png;img_Drone1_3_7_1641075400669143000.png
Drone1	1641075381429	447.255	698.439	80.1604	0.00858635	0.00376999	-0.0385576	0.999212	img_Drone1_3_0_1641075401445746000.png;img_Drone1_3_7_1641075401446431000.png
Drone1	1641075382116	447.323	697.615	77.3587	0.00859033	0.00625953	-0.0663371	0.997741	img_Drone1_3_0_1641075402133946000.png;img_Drone1_3_7_1641075402134545000.png
Drone1	1641075382569	447.341	697.388	75.4997	0.00860596	0.00538416	-0.0583608	0.998244	img_Drone1_3_0_1641075402588398000.png;img_Drone1_3_7_1641075402589026000.png
Drone1	1641075382872	447.342	697.368	74.2813	0.00861913	0.00399044	-0.0439895	0.998987	img_Drone1_3_0_1641075402889864000.png;img_Drone1_3_7_1641075402890452000.png
Drone1	1641075383412	447.329	697.509	72.1403	0.0086388	0.00138083	-0.0162818	0.999829	img_Drone1_3_0_1641075403448348000.png;img_Drone1_3_7_1641075403448980000.png
Drone1	1641075384261	447.298	697.872	68.767	0.00865364	-0.00158847	0.015622	0.999839	img_Drone1_3_0_1641075404306902000.png;img_Drone1_3_7_1641075404307546000.png
Drone1	1641075384906	447.285	698.034	66.1867	0.00865906	-0.00192794	0.020957	0.999741	img_Drone1_3_0_1641075404951037000.png;img_Drone1_3_7_1641075404951752000.png
Drone1	1641075385182	447.284	698.052	65.0844	0.00866096	-0.00158463	0.0177492	0.999804	img_Drone1_3_0_1641075405230558000.png;img_Drone1_3_7_1641075405231144000.png
Drone1	1641075385857	447.29	697.998	62.3944	0.00866522	-0.000366828	0.00511822	0.999949	img_Drone1_3_0_1641075405912930000.png;img_Drone1_3_7_1641075405916609000.png
Drone1	1641075386235	447.293	697.939	60.8883	0.00866645	0.000147478	-0.00144301	0.999961	img_Drone1_3_0_1641075406302210000.png;img_Drone1_3_7_1641075406302890000.png
Drone1	1641075387078	447.302	697.841	57.5263	0.0086666	0.00070025	-0.00781921	0.999932	img_Drone1_3_0_1641075407173263000.png;img_Drone1_3_7_1641075407173887000.png
Drone1	1641075387582	447.303	697.829	55.5163	0.00866641	0.000562896	-0.00588642	0.999945	img_Drone1_3_0_1641075407692257000.png;img_Drone1_3_7_1641075407692841000.png
Drone1	1641075388068	447.303	697.844	53.5788	0.00866638	0.000290123	-0.00235525	0.99996	img_Drone1_3_0_1641075408197763000.png;img_Drone1_3_7_1641075408198328000.png
Drone1	1641075388527	447.301	697.872	51.7491	0.00866597	0.00010799	0.000796101	0.999962	img_Drone1_3_0_1641075408697944000.png;img_Drone1_3_7_1641075408698512000.png
Drone1	1641075388866	447.298	697.89	50.3972	0.00866554	-0.000200333	0.00238479	0.99996	img_Drone1_3_0_1641075409049158000.png;img_Drone1_3_7_1641075409049725000.png
Drone1	1641075389343	447.297	697.906	48.4951	0.00866552	-0.000301037	0.00294823	0.999958	img_Drone1_3_0_1641075409530486000.png;img_Drone1_3_7_1641075409531160000.png
Drone1	1641075389928	447.297	697.909	46.1624	0.00866582	-0.000148141	0.00189994	0.999961	img_Drone1_3_0_1641075410147146000.png;img_Drone1_3_7_1641075410147724000.png
Drone1	1641075390534	447.297	697.897	43.7459	0.0086658	-5.64678e-05	0.000124278	0.999962	img_Drone1_3_0_1641075410775680000.png;img_Drone1_3_7_1641075410776270000.png
Drone1	1641075390933	447.297	697.889	42.1548	0.0086658	-2.5497e-05	-0.000669462	0.999962	img_Drone1_3_0_1641075411188015000.png;img_Drone1_3_7_1641075411188613000.png
Drone1	1641075391383	447.297	697.88	40.3604	0.0086658	-6.13681e-06	-0.00117425	0.999962	img_Drone1_3_0_1641075411665293000.png;img_Drone1_3_7_1641075411665962000.png
Drone1	1641075392229	447.297	697.879	36.9868	0.00866581	3.83634e-07	-0.000589582	0.999962	img_Drone1_3_0_1641075412574027000.png;img_Drone1_3_7_1641075412574657000.png
Drone1	1641075392541	447.297	697.879	35.7427	0.00866581	2.73503e-07	-0.000379099	0.999962	img_Drone1_3_0_1641075412969921000.png;img_Drone1_3_7_1641075412970477000.png
Drone1	1641075393075	447.297	697.884	33.6133	0.00866581	-1.19542e-06	-2.35333e-05	0.999962	img_Drone1_3_0_1641075413522543000.png;img_Drone1_3_7_1641075413530060000.png
Drone1	1641075393636	447.297	697.888	31.3763	0.00866581	-5.16956e-06	0.000504233	0.999962	img_Drone1_3_0_1641075414091988000.png;img_Drone1_3_7_1641075414092529000.png
Drone1	1641075394077	447.297	697.888	29.6181	0.00866581	-3.11862e-06	0.000312631	0.999962	img_Drone1_3_0_1641075414565352000.png;img_Drone1_3_7_1641075414565904000.png
Drone1	1641075394668	447.297	697.888	27.2618	0.00866581	-1.35494e-06	0.000136398	0.999962	img_Drone1_3_0_1641075415154632000.png;img_Drone1_3_7_1641075415155190000.png
Drone1	1641075395121	447.297	697.888	25.4557	0.00866581	-7.02398e-07	7.07439e-05	0.999962	img_Drone1_3_0_1641075415616787000.png;img_Drone1_3_7_1641075415617320000.png
Drone1	1641075395592	447.297	697.888	23.5778	0.00866581	-3.53884e-07	3.56589e-05	0.999962	img_Drone1_3_0_1641075416096826000.png;img_Drone1_3_7_1641075416101044000.png
Drone1	1641075396108	447.297	697.888	21.5205	0.00866581	-1.66931e-07	1.68243e-05	0.999962	img_Drone1_3_0_1641075416621745000.png;img_Drone1_3_7_1641075416622354000.png
Drone1	1641075396837	447.297	697.888	18.614	0.00866581	-5.65976e-08	5.82006e-06	0.999962	img_Drone1_3_0_1641075417445043000.png;img_Drone1_3_7_1641075417445564000.png
Drone1	1641075397332	447.297	697.888	16.6404	0.00866581	-2.79059e-08	2.83335e-06	0.999962	img_Drone1_3_0_1641075417974461000.png;img_Drone1_3_7_1641075417975059000.png
Drone1	1641075397806	447.297	697.888	14.7506	0.00866581	-2.12225e-08	1.41951e-06	0.999962	img_Drone1_3_0_1641075418496005000.png;img_Drone1_3_7_1641075418500452000.png
Drone1	1641075398523	447.297	697.888	11.8919	0.00866581	-5.78393e-09	5.00938e-07	0.999962	img_Drone1_3_0_1641075419229236000.png;img_Drone1_3_7_1641075419229951000.png
Drone1	1641075398745	447.297	697.888	11.0068	0.00866581	-2.86465e-09	3.64369e-07	0.999962	img_Drone1_3_0_1641075419467059000.png;img_Drone1_3_7_1641075419467629000.png
Drone1	1641075399303	447.297	697.888	8.78205	0.00866581	8.71021e-09	1.58951e-07	0.999962	img_Drone1_3_0_1641075420095979000.png;img_Drone1_3_7_1641075420096553000.png
Drone1	1641075400008	447.297	697.888	5.97122	0.00866581	-6.3026e-09	5.71022e-08	0.999962	img_Drone1_3_0_1641075420870054000.png;img_Drone1_3_7_1641075420870635000.png
Drone1	1641075400281	447.297	697.888	4.88277	0.00866581	-7.65279e-09	3.62925e-08	0.999962	img_Drone1_3_0_1641075421157282000.png;img_Drone1_3_7_1641075421157834000.png
Drone1	1641075401004	447.297	697.888	2.00017	0.00866581	6.2855e-09	1.58036e-08	0.999962	img_Drone1_3_0_1641075421896413000.png;img_Drone1_3_7_1641075421896938000.png
Drone1	1641075401544	447.297	697.888	-0.152802	0.00866581	3.76508e-09	7.38953e-09	0.999962	img_Drone1_3_0_1641075422446974000.png;img_Drone1_3_7_1641075422447611000.png
Drone1	1641075401976	447.297	697.888	-1.87518	0.00866581	-7.72203e-09	4.15668e-09	0.999962	img_Drone1_3_0_1641075422933632000.png;img_Drone1_3_7_1641075422934239000.png
Drone1	1641075402399	447.297	697.888	-3.56168	0.00866581	-1.86295e-05	1.32339e-05	0.999962	img_Drone1_3_0_1641075423390055000.png;img_Drone1_3_7_1641075423390644000.png
Drone1	1641075403053	447.284	697.874	-5.66021	0.00570143	0.216813	0.206641	0.954075	img_Drone1_3_0_1641075424048335000.png;img_Drone1_3_7_1641075424048909000.png
Drone1	1641075403548	446.515	697.176	-6.21654	0.00543621	0.291019	0.245375	0.9247	img_Drone1_3_0_1641075424549380000.png;img_Drone1_3_7_1641075424549766000.png
Drone1	1641075404226	444.101	695.085	-5.06549	0.00248986	0.169196	0.154219	0.973439	img_Drone1_3_0_1641075425237286000.png;img_Drone1_3_7_1641075425243503000.png
Drone1	1641075404643	442.064	693.31	-3.57807	-0.00180994	0.0960947	0.106052	0.989705	img_Drone1_3_0_1641075425660442000.png;img_Drone1_3_7_1641075425660871000.png
Drone1	1641075405021	439.933	691.388	-2.26148	-0.00292593	0.0613638	0.0737609	0.995382	img_Drone1_3_0_1641075426045014000.png;img_Drone1_3_7_1641075426045529000.png
Drone1	1641075405702	435.722	687.466	-0.148956	-0.00290988	0.035345	0.0355618	0.998738	img_Drone1_3_0_1641075426753966000.png;img_Drone1_3_7_1641075426754450000.png
Drone1	1641075406044	433.506	685.382	0.84816	-0.00273395	0.0297886	0.0236161	0.999274	img_Drone1_3_0_1641075427105325000.png;img_Drone1_3_7_1641075427105858000.png
Drone1	1641075406743	428.855	681.047	2.86229	-0.00254739	0.022864	0.0111128	0.999674	img_Drone1_3_0_1641075427851415000.png;img_Drone1_3_7_1641075427851938000.png
Drone1	1641075407007	427.068	679.404	3.62469	-0.0025384	0.0207223	0.0095365	0.999737	img_Drone1_3_0_1641075428148367000.png;img_Drone1_3_7_1641075428149001000.png
Drone1	1641075407649	422.681	675.417	5.48799	-0.00258903	0.0159064	0.00978862	0.999822	img_Drone1_3_0_1641075428879705000.png;img_Drone1_3_7_1641075428880261000.png
Drone1	1641075408135	419.339	672.401	6.90506	-0.00263853	0.0131916	0.0112449	0.999846	img_Drone1_3_0_1641075429382142000.png;img_Drone1_3_7_1641075429382699000.png
Drone1	1641075408711	415.373	668.827	8.58866	-0.00267691	0.0113057	0.0125751	0.999853	img_Drone1_3_0_1641075429987634000.png;img_Drone1_3_7_1641075429988217000.png
Drone1	1641075409095	412.733	666.439	9.71196	-0.00268542	0.010873	0.0128541	0.999855	img_Drone1_3_0_1641075430405426000.png;img_Drone1_3_7_1641075430406158000.png
Drone1	1641075409803	407.877	662.023	11.784	-0.00267002	0.0114264	0.012092	0.999858	img_Drone1_3_0_1641075431142193000.png;img_Drone1_3_7_1641075431142809000.png
Drone1	1641075410487	403.194	657.751	13.7862	-0.00264759	0.0123248	0.0110853	0.999859	img_Drone1_3_0_1641075431846464000.png;img_Drone1_3_7_1641075431847093000.png
Drone1	1641075410832	400.832	655.596	14.7958	-0.00264143	0.0125712	0.0108095	0.999859	img_Drone1_3_0_1641075432222494000.png;img_Drone1_3_7_1641075432223174000.png
Drone1	1641075411552	395.903	651.099	16.9028	-0.002635	0.0128266	0.0105211	0.999859	img_Drone1_3_0_1641075432964209000.png;img_Drone1_3_7_1641075432964881000.png
Drone1	1641075411924	393.354	648.776	17.9913	-0.0026341	0.012858	0.0104782	0.999859	img_Drone1_3_0_1641075433352978000.png;img_Drone1_3_7_1641075433353600000.png
Drone1	1641075412479	389.549	645.309	19.6159	-0.00263694	0.0127305	0.0105971	0.999859	img_Drone1_3_0_1641075433929933000.png;img_Drone1_3_7_1641075433930591000.png
Drone1	1641075412839	387.081	643.061	20.67	-0.00263815	0.0126812	0.0106528	0.999859	img_Drone1_3_0_1641075434363000000.png;img_Drone1_3_7_1641075434363651000.png
Drone1	1641075413559	382.142	638.571	22.7781	-0.00264481	0.01243	0.0109697	0.999859	img_Drone1_3_0_1641075435115527000.png;img_Drone1_3_7_1641075435116255000.png
Drone1	1641075414360	376.649	633.575	25.1223	-0.0026505	0.0121951	0.0112236	0.999859	img_Drone1_3_0_1641075436061892000.png;img_Drone1_3_7_1641075436062575000.png
Drone1	1641075414813	373.543	630.745	26.4485	-0.00264582	0.012378	0.0110101	0.999859	img_Drone1_3_0_1641075436536672000.png;img_Drone1_3_7_1641075436538198000.png
Drone1	1641075415434	369.285	626.867	28.2669	-0.00264241	0.0125166	0.0108604	0.999859	img_Drone1_3_0_1641075437222350000.png;img_Drone1_3_7_1641075437223165000.png
Drone1	1641075415857	366.385	624.225	29.5057	-0.00264127	0.0125659	0.0108144	0.999859	img_Drone1_3_0_1641075437681569000.png;img_Drone1_3_7_1641075437682197000.png
Drone1	1641075416554	361.613	619.878	31.5438	-0.00264032	0.0126072	0.0107771	0.999859	img_Drone1_3_0_1641075438388556000.png;img_Drone1_3_7_1641075438389245000.png
Drone1	1641075417085	357.972	616.571	33.0982	-0.00264658	0.0123733	0.0110755	0.999859	img_Drone1_3_0_1641075438937767000.png;img_Drone1_3_7_1641075438938395000.png
Drone1	1641075417511	355.052	613.914	34.3447	-0.0026505	0.0122152	0.0112526	0.999859	img_Drone1_3_0_1641075439371631000.png;img_Drone1_3_7_1641075439372394000.png
Drone1	1641075418087	351.102	610.316	36.0305	-0.00264539	0.0124011	0.0110082	0.999859	img_Drone1_3_0_1641075439976631000.png;img_Drone1_3_7_1641075439977277000.png
Drone1	1641075418453	348.593	608.03	37.1022	-0.00264314	0.0124891	0.0109067	0.999859	img_Drone1_3_0_1641075440355233000.png;img_Drone1_3_7_1641075440355883000.png
Drone1	1641075419266	343.019	602.952	39.483	-0.00264074	0.0125932	0.0108085	0.999859	img_Drone1_3_0_1641075441186681000.png;img_Drone1_3_7_1641075441187384000.png
Drone1	1641075419671	340.242	600.427	40.6688	-0.00264243	0.0125337	0.010894	0.999859	img_Drone1_3_0_1641075441643066000.png;img_Drone1_3_7_1641075441643694000.png
Drone1	1641075420319	335.799	596.388	42.5649	-0.0026502	0.0122305	0.011253	0.999858	img_Drone1_3_0_1641075442323220000.png;img_Drone1_3_7_1641075442323965000.png
Drone1	1641075420778	332.652	593.521	43.9082	-0.00264612	0.0123771	0.0110564	0.999859	img_Drone1_3_0_1641075442806771000.png;img_Drone1_3_7_1641075442807554000.png
Drone1	1641075421618	326.893	588.275	46.3678	-0.00264159	0.0125581	0.0108557	0.999859	img_Drone1_3_0_1641075443660307000.png;img_Drone1_3_7_1641075443664197000.png
Drone1	1641075422161	323.17	584.883	47.9579	-0.00264044	0.0126104	0.0108116	0.999859	img_Drone1_3_0_1641075444207679000.png;img_Drone1_3_7_1641075444208266000.png
Drone1	1641075422605	320.126	582.118	49.2577	-0.00264543	0.0124259	0.0110505	0.999858	img_Drone1_3_0_1641075444703353000.png;img_Drone1_3_7_1641075444703928000.png
Drone1	1641075423082	316.855	579.144	50.6533	-0.00265003	0.0122422	0.0112589	0.999858	img_Drone1_3_0_1641075445224625000.png;img_Drone1_3_7_1641075445225154000.png
Drone1	1641075423538	313.729	576.296	51.9879	-0.00264595	0.012389	0.0110633	0.999859	img_Drone1_3_0_1641075445709098000.png;img_Drone1_3_7_1641075445709602000.png
Drone1	1641075423961	310.829	573.654	53.2263	-0.0026431	0.012499	0.0109331	0.999859	img_Drone1_3_0_1641075446168403000.png;img_Drone1_3_7_1641075446168878000.png
Drone1	1641075424444	307.517	570.637	54.6407	-0.00264128	0.0125771	0.0108581	0.999858	img_Drone1_3_0_1641075446745348000.png;img_Drone1_3_7_1641075446745837000.png
Drone1	1641075425095	303.054	566.574	56.5559	-0.00264098	0.0125971	0.010854	0.999858	img_Drone1_3_0_1641075447433806000.png;img_Drone1_3_7_1641075447434276000.png
Drone1	1641075425539	300.009	563.809	57.8464	-0.00264832	0.0123188	0.0111987	0.999858	img_Drone1_3_0_1641075447898269000.png;img_Drone1_3_7_1641075447898668000.png
Drone1	1641075425986	296.945	561.018	59.1543	-0.00264869	0.0122936	0.0112084	0.999858	img_Drone1_3_0_1641075448375981000.png;img_Drone1_3_7_1641075448376400000.png
Drone1	1641075426787	291.453	556.016	61.4993	-0.00264264	0.0125219	0.010928	0.999858	img_Drone1_3_0_1641075449200487000.png;img_Drone1_3_7_1641075449200857000.png
Drone1	1641075427165	288.861	553.655	62.6062	-0.00264125	0.0125819	0.0108709	0.999858	img_Drone1_3_0_1641075449588286000.png;img_Drone1_3_7_1641075449588620000.png
Drone1	1641075427768	284.727	549.89	64.3719	-0.00264015	0.0126309	0.0108278	0.999858	img_Drone1_3_0_1641075450191935000.png;img_Drone1_3_7_1641075450192280000.png
Drone1	1641075428143	282.156	547.555	65.4695	-0.00264569	0.0124231	0.0110894	0.999858	img_Drone1_3_0_1641075450607930000.png;img_Drone1_3_7_1641075450608223000.png
Drone1	1641075428686	278.433	544.168	67.0583	-0.00264914	0.0122814	0.0112428	0.999858	img_Drone1_3_0_1641075451175216000.png;img_Drone1_3_7_1641075451175514000.png
Drone1	1641075429085	275.697	541.675	68.2263	-0.00264546	0.012419	0.0110706	0.999858	img_Drone1_3_0_1641075451581111000.png;img_Drone1_3_7_1641075451581456000.png
Drone1	1641075429778	270.946	537.347	70.2551	-0.0026416	0.0125667	0.0108946	0.999858	img_Drone1_3_0_1641075452306995000.png;img_Drone1_3_7_1641075452307327000.png
Drone1	1641075430372	266.873	533.637	71.9946	-0.00264018	0.012631	0.0108399	0.999858	img_Drone1_3_0_1641075452929062000.png;img_Drone1_3_7_1641075452929349000.png
Drone1	1641075430894	263.294	530.385	73.5226	-0.00264564	0.0124292	0.011101	0.999858	img_Drone1_3_0_1641075453478774000.png;img_Drone1_3_7_1641075453482409000.png
Drone1	1641075431296	260.538	527.879	74.6989	-0.00264997	0.012261	0.0113013	0.999857	img_Drone1_3_0_1641075453924016000.png;img_Drone1_3_7_1641075453948365000.png
Drone1	1641075431854	256.712	524.393	76.3322	-0.00264518	0.0124365	0.0110745	0.999858	img_Drone1_3_0_1641075454588315000.png;img_Drone1_3_7_1641075454588775000.png
Drone1	1641075432256	253.956	521.883	77.5089	-0.0026426	0.0125332	0.010955	0.999858	img_Drone1_3_0_1641075455032213000.png;img_Drone1_3_7_1641075455032549000.png
Drone1	1641075432715	250.809	519.016	78.8529	-0.00264091	0.0126021	0.0108825	0.999858	img_Drone1_3_0_1641075455551510000.png;img_Drone1_3_7_1641075455551777000.png
Drone1	1641075433231	247.271	515.793	80.3641	-0.00263988	0.0126487	0.0108433	0.999858	img_Drone1_3_0_1641075456146564000.png;img_Drone1_3_7_1641075456147092000.png
Drone1	1641075433984	242.108	511.104	82.5679	-0.00265009	0.0122647	0.0113244	0.999857	img_Drone1_3_0_1641075456938095000.png;img_Drone1_3_7_1641075456938251000.png
Drone1	1641075434443	238.961	508.241	83.9109	-0.00265071	0.0122317	0.0113468	0.999857	img_Drone1_3_0_1641075457465379000.png;img_Drone1_3_7_1641075457465520000.png
Drone1	1641075434785	236.616	506.108	84.9117	-0.00265043	0.0122394	0.0113321	0.999857	img_Drone1_3_0_1641075457898659000.png;img_Drone1_3_7_1641075457898815000.png
Drone1	1641075435496	231.745	501.668	86.9929	-0.00264214	0.0125675	0.0109627	0.999857	img_Drone1_3_0_1641075458684541000.png;img_Drone1_3_7_1641075458684692000.png
Drone1	1641075436015	228.189	498.426	88.5121	-0.00263814	0.0127279	0.0107866	0.999857	img_Drone1_3_0_1641075459225108000.png;img_Drone1_3_7_1641075459225252000.png
Drone1	1641075436375	225.721	496.182	89.5658	-0.00264058	0.0126337	0.0109001	0.999857	img_Drone1_3_0_1641075459643029000.png;img_Drone1_3_7_1641075459643174000.png
Drone1	1641075436909	222.059	492.852	91.1284	-0.00264512	0.0124509	0.0111037	0.999857	img_Drone1_3_0_1641075460186002000.png;img_Drone1_3_7_1641075460186361000.png
Drone1	1641075437275	219.55	490.569	92.1993	-0.00264692	0.0123775	0.0111848	0.999857	img_Drone1_3_0_1641075460599696000.png;img_Drone1_3_7_1641075460599862000.png
Drone1	1641075437818	215.828	487.183	93.7884	-0.00264827	0.0123239	0.0112474	0.999857	img_Drone1_3_0_1641075461222016000.png;img_Drone1_3_7_1641075461222189000.png
Drone1	1641075438319	212.395	484.053	95.2549	-0.00264288	0.0125408	0.0110106	0.999857	img_Drone1_3_0_1641075461758384000.png;img_Drone1_3_7_1641075461759134000.png
Drone1	1641075438901	208.407	480.42	96.9584	-0.00263902	0.0126982	0.0108434	0.999857	img_Drone1_3_0_1641075462369281000.png;img_Drone1_3_7_1641075462369436000.png
Drone1	1641075439345	205.363	477.652	98.2547	-0.00264184	0.0128218	0.0111772	0.999852	img_Drone1_3_0_1641075462812245000.png;img_Drone1_3_7_1641075462812422000.png
Drone1	1641075439714	202.831	475.348	99.2531	-0.00257913	-0.00448192	-0.00953707	0.999941	img_Drone1_3_0_1641075463227249000.png;img_Drone1_3_7_1641075463227423000.png
Drone1	1641075440458	199.087	471.95	100.21	-0.00659879	-0.175044	-0.149256	0.973159	img_Drone1_3_0_1641075464010267000.png;img_Drone1_3_7_1641075464010463000.png
Drone1	1641075440770	198.366	471.26	100.227	-0.0090874	-0.12617	-0.112864	0.985525	img_Drone1_3_0_1641075464369805000.png;img_Drone1_3_7_1641075464369948000.png
Drone1	1641075441202	197.717	470.622	100.591	-0.0108334	-0.030531	-0.0247492	0.999169	img_Drone1_3_0_1641075464875587000.png;img_Drone1_3_7_1641075464875734000.png
Drone1	1641075441712	196.963	469.875	103.048	-0.0146757	0.0919904	0.0919302	0.991399	img_Drone1_3_0_1641075465411811000.png;img_Drone1_3_7_1641075465411987000.png
Drone1	1641075442177	196.14	469.055	106.79	-0.0203113	0.200609	0.196997	0.959445	img_Drone1_3_0_1641075465879913000.png;img_Drone1_3_7_1641075465880101000.png
Drone1	1641075442702	195.228	468.141	111.025	-0.0256633	0.322793	0.317041	0.891421	img_Drone1_3_0_1641075466407786000.png;img_Drone1_3_7_1641075466408019000.png
Drone1	1641075443245	195.24	468.152	110.92	-0.00294649	0.540077	0.532038	0.652108	img_Drone1_3_0_1641075466953264000.png;img_Drone1_3_7_1641075466953706000.png
Drone1	1641075443812	195.24	468.152	110.892	0.669027	0	0	0.743238	img_Drone1_3_0_1641075467533041000.png;img_Drone1_3_7_1641075467533490000.png
Drone1	1641075444205	195.24	468.152	110.892	0.669027	0	0	0.743238	img_Drone1_3_0_1641075467925313000.png;img_Drone1_3_7_1641075467925475000.png
