VehicleName	TimeStamp	POS_X	POS_Y	POS_Z	Q_W	Q_X	Q_Y	Q_Z	ImageFile
Drone1	1641237923120	-0.0959491	6.86264e-08	0.418915	3.57673e-07	0.0219619	-8.01084e-09	0.999759	img_Drone1_3_0_1641237923250334000.png;img_Drone1_3_7_1641237923250473000.png
Drone2	1641237923120	0.0959491	1.76926e-12	0.418915	0.999759	-1.56766e-10	-0.0219619	-1.30768e-10	
Drone3	1641237923120	0.0959491	1.76926e-12	0.418915	0.999759	-1.56766e-10	-0.0219619	-1.30768e-10	
Drone4	1641237923120	0.0959491	1.76926e-12	0.418915	0.999759	-1.56766e-10	-0.0219619	-1.30768e-10	
Drone1	1641237923462	-0.1949	1.39525e-07	2.02375	3.57818e-07	0.0021785	-1.15641e-09	0.999998	img_Drone1_3_0_1641237923593411000.png;img_Drone1_3_7_1641237923594106000.png
Drone2	1641237923462	0.1949	-1.22274e-10	2.02375	0.999998	-3.77436e-10	-0.0021785	-1.91201e-10	
Drone3	1641237923462	0.1949	-1.22274e-10	2.02375	0.999998	-3.77436e-10	-0.0021785	-1.91201e-10	
Drone4	1641237923462	0.1949	-1.22274e-10	2.02375	0.999998	-3.77436e-10	-0.0021785	-1.91201e-10	
Drone1	1641237923936	-0.336952	2.42205e-07	5.082	3.57943e-07	8.85714e-05	-7.17066e-10	1	img_Drone1_3_0_1641237924086419000.png;img_Drone1_3_7_1641237924087089000.png
Drone2	1641237923936	0.336952	-1.19853e-09	5.082	1	-6.85511e-10	-8.85714e-05	-3.15198e-10	
Drone3	1641237923936	0.336952	-1.19853e-09	5.082	1	-6.85511e-10	-8.85714e-05	-3.15198e-10	
Drone4	1641237923936	0.336952	-1.19853e-09	5.082	1	-6.85511e-10	-8.85714e-05	-3.15198e-10	
Drone1	1641237924416	-0.481277	3.48981e-07	8.66198	3.5809e-07	3.4616e-06	-9.98977e-10	1	img_Drone1_3_0_1641237924587063000.png;img_Drone1_3_7_1641237924587755000.png
Drone2	1641237924416	0.481277	-4.74616e-09	8.66198	1	-9.97859e-10	-3.4616e-06	-4.62582e-10	
Drone3	1641237924416	0.481277	-4.74616e-09	8.66198	1	-9.97859e-10	-3.4616e-06	-4.62582e-10	
Drone4	1641237924416	0.481277	-4.74616e-09	8.66198	1	-9.97859e-10	-3.4616e-06	-4.62582e-10	
Drone1	1641237925115	-0.691253	5.12173e-07	14.1805	3.58227e-07	9.97636e-08	-1.45267e-09	1	img_Drone1_3_0_1641237925362502000.png;img_Drone1_3_7_1641237925363196000.png
Drone2	1641237925115	0.691253	-1.77535e-08	14.1805	1	-1.45275e-09	-9.97636e-08	-5.99439e-10	
Drone3	1641237925118	0.691253	-1.77535e-08	14.1805	1	-1.45275e-09	-9.97636e-08	-5.99439e-10	
Drone4	1641237925118	0.691253	-1.77535e-08	14.1805	1	-1.45275e-09	-9.97636e-08	-5.99439e-10	
Drone1	1641237925433	-0.771664	5.78165e-07	16.3296	3.13916e-07	0	0	1	img_Drone1_3_0_1641237925680894000.png;img_Drone1_3_7_1641237925681631000.png
Drone2	1641237925433	0.751809	-2.38419e-08	15.798	1	0	0	-6.3776e-10	
Drone3	1641237925433	0.759164	0	15.9949	1	0	0	-6.41113e-10	
Drone4	1641237925433	0.786684	-2.79034e-08	16.732	1	-1.6597e-09	-9.49614e-08	-6.50214e-10	
Drone1	1641237925901	-0.771664	5.78165e-07	16.3296	3.13916e-07	0	0	1	img_Drone1_3_0_1641237926155460000.png;img_Drone1_3_7_1641237926155711000.png
Drone4	1641237925901	0.799468	0	17.0748	1	0	0	-6.63626e-10	
Drone1	1641238445143	-0.600865	3.94566e-07	-0.398511	3.58568e-07	-0.075012	5.05164e-08	0.997183	img_Drone1_3_0_1641238455960072000.png;img_Drone1_3_7_1641238455960751000.png
Drone2	1641238445143	0.220824	-2.11261e-10	2.52788	0.999999	-4.33893e-10	-0.00121024	-2.13592e-10	
Drone3	1641238445143	0.220824	-2.11261e-10	2.52788	0.999999	-4.33893e-10	-0.00121024	-2.13592e-10	
Drone4	1641238445143	0.220824	-2.11261e-10	2.52788	0.999999	-4.33893e-10	-0.00121024	-2.13592e-10	
Drone1	1641238445752	-0.587987	2.11897e-07	-0.547959	3.61242e-07	0.0021258	3.04151e-09	0.999998	img_Drone1_3_0_1641238456696413000.png;img_Drone1_3_7_1641238456697168000.png
Drone2	1641238445752	0.403708	-2.43071e-09	6.70077	1	-8.29964e-10	-1.97597e-05	-3.85707e-10	
Drone3	1641238445752	0.403708	-2.43071e-09	6.70077	1	-8.29964e-10	-1.97597e-05	-3.85707e-10	
Drone4	1641238445752	0.403708	-2.43071e-09	6.70077	1	-8.29964e-10	-1.97597e-05	-3.85707e-10	
Drone1	1641238446928	-0.463518	-3.41831e-07	-1.71576	3.5978e-07	0.00973499	-4.6373e-09	0.999953	img_Drone1_3_0_1641238458146178000.png;img_Drone1_3_7_1641238458148138000.png
Drone2	1641238446928	0.756981	-2.44143e-08	15.9364	1	-1.59527e-09	-9.64564e-08	-6.34407e-10	
Drone3	1641238446928	0.756981	-2.44143e-08	15.9364	1	-1.59527e-09	-9.64564e-08	-6.34407e-10	
Drone4	1641238446928	0.756981	-2.44143e-08	15.9364	1	-1.59527e-09	-9.64564e-08	-6.34407e-10	
Drone1	1641238447645	-0.541123	-5.6241e-07	-2.42155	3.54912e-07	0.000938824	-4.55388e-09	1	img_Drone1_3_0_1641238458966835000.png;img_Drone1_3_7_1641238458967694000.png
Drone2	1641238447645	0.751805	-2.38419e-08	15.7979	1	0	0	-6.40155e-10	
Drone3	1641238447645	0.759163	0	15.9948	1	0	0	-6.40155e-10	
Drone4	1641238447645	0.799465	0	17.0747	1	0	0	-6.67937e-10	
Drone1	1641238448206	-0.613968	-6.98248e-07	-2.97874	3.51393e-07	-0.00343789	-5.44031e-09	0.999994	img_Drone1_3_0_1641238459635954000.png;img_Drone1_3_7_1641238459636892000.png
Drone1	1641238448662	-0.659271	-7.88917e-07	-3.43371	3.48328e-07	-0.00517793	-6.81043e-09	0.999987	img_Drone1_3_0_1641238460106779000.png;img_Drone1_3_7_1641238460107745000.png
Drone1	1641238449184	-0.686033	-8.66648e-07	-3.95436	3.43485e-07	-0.00479112	-9.20495e-09	0.999988	img_Drone1_3_0_1641238460660079000.png;img_Drone1_3_7_1641238460660837000.png
Drone1	1641238449547	-0.689429	-8.97753e-07	-4.31593	3.39246e-07	-0.00353018	-1.12012e-08	0.999994	img_Drone1_3_0_1641238461026653000.png;img_Drone1_3_7_1641238461027349000.png
Drone1	1641238450099	-0.678408	-8.93355e-07	-4.86554	3.30553e-07	-0.00127899	-1.43147e-08	0.999999	img_Drone1_3_0_1641238461596051000.png;img_Drone1_3_7_1641238461596941000.png
Drone1	1641238450621	-0.660467	-8.13462e-07	-5.38554	3.25896e-07	0.000427549	-1.70985e-08	1	img_Drone1_3_0_1641238462141128000.png;img_Drone1_3_7_1641238462141915000.png
Drone1	1641238451203	-0.64295	-6.15443e-07	-5.96561	3.24248e-07	0.00139082	-1.98847e-08	0.999999	img_Drone1_3_0_1641238462742750000.png;img_Drone1_3_7_1641238462743523000.png
Drone1	1641238451683	-0.634946	-3.51582e-07	-6.44405	3.22008e-07	0.0014195	-2.19352e-08	0.999999	img_Drone1_3_0_1641238463290151000.png;img_Drone1_3_7_1641238463290885000.png
Drone1	1641238452565	-0.635252	3.28587e-07	-7.32306	3.23276e-07	0.000511801	3.64525e-08	1	img_Drone1_3_0_1641238464195825000.png;img_Drone1_3_7_1641238464196691000.png
Drone1	1641238452961	-0.638895	5.38596e-07	-7.71771	3.25043e-07	7.69628e-05	3.84462e-08	1	img_Drone1_3_0_1641238464622504000.png;img_Drone1_3_7_1641238464623437000.png
Drone1	1641238453576	-0.644734	6.3905e-07	-8.33061	3.2807e-07	-0.000345722	2.77971e-08	1	img_Drone1_3_0_1641238465308008000.png;img_Drone1_3_7_1641238465308740000.png
Drone1	1641238454080	-0.647837	5.64919e-07	-8.83289	3.30884e-07	-0.0004266	1.14211e-08	1	img_Drone1_3_0_1641238465834000000.png;img_Drone1_3_7_1641238465835002000.png
Drone1	1641238454938	-0.648633	3.52921e-07	-9.61513	3.38678e-07	-6.62755e-05	-1.38676e-08	1	img_Drone1_3_0_1641238466718227000.png;img_Drone1_3_7_1641238466719151000.png
Drone1	1641238455298	-0.745285	0.0971501	-9.6503	-0.000253532	0.232464	-0.205647	0.950615	img_Drone1_3_0_1641238467091842000.png;img_Drone1_3_7_1641238467092594000.png
Drone1	1641238455898	-2.70565	1.64762	-10.2884	-0.0284541	0.275294	-0.126963	0.952515	img_Drone1_3_0_1641238467735136000.png;img_Drone1_3_7_1641238467735910000.png
Drone1	1641238456357	-5.18592	3.35102	-9.96237	-0.0303991	0.176004	-0.0773735	0.980873	img_Drone1_3_0_1641238468212036000.png;img_Drone1_3_7_1641238468212765000.png
Drone1	1641238456888	-8.67804	5.5711	-8.93738	-0.0289635	0.0878287	-0.0466786	0.99462	img_Drone1_3_0_1641238468787272000.png;img_Drone1_3_7_1641238468788009000.png
Drone1	1641238457392	-12.3968	7.87809	-7.99509	-0.0280089	0.046999	-0.0354634	0.997872	img_Drone1_3_0_1641238469355011000.png;img_Drone1_3_7_1641238469355904000.png
Drone1	1641238457821	-15.7018	9.95251	-7.30328	-0.0275937	0.029886	-0.0310706	0.998689	img_Drone1_3_0_1641238469825294000.png;img_Drone1_3_7_1641238469826069000.png
Drone1	1641238458610	-21.8802	13.9596	-6.17884	-0.0275018	0.0197628	-0.0225074	0.999173	img_Drone1_3_0_1641238470685325000.png;img_Drone1_3_7_1641238470686232000.png
Drone1	1641238458988	-24.8496	15.9378	-5.66873	-0.0275968	0.0198274	-0.0177853	0.999264	img_Drone1_3_0_1641238471079813000.png;img_Drone1_3_7_1641238471080656000.png
Drone1	1641238459672	-30.2292	19.5565	-4.76249	-0.0277677	0.0217844	-0.0109545	0.999317	img_Drone1_3_0_1641238471795702000.png;img_Drone1_3_7_1641238471796479000.png
Drone1	1641238460122	-33.7784	21.9393	-4.17215	-0.0278249	0.0225142	-0.00872508	0.999321	img_Drone1_3_0_1641238472320004000.png;img_Drone1_3_7_1641238472320818000.png
Drone1	1641238460782	-39.0028	25.4155	-3.30958	-0.0278243	0.0220369	-0.00860071	0.999333	img_Drone1_3_0_1641238472994597000.png;img_Drone1_3_7_1641238472995381000.png
Drone1	1641238461127	-41.7414	27.2235	-2.8594	-0.0278004	0.0213337	-0.00942488	0.999341	img_Drone1_3_0_1641238473365462000.png;img_Drone1_3_7_1641238473369365000.png
Drone1	1641238461964	-48.395	31.5976	-1.76844	-0.0277389	0.0196911	-0.0116056	0.999354	img_Drone1_3_0_1641238474207934000.png;img_Drone1_3_7_1641238474208827000.png
Drone1	1641238462459	-52.3298	34.1858	-1.12388	-0.0277222	0.0192493	-0.012196	0.999356	img_Drone1_3_0_1641238474748385000.png;img_Drone1_3_7_1641238474753462000.png
Drone1	1641238462804	-55.0705	35.9925	-0.674816	-0.0277212	0.0192106	-0.0122291	0.999356	img_Drone1_3_0_1641238475158681000.png;img_Drone1_3_7_1641238475159452000.png
Drone1	1641238463641	-61.7139	40.3852	0.41434	-0.0277393	0.0196487	-0.0115657	0.999355	img_Drone1_3_0_1641238476087810000.png;img_Drone1_3_7_1641238476088670000.png
Drone1	1641238464289	-66.8545	43.7898	1.25737	-0.0277544	0.0200187	-0.0110226	0.999354	img_Drone1_3_0_1641238476759824000.png;img_Drone1_3_7_1641238476760626000.png
Drone1	1641238464730	-70.3536	46.1064	1.83107	-0.0277588	0.0201289	-0.0108608	0.999353	img_Drone1_3_0_1641238477233669000.png;img_Drone1_3_7_1641238477234427000.png
Drone1	1641238465123	-73.4725	48.1698	2.34232	-0.0277592	0.020138	-0.0108483	0.999353	img_Drone1_3_0_1641238477656880000.png;img_Drone1_3_7_1641238477657798000.png
Drone1	1641238465783	-78.7117	51.6329	3.20091	-0.0277547	0.0200259	-0.0110136	0.999353	img_Drone1_3_0_1641238478383366000.png;img_Drone1_3_7_1641238478384301000.png
Drone1	1641238466284	-82.6895	54.2607	3.85265	-0.0277505	0.0199172	-0.0111734	0.999354	img_Drone1_3_0_1641238478954901000.png;img_Drone1_3_7_1641238478955781000.png
Drone1	1641238466776	-86.5958	56.8414	4.49269	-0.027748	0.0198568	-0.0112634	0.999354	img_Drone1_3_0_1641238479506792000.png;img_Drone1_3_7_1641238479507592000.png
Drone1	1641238467262	-90.4545	59.3907	5.12491	-0.0277469	0.0198287	-0.0113058	0.999354	img_Drone1_3_0_1641238480016675000.png;img_Drone1_3_7_1641238480017504000.png
Drone1	1641238468147	-97.4792	64.0345	6.27616	-0.0277493	0.0198895	-0.0112218	0.999354	img_Drone1_3_0_1641238480905387000.png;img_Drone1_3_7_1641238480918395000.png
Drone1	1641238468666	-101.599	66.7586	6.95128	-0.0277514	0.0199447	-0.0111441	0.999354	img_Drone1_3_0_1641238481437393000.png;img_Drone1_3_7_1641238481438497000.png
Drone1	1641238469371	-107.194	70.4574	7.86827	-0.0277511	0.019935	-0.0111609	0.999354	img_Drone1_3_0_1641238482158187000.png;img_Drone1_3_7_1641238482159000000.png
Drone1	1641238469965	-111.909	73.5738	8.6409	-0.0277508	0.0199243	-0.0111797	0.999354	img_Drone1_3_0_1641238482772144000.png;img_Drone1_3_7_1641238482772853000.png
Drone1	1641238470433	-115.623	76.0291	9.24961	-0.0277506	0.0199216	-0.0111869	0.999354	img_Drone1_3_0_1641238483254016000.png;img_Drone1_3_7_1641238483254842000.png
Drone1	1641238470874	-119.124	78.3428	9.82322	-0.0277506	0.0199201	-0.0111896	0.999354	img_Drone1_3_0_1641238483756461000.png;img_Drone1_3_7_1641238483757312000.png
Drone1	1641238471669	-125.434	82.5138	10.8572	-0.0277506	0.0199198	-0.0111934	0.999354	img_Drone1_3_0_1641238484600497000.png;img_Drone1_3_7_1641238484601202000.png
Drone1	1641238472128	-129.077	84.9219	11.4542	-0.0277506	0.0199185	-0.011199	0.999354	img_Drone1_3_0_1641238485058538000.png;img_Drone1_3_7_1641238485065271000.png
Drone1	1641238472512	-132.126	86.9366	11.9538	-0.0277497	0.0198976	-0.0112304	0.999354	img_Drone1_3_0_1641238485451733000.png;img_Drone1_3_7_1641238485452496000.png
Drone1	1641238473238	-137.89	90.7456	12.8981	-0.0277485	0.0198695	-0.0112722	0.999354	img_Drone1_3_0_1641238486204036000.png;img_Drone1_3_7_1641238486206544000.png
Drone1	1641238473604	-140.795	92.6668	13.3743	-0.0277499	0.019904	-0.0112238	0.999354	img_Drone1_3_0_1641238486572146000.png;img_Drone1_3_7_1641238486572910000.png
Drone1	1641238474117	-144.866	95.3595	14.0416	-0.0277533	0.0199923	-0.0111011	0.999353	img_Drone1_3_0_1641238487084541000.png;img_Drone1_3_7_1641238487085339000.png
Drone1	1641238474885	-150.963	99.3889	15.0406	-0.0277508	0.0199292	-0.011194	0.999354	img_Drone1_3_0_1641238487916775000.png;img_Drone1_3_7_1641238487917557000.png
Drone1	1641238475467	-155.584	102.442	15.7977	-0.0277492	0.0198902	-0.0112526	0.999354	img_Drone1_3_0_1641238488536027000.png;img_Drone1_3_7_1641238488536738000.png
Drone1	1641238476148	-160.99	106.016	16.6836	-0.0277494	0.0198964	-0.0112464	0.999354	img_Drone1_3_0_1641238489286659000.png;img_Drone1_3_7_1641238489287479000.png
Drone1	1641238476844	-166.513	109.669	17.589	-0.0277537	0.020006	-0.0110943	0.999353	img_Drone1_3_0_1641238489998582000.png;img_Drone1_3_7_1641238489999382000.png
Drone1	1641238477334	-170.396	112.234	18.2251	-0.0277517	0.0199547	-0.0111691	0.999353	img_Drone1_3_0_1641238490540438000.png;img_Drone1_3_7_1641238490541161000.png
Drone1	1641238477910	-174.969	115.256	18.9744	-0.0277497	0.0199058	-0.0112415	0.999353	img_Drone1_3_0_1641238491128486000.png;img_Drone1_3_7_1641238491129440000.png
Drone1	1641238478558	-180.113	118.656	19.8173	-0.0277488	0.0198822	-0.0112779	0.999354	img_Drone1_3_0_1641238491799364000.png;img_Drone1_3_7_1641238491800256000.png
Drone1	1641238479158	-184.874	121.805	20.5978	-0.0277522	0.0199709	-0.0111548	0.999353	img_Drone1_3_0_1641238492405587000.png;img_Drone1_3_7_1641238492406952000.png
Drone1	1641238479941	-191.09	125.913	21.6163	-0.0277519	0.0199645	-0.0111681	0.999353	img_Drone1_3_0_1641238493276911000.png;img_Drone1_3_7_1641238493280211000.png
Drone1	1641238480256	-193.591	127.566	22.0261	-0.0277506	0.0199325	-0.0112148	0.999353	img_Drone1_3_0_1641238493641101000.png;img_Drone1_3_7_1641238493641880000.png
Drone1	1641238480826	-198.116	130.558	22.7675	-0.0277507	0.0199326	-0.0112164	0.999353	img_Drone1_3_0_1641238494304609000.png;img_Drone1_3_7_1641238494312371000.png
Drone1	1641238481474	-203.261	133.959	23.6106	-0.0277517	0.019958	-0.0111831	0.999353	img_Drone1_3_0_1641238494976325000.png;img_Drone1_3_7_1641238494977078000.png
Drone1	1641238482248	-209.406	138.02	24.6176	-0.027751	0.0199416	-0.0112121	0.999353	img_Drone1_3_0_1641238495747234000.png;img_Drone1_3_7_1641238495753123000.png
Drone1	1641238483001	-215.385	141.972	25.5973	-0.0277499	0.0199173	-0.0112489	0.999353	img_Drone1_3_0_1641238496602986000.png;img_Drone1_3_7_1641238496603797000.png
Drone1	1641238483427	-218.765	144.208	26.1514	-0.0277527	0.0199897	-0.0111482	0.999353	img_Drone1_3_0_1641238497090925000.png;img_Drone1_3_7_1641238497091629000.png
Drone1	1641238484231	-225.148	148.426	27.1973	-0.027751	0.0199463	-0.0112126	0.999353	img_Drone1_3_0_1641238497919294000.png;img_Drone1_3_7_1641238497919973000.png
Drone1	1641238484843	-230.007	151.637	27.9934	-0.0277481	0.0198738	-0.0113201	0.999353	img_Drone1_3_0_1641238498553028000.png;img_Drone1_3_7_1641238498554115000.png
Drone1	1641238485341	-233.959	154.251	28.6412	-0.0277517	0.0199667	-0.01119	0.999353	img_Drone1_3_0_1641238499050870000.png;img_Drone1_3_7_1641238499054517000.png
Drone1	1641238486025	-239.387	157.84	29.531	-0.0277545	0.020036	-0.0110939	0.999352	img_Drone1_3_0_1641238499784212000.png;img_Drone1_3_7_1641238499784927000.png
Drone1	1641238486706	-244.794	161.412	30.4168	-0.0277492	0.019901	-0.0112912	0.999353	img_Drone1_3_0_1641238500475585000.png;img_Drone1_3_7_1641238500476313000.png
Drone1	1641238487243	-249.057	164.229	31.1153	-0.0277484	0.0198814	-0.0113206	0.999353	img_Drone1_3_0_1641238501001584000.png;img_Drone1_3_7_1641238501021310000.png
Drone1	1641238487804	-253.508	167.174	31.8451	-0.0277531	0.020001	-0.0111526	0.999353	img_Drone1_3_0_1641238501603476000.png;img_Drone1_3_7_1641238501604252000.png
Drone1	1641238488326	-257.65	169.913	32.5241	-0.0277556	0.0200663	-0.0110619	0.999352	img_Drone1_3_0_1641238502121469000.png;img_Drone1_3_7_1641238502136962000.png
Drone1	1641238489154	-264.22	174.255	33.6007	-0.0277525	0.0199889	-0.011178	0.999352	img_Drone1_3_0_1641238503009689000.png;img_Drone1_3_7_1641238503010407000.png
Drone1	1641238489904	-270.171	178.188	34.5758	-0.027751	0.0199526	-0.0112336	0.999353	img_Drone1_3_0_1641238503789862000.png;img_Drone1_3_7_1641238503790634000.png
Drone1	1641238490495	-274.86	181.288	35.3443	-0.0277507	0.019942	-0.0112504	0.999353	img_Drone1_3_0_1641238504441428000.png;img_Drone1_3_7_1641238504442327000.png
Drone1	1641238491059	-279.335	184.245	36.0776	-0.0277505	0.0199379	-0.0112595	0.999353	img_Drone1_3_0_1641238505026570000.png;img_Drone1_3_7_1641238505031137000.png
Drone1	1641238491683	-284.286	187.517	36.8888	-0.0277505	0.0199355	-0.0112644	0.999353	img_Drone1_3_0_1641238505661901000.png;img_Drone1_3_7_1641238505664186000.png
Drone1	1641238492160	-288.071	190.02	37.5091	-0.0277511	0.0199512	-0.0112425	0.999353	img_Drone1_3_0_1641238506145987000.png;img_Drone1_3_7_1641238506146741000.png
Drone1	1641238492658	-292.023	192.633	38.1568	-0.0277541	0.0200288	-0.0111339	0.999352	img_Drone1_3_0_1641238506666527000.png;img_Drone1_3_7_1641238506667296000.png
Drone1	1641238493303	-297.141	196.015	38.9953	-0.0277526	0.0199891	-0.0111947	0.999352	img_Drone1_3_0_1641238507349707000.png;img_Drone1_3_7_1641238507350398000.png
Drone1	1641238493867	-301.616	198.973	39.7287	-0.0277514	0.0199621	-0.0112366	0.999352	img_Drone1_3_0_1641238507971427000.png;img_Drone1_3_7_1641238507972210000.png
Drone1	1641238494566	-307.162	202.639	40.6375	-0.0277509	0.0199486	-0.0112598	0.999352	img_Drone1_3_0_1641238508757324000.png;img_Drone1_3_7_1641238508764236000.png
Drone1	1641238495454	-314.208	207.297	41.7921	-0.0277519	0.0199722	-0.0112296	0.999352	img_Drone1_3_0_1641238509862890000.png;img_Drone1_3_7_1641238509863633000.png
Drone1	1641238496261	-320.611	211.53	42.8415	-0.0277535	0.0200149	-0.0111717	0.999352	img_Drone1_3_0_1641238510742900000.png;img_Drone1_3_7_1641238510750841000.png
Drone1	1641238496987	-326.371	215.337	43.7932	-0.0277517	0.019972	-0.0112374	0.999352	img_Drone1_3_0_1641238511571096000.png;img_Drone1_3_7_1641238511571843000.png
Drone1	1641238497788	-332.727	219.537	44.8268	-0.0277511	0.0199559	-0.0112646	0.999352	img_Drone1_3_0_1641238512370578000.png;img_Drone1_3_7_1641238512371261000.png
Drone1	1641238498322	-336.964	222.338	45.5212	-0.0277509	0.0199515	-0.0112729	0.999352	img_Drone1_3_0_1641238512954900000.png;img_Drone1_3_7_1641238512955571000.png
Drone1	1641238498607	-339.225	223.834	45.8918	-0.0277519	0.0199777	-0.0112361	0.999352	img_Drone1_3_0_1641238513309238000.png;img_Drone1_3_7_1641238513309858000.png
Drone1	1641238499111	-343.224	226.478	46.5472	-0.0277544	0.0200419	-0.0111465	0.999352	img_Drone1_3_0_1641238513845055000.png;img_Drone1_3_7_1641238513845605000.png
Drone1	1641238500053	-350.699	231.418	47.772	-0.0277521	0.0199826	-0.0112361	0.999352	img_Drone1_3_0_1641238514815657000.png;img_Drone1_3_7_1641238514816361000.png
Drone1	1641238500509	-354.317	233.809	48.3649	-0.0277516	0.0199694	-0.0112575	0.999352	img_Drone1_3_0_1641238515288669000.png;img_Drone1_3_7_1641238515289171000.png
Drone1	1641238500947	-357.792	236.106	48.9343	-0.0277513	0.0199624	-0.0112689	0.999352	img_Drone1_3_0_1641238515750571000.png;img_Drone1_3_7_1641238515751000000.png
Drone1	1641238501421	-361.553	238.591	49.5506	-0.0277511	0.0199585	-0.0112771	0.999352	img_Drone1_3_0_1641238516268485000.png;img_Drone1_3_7_1641238516272598000.png
Drone1	1641238502192	-367.671	242.637	50.5533	-0.0277547	0.0200497	-0.0111496	0.999352	img_Drone1_3_0_1641238517105088000.png;img_Drone1_3_7_1641238517105614000.png
Drone1	1641238502795	-372.455	245.8	51.3373	-0.0277532	0.0200119	-0.0112062	0.999352	img_Drone1_3_0_1641238517765259000.png;img_Drone1_3_7_1641238517765719000.png
Drone1	1641238503218	-375.812	248.018	51.8873	-0.0277523	0.0199894	-0.0112412	0.999352	img_Drone1_3_0_1641238518198951000.png;img_Drone1_3_7_1641238518199394000.png
Drone1	1641238503869	-380.977	251.432	52.7337	-0.0277516	0.0199727	-0.0112682	0.999352	img_Drone1_3_0_1641238518879635000.png;img_Drone1_3_7_1641238518879939000.png
Drone1	1641238504253	-384.024	253.445	53.2319	-0.0277614	0.0202474	-0.0109314	0.99935	img_Drone1_3_0_1641238519278512000.png;img_Drone1_3_7_1641238519278766000.png
Drone1	1641238504679	-387.419	255.682	53.3679	-0.0283728	-0.0530131	0.0643302	0.996116	img_Drone1_3_0_1641238519787352000.png;img_Drone1_3_7_1641238519787593000.png
Drone1	1641238505198	-390.627	257.596	52.6415	-0.028665	-0.290352	0.239008	0.926147	img_Drone1_3_0_1641238520348239000.png;img_Drone1_3_7_1641238520348491000.png
Drone1	1641238505894	-391.124	257.215	50.666	-0.0218448	-0.2728	0.241196	0.931089	img_Drone1_3_0_1641238521045084000.png;img_Drone1_3_7_1641238521045656000.png
Drone1	1641238506251	-389.977	255.893	49.603	0.00093895	-0.201973	0.257524	0.944927	img_Drone1_3_0_1641238521411451000.png;img_Drone1_3_7_1641238521411686000.png
Drone1	1641238506632	-388.415	254.079	49.1642	0.01994	-0.110343	0.223894	0.968142	img_Drone1_3_0_1641238521797548000.png;img_Drone1_3_7_1641238521797849000.png
Drone1	1641238507472	-384.508	248.677	49.5919	0.038318	0.011836	0.106633	0.993489	img_Drone1_3_0_1641238522709478000.png;img_Drone1_3_7_1641238522709704000.png
Drone1	1641238507931	-382.44	245.061	49.6346	0.0408669	0.0279762	0.0704886	0.996282	img_Drone1_3_0_1641238523178056000.png;img_Drone1_3_7_1641238523178345000.png
Drone1	1641238508354	-380.674	241.518	49.5334	0.0415	0.0291491	0.0547144	0.997213	img_Drone1_3_0_1641238523659743000.png;img_Drone1_3_7_1641238523660073000.png
Drone1	1641238509005	-378.214	235.849	48.9586	0.0413305	0.0103003	0.0306485	0.998622	img_Drone1_3_0_1641238524386675000.png;img_Drone1_3_7_1641238524390100000.png
Drone1	1641238509473	-376.55	231.718	48.2842	0.0409162	-0.00631391	0.0214403	0.998913	img_Drone1_3_0_1641238524892729000.png;img_Drone1_3_7_1641238524893175000.png
Drone1	1641238510433	-373.071	223.308	46.7211	0.0405822	-0.0198207	0.0159167	0.998853	img_Drone1_3_0_1641238525962860000.png;img_Drone1_3_7_1641238525963360000.png
Drone1	1641238511096	-370.527	217.584	45.5893	0.0407569	-0.0135534	0.0196508	0.998884	img_Drone1_3_0_1641238526632247000.png;img_Drone1_3_7_1641238526632866000.png
Drone1	1641238511708	-368.118	212.335	44.5336	0.0409697	-0.00553728	0.0239705	0.998858	img_Drone1_3_0_1641238527251212000.png;img_Drone1_3_7_1641238527253571000.png
Drone1	1641238512146	-366.392	208.581	43.7742	0.0410644	-0.00191437	0.0258884	0.998819	img_Drone1_3_0_1641238527706094000.png;img_Drone1_3_7_1641238527706644000.png
Drone1	1641238512677	-364.32	204.022	42.8516	0.0410928	-0.000822549	0.0265336	0.998803	img_Drone1_3_0_1641238528239528000.png;img_Drone1_3_7_1641238528240228000.png
Drone1	1641238513175	-362.402	199.737	41.9865	0.0410545	-0.00226372	0.0259258	0.998818	img_Drone1_3_0_1641238528742364000.png;img_Drone1_3_7_1641238528742958000.png
Drone1	1641238513703	-360.387	195.187	41.0694	0.04099	-0.0046818	0.0248446	0.99884	img_Drone1_3_0_1641238529326763000.png;img_Drone1_3_7_1641238529327394000.png
Drone1	1641238514147	-358.698	191.359	40.2983	0.0409443	-0.00638378	0.0240758	0.998851	img_Drone1_3_0_1641238529774509000.png;img_Drone1_3_7_1641238529775161000.png
Drone1	1641238514777	-356.296	185.93	39.204	0.0409172	-0.00739571	0.023618	0.998856	img_Drone1_3_0_1641238530459208000.png;img_Drone1_3_7_1641238530459801000.png
Drone1	1641238515617	-353.073	178.7	37.7443	0.040938	-0.00662517	0.0239853	0.998852	img_Drone1_3_0_1641238531348197000.png;img_Drone1_3_7_1641238531348749000.png
Drone1	1641238516109	-351.18	174.469	36.8891	0.0409569	-0.00592727	0.0243158	0.998847	img_Drone1_3_0_1641238531865091000.png;img_Drone1_3_7_1641238531865775000.png
Drone1	1641238516640	-349.135	169.902	35.9661	0.0409739	-0.00530387	0.0246034	0.998843	img_Drone1_3_0_1641238532418316000.png;img_Drone1_3_7_1641238532418885000.png
Drone1	1641238517207	-346.955	165.023	34.9805	0.0409752	-0.00525465	0.0246243	0.998843	img_Drone1_3_0_1641238533029464000.png;img_Drone1_3_7_1641238533030113000.png
Drone1	1641238517582	-345.514	161.796	34.3286	0.0409732	-0.00533344	0.0245835	0.998844	img_Drone1_3_0_1641238533417616000.png;img_Drone1_3_7_1641238533418262000.png
Drone1	1641238518335	-342.627	155.316	33.0198	0.0409617	-0.00577072	0.0243813	0.998847	img_Drone1_3_0_1641238534189255000.png;img_Drone1_3_7_1641238534189893000.png
Drone1	1641238518656	-341.396	152.553	32.4618	0.0409589	-0.00587254	0.0243346	0.998847	img_Drone1_3_0_1641238534513551000.png;img_Drone1_3_7_1641238534514249000.png
Drone1	1641238519448	-338.358	145.737	31.0853	0.0409559	-0.00599096	0.0242745	0.998848	img_Drone1_3_0_1641238535335535000.png;img_Drone1_3_7_1641238535336232000.png
Drone1	1641238520018	-336.169	140.832	30.0946	0.0409582	-0.00590911	0.0243082	0.998848	img_Drone1_3_0_1641238536023480000.png;img_Drone1_3_7_1641238536024855000.png
Drone1	1641238520462	-334.462	137.011	29.3228	0.0409643	-0.00567318	0.0244143	0.998846	img_Drone1_3_0_1641238536585280000.png;img_Drone1_3_7_1641238536585877000.png
Drone1	1641238521038	-332.249	132.054	28.3212	0.0409678	-0.00554604	0.024475	0.998845	img_Drone1_3_0_1641238537296451000.png;img_Drone1_3_7_1641238537297083000.png
Drone1	1641238521776	-329.419	125.703	27.0384	0.0409599	-0.00584265	0.0243353	0.998847	img_Drone1_3_0_1641238538069536000.png;img_Drone1_3_7_1641238538070520000.png
Drone1	1641238522550	-326.449	119.042	25.6932	0.040957	-0.0059503	0.0242792	0.998848	img_Drone1_3_0_1641238538859790000.png;img_Drone1_3_7_1641238538860398000.png
Drone1	1641238523054	-324.511	114.704	24.8171	0.0409636	-0.0056979	0.0243926	0.998847	img_Drone1_3_0_1641238539372541000.png;img_Drone1_3_7_1641238539373225000.png
Drone1	1641238523360	-323.334	112.071	24.285	0.0409668	-0.00557994	0.0244471	0.998846	img_Drone1_3_0_1641238539724074000.png;img_Drone1_3_7_1641238539724679000.png
Drone1	1641238524015	-320.825	106.443	23.1481	0.0409631	-0.00572154	0.0243818	0.998847	img_Drone1_3_0_1641238540416417000.png;img_Drone1_3_7_1641238540417085000.png
Drone1	1641238524657	-318.363	100.917	22.0322	0.0409578	-0.00591471	0.0242895	0.998848	img_Drone1_3_0_1641238541084497000.png;img_Drone1_3_7_1641238541088569000.png
Drone1	1641238525266	-316.024	95.6765	20.9738	0.0409594	-0.00585571	0.0243117	0.998848	img_Drone1_3_0_1641238541708285000.png;img_Drone1_3_7_1641238541708921000.png
Drone1	1641238525629	-314.628	92.5525	20.3427	0.0409642	-0.00567216	0.0243942	0.998847	img_Drone1_3_0_1641238542117990000.png;img_Drone1_3_7_1641238542118605000.png
Drone1	1641238526208	-312.405	87.5697	19.336	0.0409667	-0.00558075	0.0244382	0.998846	img_Drone1_3_0_1641238542714110000.png;img_Drone1_3_7_1641238542714704000.png
Drone1	1641238526745	-310.345	82.9483	18.4026	0.0409608	-0.00580264	0.0243337	0.998848	img_Drone1_3_0_1641238543280008000.png;img_Drone1_3_7_1641238543280637000.png
Drone1	1641238527591	-307.099	75.6676	16.9322	0.040957	-0.00594045	0.0242639	0.998849	img_Drone1_3_0_1641238544274484000.png;img_Drone1_3_7_1641238544275088000.png
Drone1	1641238527891	-305.946	73.0858	16.4107	0.0409609	-0.00579151	0.0243306	0.998848	img_Drone1_3_0_1641238544588937000.png;img_Drone1_3_7_1641238544589563000.png
Drone1	1641238528818	-302.385	65.1081	14.7991	0.0409656	-0.00561937	0.0244092	0.998847	img_Drone1_3_0_1641238545600127000.png;img_Drone1_3_7_1641238545600802000.png
Drone1	1641238529349	-300.348	60.5378	13.8761	0.0409597	-0.00583925	0.0243051	0.998848	img_Drone1_3_0_1641238546165414000.png;img_Drone1_3_7_1641238546165973000.png
Drone1	1641238529763	-298.761	56.9744	13.1565	0.0409567	-0.00594638	0.0242521	0.998849	img_Drone1_3_0_1641238546604846000.png;img_Drone1_3_7_1641238546605370000.png
Drone1	1641238530120	-297.389	53.9021	12.536	0.0409574	-0.0059223	0.0242604	0.998849	img_Drone1_3_0_1641238547002595000.png;img_Drone1_3_7_1641238547003268000.png
Drone1	1641238530639	-295.394	49.4356	11.6337	0.0409644	-0.00565601	0.0243818	0.998847	img_Drone1_3_0_1641238547543921000.png;img_Drone1_3_7_1641238547544594000.png
Drone1	1641238531470	-292.203	42.2834	10.1889	0.0409636	-0.00568923	0.024367	0.998847	img_Drone1_3_0_1641238548426251000.png;img_Drone1_3_7_1641238548426822000.png
Drone1	1641238531770	-291.053	39.7012	9.66743	0.0409602	-0.00581771	0.0243055	0.998848	img_Drone1_3_0_1641238548731783000.png;img_Drone1_3_7_1641238548732451000.png
Drone1	1641238532484	-288.313	33.5558	8.42633	0.0409562	-0.00596391	0.024232	0.998849	img_Drone1_3_0_1641238549454019000.png;img_Drone1_3_7_1641238549454745000.png
Drone1	1641238533078	-286.029	28.4439	7.39369	0.0409638	-0.0056707	0.0243651	0.998847	img_Drone1_3_0_1641238550089850000.png;img_Drone1_3_7_1641238550090458000.png
Drone1	1641238533678	-283.724	23.2799	6.35045	0.0409669	-0.00555973	0.0244169	0.998847	img_Drone1_3_0_1641238550701261000.png;img_Drone1_3_7_1641238550705938000.png
Drone1	1641238534185	-281.78	18.916	5.47368	0.0410036	-0.00425945	0.0254397	0.998826	img_Drone1_3_0_1641238551248567000.png;img_Drone1_3_7_1641238551249088000.png
Drone1	1641238534614	-280.147	15.2397	5.09501	0.05061	0.0809883	-0.0873459	0.99159	img_Drone1_3_0_1641238551690228000.png;img_Drone1_3_7_1641238551691246000.png
Drone1	1641238535034	-278.602	12.2369	4.63609	0.0569514	0.0151517	-0.271286	0.960693	img_Drone1_3_0_1641238552145454000.png;img_Drone1_3_7_1641238552146085000.png
Drone1	1641238535475	-277.005	10.7039	3.33091	0.0461909	0.0521879	-0.282848	0.95663	img_Drone1_3_0_1641238552617969000.png;img_Drone1_3_7_1641238552618669000.png
Drone1	1641238535988	-275.368	10.5918	1.67743	0.0433622	0.0616068	-0.282645	0.956262	img_Drone1_3_0_1641238553159399000.png;img_Drone1_3_7_1641238553160127000.png
Drone1	1641238536732	-273.3	12.187	1.18413	0.052819	0.0296994	-0.282407	0.957379	img_Drone1_3_0_1641238554091304000.png;img_Drone1_3_7_1641238554091983000.png
Drone1	1641238537806	-270.471	18.1083	3.69922	0.0697071	-0.0242713	-0.121549	0.989837	img_Drone1_3_0_1641238555534996000.png;img_Drone1_3_7_1641238555535688000.png
Drone1	1641238538262	-269.128	21.4279	5.28103	0.0736596	-0.0430307	-0.0679397	0.994036	img_Drone1_3_0_1641238556089401000.png;img_Drone1_3_7_1641238556090196000.png
Drone1	1641238538859	-267.069	26.0316	7.16341	0.0777047	-0.0746143	-0.0242989	0.993883	img_Drone1_3_0_1641238556741958000.png;img_Drone1_3_7_1641238556742607000.png
Drone1	1641238539564	-263.916	31.4074	8.90035	0.0820659	-0.108413	0.0222723	0.990462	img_Drone1_3_0_1641238557490252000.png;img_Drone1_3_7_1641238557490843000.png
Drone1	1641238540146	-260.561	35.4762	10.0232	0.083981	-0.0953534	0.0342087	0.991305	img_Drone1_3_0_1641238558083994000.png;img_Drone1_3_7_1641238558084550000.png
Drone1	1641238540503	-258.228	37.7723	10.7091	0.0838543	-0.0713834	0.0216836	0.993681	img_Drone1_3_0_1641238558473101000.png;img_Drone1_3_7_1641238558473654000.png
Drone1	1641238541310	-252.536	42.6387	12.2712	0.0824008	-0.0193931	-0.0201364	0.996207	img_Drone1_3_0_1641238559463683000.png;img_Drone1_3_7_1641238559464220000.png
Drone1	1641238541868	-248.514	45.9822	13.2873	0.0815909	0.0036705	-0.0387548	0.995905	img_Drone1_3_0_1641238560126617000.png;img_Drone1_3_7_1641238560127157000.png
Drone1	1641238542243	-245.856	48.2981	13.9477	0.0813556	0.0099772	-0.0423032	0.995737	img_Drone1_3_0_1641238560544599000.png;img_Drone1_3_7_1641238560545179000.png
Drone1	1641238542747	-242.372	51.5159	14.8347	0.0814689	0.00660034	-0.0375423	0.995947	img_Drone1_3_0_1641238561072252000.png;img_Drone1_3_7_1641238561072971000.png
Drone1	1641238543470	-237.51	56.2813	16.1179	0.081971	-0.00808712	-0.0244659	0.996302	img_Drone1_3_0_1641238561797422000.png;img_Drone1_3_7_1641238561798053000.png
Drone1	1641238543935	-234.412	59.379	16.9412	0.0822313	-0.0160333	-0.0176201	0.996329	img_Drone1_3_0_1641238562306829000.png;img_Drone1_3_7_1641238562307380000.png
Drone1	1641238544394	-231.34	62.4247	17.7499	0.0823609	-0.0199783	-0.0140094	0.996304	img_Drone1_3_0_1641238562796917000.png;img_Drone1_3_7_1641238562797536000.png
Drone1	1641238545255	-225.498	68.0641	19.2636	0.0823061	-0.0178372	-0.0154555	0.996328	img_Drone1_3_0_1641238563698779000.png;img_Drone1_3_7_1641238563699951000.png
Drone1	1641238545684	-222.558	70.8446	20.0177	0.0822126	-0.0147225	-0.0180937	0.996342	img_Drone1_3_0_1641238564127944000.png;img_Drone1_3_7_1641238564128581000.png
Drone1	1641238546551	-216.603	76.4532	21.541	0.0820776	-0.0103143	-0.0218601	0.996333	img_Drone1_3_0_1641238565120110000.png;img_Drone1_3_7_1641238565120817000.png
Drone1	1641238546977	-213.685	79.2179	22.2893	0.0820661	-0.00993451	-0.0221697	0.996331	img_Drone1_3_0_1641238565576699000.png;img_Drone1_3_7_1641238565577215000.png
Drone1	1641238547589	-209.507	83.2041	23.3647	0.0820958	-0.0108754	-0.0213567	0.996336	img_Drone1_3_0_1641238566207963000.png;img_Drone1_3_7_1641238566208493000.png
Drone1	1641238547985	-206.81	85.7897	24.0606	0.0821253	-0.0118221	-0.0205489	0.99634	img_Drone1_3_0_1641238566607713000.png;img_Drone1_3_7_1641238566608337000.png
Drone1	1641238548603	-202.604	89.8273	25.1466	0.0821617	-0.0129954	-0.0195459	0.996343	img_Drone1_3_0_1641238567253872000.png;img_Drone1_3_7_1641238567254516000.png
Drone1	1641238549116	-199.11	93.1765	26.0481	0.0821727	-0.0133471	-0.0192416	0.996343	img_Drone1_3_0_1641238567820015000.png;img_Drone1_3_7_1641238567820637000.png
Drone1	1641238550079	-192.541	99.4532	27.7399	0.0821578	-0.0128543	-0.0196587	0.996343	img_Drone1_3_0_1641238568878386000.png;img_Drone1_3_7_1641238568879029000.png
Drone1	1641238550658	-188.589	103.223	28.757	0.0821461	-0.012466	-0.0199938	0.996342	img_Drone1_3_0_1641238569460670000.png;img_Drone1_3_7_1641238569461316000.png
Drone1	1641238551141	-185.292	106.369	29.6055	0.0821406	-0.0122905	-0.0201473	0.996341	img_Drone1_3_0_1641238569994100000.png;img_Drone1_3_7_1641238570000287000.png
Drone1	1641238551501	-182.835	108.713	30.2379	0.0821391	-0.0122423	-0.0201902	0.996341	img_Drone1_3_0_1641238570435643000.png;img_Drone1_3_7_1641238570436330000.png
Drone1	1641238551987	-179.518	111.88	31.0918	0.0821391	-0.0122503	-0.0201865	0.996341	img_Drone1_3_0_1641238570947149000.png;img_Drone1_3_7_1641238570949136000.png
Drone1	1641238552941	-173.011	118.098	32.768	0.082147	-0.0124993	-0.0199806	0.996342	img_Drone1_3_0_1641238571973239000.png;img_Drone1_3_7_1641238571974044000.png
Drone1	1641238553442	-169.594	121.363	33.6482	0.0821488	-0.0125625	-0.0199283	0.996342	img_Drone1_3_0_1641238572504844000.png;img_Drone1_3_7_1641238572505588000.png
Drone1	1641238554000	-165.788	125.001	34.6285	0.0821496	-0.0125972	-0.0198999	0.996342	img_Drone1_3_0_1641238573083487000.png;img_Drone1_3_7_1641238573084281000.png
Drone1	1641238554489	-162.453	128.187	35.4875	0.0821496	-0.0126016	-0.0198969	0.996342	img_Drone1_3_0_1641238573598305000.png;img_Drone1_3_7_1641238573599087000.png
Drone1	1641238555272	-157.109	133.289	36.8632	0.0821451	-0.0124603	-0.0200216	0.996341	img_Drone1_3_0_1641238574416757000.png;img_Drone1_3_7_1641238574417588000.png
Drone1	1641238555635	-154.632	135.654	37.5009	0.0821435	-0.0124126	-0.0200658	0.996341	img_Drone1_3_0_1641238574833364000.png;img_Drone1_3_7_1641238574834190000.png
Drone1	1641238556301	-150.09	139.993	38.6708	0.082145	-0.012466	-0.0200235	0.996341	img_Drone1_3_0_1641238575511936000.png;img_Drone1_3_7_1641238575512769000.png
Drone1	1641238556679	-147.511	142.456	39.3347	0.0821453	-0.0124865	-0.0200079	0.996341	img_Drone1_3_0_1641238575906693000.png;img_Drone1_3_7_1641238575907560000.png
Drone1	1641238557579	-141.373	148.32	40.9155	0.0821453	-0.0125089	-0.019993	0.996341	img_Drone1_3_0_1641238576821289000.png;img_Drone1_3_7_1641238576822234000.png
Drone1	1641238558527	-134.907	154.497	42.5806	0.0821453	-0.0125164	-0.0199912	0.996341	img_Drone1_3_0_1641238577801891000.png;img_Drone1_3_7_1641238577802713000.png
Drone1	1641238558872	-132.554	156.745	43.1866	0.0821453	-0.012517	-0.0199905	0.996341	img_Drone1_3_0_1641238578177707000.png;img_Drone1_3_7_1641238578178492000.png
Drone1	1641238559469	-128.482	160.634	44.2353	0.0821453	-0.0125185	-0.0199917	0.996341	img_Drone1_3_0_1641238578861036000.png;img_Drone1_3_7_1641238578861799000.png
Drone1	1641238560447	-121.81	167.007	45.9532	0.0821446	-0.0124963	-0.0200174	0.996341	img_Drone1_3_0_1641238579940488000.png;img_Drone1_3_7_1641238579944742000.png
Drone1	1641238561122	-117.206	171.405	47.1389	0.0821446	-0.0125129	-0.0200066	0.996341	img_Drone1_3_0_1641238580715077000.png;img_Drone1_3_7_1641238580715895000.png
Drone1	1641238561725	-113.093	175.333	48.198	0.0821446	-0.0125203	-0.0200037	0.996341	img_Drone1_3_0_1641238581374947000.png;img_Drone1_3_7_1641238581375748000.png
Drone1	1641238562523	-107.651	180.533	49.5996	0.0821446	-0.0125246	-0.0200019	0.996341	img_Drone1_3_0_1641238582194852000.png;img_Drone1_3_7_1641238582195573000.png
Drone1	1641238563060	-103.988	184.032	50.5429	0.0821446	-0.0125259	-0.0200031	0.996341	img_Drone1_3_0_1641238582748516000.png;img_Drone1_3_7_1641238582751612000.png
Drone1	1641238563966	-97.8083	189.935	52.1342	0.0821446	-0.0125281	-0.0200049	0.996341	img_Drone1_3_0_1641238583718472000.png;img_Drone1_3_7_1641238583730398000.png
Drone1	1641238564476	-94.3291	193.258	53.0301	0.0821442	-0.0125103	-0.0200235	0.996341	img_Drone1_3_0_1641238584247663000.png;img_Drone1_3_7_1641238584248444000.png
Drone1	1641238564950	-91.0961	196.346	53.8627	0.0821441	-0.01251	-0.0200272	0.996341	img_Drone1_3_0_1641238584755018000.png;img_Drone1_3_7_1641238584755771000.png
Drone1	1641238565634	-86.4307	200.803	55.0642	0.0821441	-0.0125246	-0.0200177	0.996341	img_Drone1_3_0_1641238585473313000.png;img_Drone1_3_7_1641238585476291000.png
Drone1	1641238566333	-81.6631	205.357	56.2919	0.0821441	-0.0125321	-0.0200153	0.996341	img_Drone1_3_0_1641238586250941000.png;img_Drone1_3_7_1641238586252352000.png
Drone1	1641238567308	-75.0129	211.71	58.0045	0.0821441	-0.0125351	-0.020015	0.996341	img_Drone1_3_0_1641238587307656000.png;img_Drone1_3_7_1641238587308416000.png
Drone1	1641238567770	-71.8617	214.72	58.816	0.0821441	-0.0125364	-0.0200161	0.996341	img_Drone1_3_0_1641238587848124000.png;img_Drone1_3_7_1641238587848990000.png
Drone1	1641238568367	-67.7891	218.609	59.8647	0.0821436	-0.0125127	-0.0200406	0.99634	img_Drone1_3_0_1641238588542837000.png;img_Drone1_3_7_1641238588543735000.png
Drone1	1641238569150	-62.4482	223.711	61.2401	0.0821436	-0.0125236	-0.0200358	0.99634	img_Drone1_3_0_1641238589373240000.png;img_Drone1_3_7_1641238589374084000.png
Drone1	1641238569726	-58.5188	227.464	62.2519	0.0821436	-0.0125065	-0.0200536	0.99634	img_Drone1_3_0_1641238590112283000.png;img_Drone1_3_7_1641238590113048000.png
Drone1	1641238570359	-54.2009	231.588	63.3638	0.0821436	-0.0125045	-0.0200592	0.99634	img_Drone1_3_0_1641238590847721000.png;img_Drone1_3_7_1641238590848544000.png
Drone1	1641238570882	-50.6405	234.989	64.2808	0.0821436	-0.0125234	-0.0200464	0.99634	img_Drone1_3_0_1641238591444429000.png;img_Drone1_3_7_1641238591447486000.png
Drone1	1641238571617	-45.6273	239.778	65.572	0.0821436	-0.0125389	-0.020039	0.99634	img_Drone1_3_0_1641238592190706000.png;img_Drone1_3_7_1641238592191770000.png
Drone1	1641238572226	-41.4735	243.746	66.6417	0.0821436	-0.0125426	-0.0200367	0.99634	img_Drone1_3_0_1641238592807535000.png;img_Drone1_3_7_1641238592808394000.png
Drone1	1641238573132	-35.2939	249.649	68.2332	0.0821436	-0.0125457	-0.0200368	0.99634	img_Drone1_3_0_1641238593800798000.png;img_Drone1_3_7_1641238593801552000.png
Drone1	1641238573432	-33.2477	251.604	68.7601	0.0821436	-0.012547	-0.020037	0.99634	img_Drone1_3_0_1641238594155580000.png;img_Drone1_3_7_1641238594156304000.png
Drone1	1641238574209	-27.9477	256.667	70.1249	0.0821436	-0.0125427	-0.0200444	0.99634	img_Drone1_3_0_1641238594982403000.png;img_Drone1_3_7_1641238594983204000.png
Drone1	1641238574599	-25.2874	259.21	70.8103	0.0821461	-0.0126099	-0.0199879	0.99634	img_Drone1_3_0_1641238595378182000.png;img_Drone1_3_7_1641238595378935000.png
Drone1	1641238575217	-21.0714	263.237	71.896	0.0821464	-0.0126144	-0.0199867	0.99634	img_Drone1_3_0_1641238596075114000.png;img_Drone1_3_7_1641238596075735000.png
Drone1	1641238575880	-16.5481	267.553	73.0601	0.08214	-0.0124034	-0.020173	0.996339	img_Drone1_3_0_1641238596799263000.png;img_Drone1_3_7_1641238596799895000.png
Drone1	1641238576354	-13.3148	270.644	73.893	0.0821425	-0.0124842	-0.0201047	0.99634	img_Drone1_3_0_1641238597385385000.png;img_Drone1_3_7_1641238597387587000.png
Drone1	1641238576837	-10.0203	273.793	74.7418	0.0821468	-0.0126249	-0.0199861	0.99634	img_Drone1_3_0_1641238597975762000.png;img_Drone1_3_7_1641238597976385000.png
Drone1	1641238577548	-5.17011	278.426	75.9908	0.0821472	-0.0126282	-0.0199862	0.99634	img_Drone1_3_0_1641238598741545000.png;img_Drone1_3_7_1641238598746115000.png
Drone1	1641238578121	-1.26083	282.157	76.9971	0.0821413	-0.0124327	-0.0201581	0.996339	img_Drone1_3_0_1641238599328980000.png;img_Drone1_3_7_1641238599341861000.png
Drone1	1641238578622	2.15674	285.422	77.8771	0.0821412	-0.0124369	-0.020157	0.996339	img_Drone1_3_0_1641238599866122000.png;img_Drone1_3_7_1641238599866483000.png
Drone1	1641238579282	6.65933	289.728	78.9539	0.0820375	-0.00755364	-0.0205692	0.996388	img_Drone1_3_0_1641238600580309000.png;img_Drone1_3_7_1641238600580636000.png
Drone1	1641238579822	9.91317	292.96	78.5996	0.0551001	0.214383	0.22809	0.948145	img_Drone1_3_0_1641238601164046000.png;img_Drone1_3_7_1641238601164326000.png
Drone1	1641238580299	11.1834	294.348	77.2494	0.050944	0.161724	0.183565	0.968274	img_Drone1_3_0_1641238601723467000.png;img_Drone1_3_7_1641238601723849000.png
Drone1	1641238580908	11.2477	294.527	74.6359	0.0490983	0.0755631	0.097349	0.991162	img_Drone1_3_0_1641238602368243000.png;img_Drone1_3_7_1641238602368801000.png
Drone1	1641238581289	10.9619	294.273	73.2065	0.048681	0.0406301	0.0569138	0.996363	img_Drone1_3_0_1641238602786951000.png;img_Drone1_3_7_1641238602787280000.png
Drone1	1641238581955	10.2095	293.505	70.8594	0.0484364	0.00991214	0.0173538	0.998626	img_Drone1_3_0_1641238603475441000.png;img_Drone1_3_7_1641238603476075000.png
Drone1	1641238582294	9.77635	293.042	69.6653	0.0483823	0.00147934	0.00595694	0.99881	img_Drone1_3_0_1641238603824279000.png;img_Drone1_3_7_1641238603824613000.png
Drone1	1641238582807	9.11987	292.323	67.8147	0.0483227	-0.00826321	-0.0071152	0.998772	img_Drone1_3_0_1641238604368989000.png;img_Drone1_3_7_1641238604369314000.png
Drone1	1641238583326	8.50539	291.637	65.8567	0.0482569	-0.0185991	-0.0206329	0.998449	img_Drone1_3_0_1641238604954912000.png;img_Drone1_3_7_1641238604955471000.png
Drone1	1641238583851	7.99779	291.059	63.765	0.0481487	-0.0324417	-0.0385489	0.997569	img_Drone1_3_0_1641238605483613000.png;img_Drone1_3_7_1641238605483968000.png
Drone1	1641238584283	7.72041	290.736	61.984	0.04803	-0.0412037	-0.0506639	0.996709	img_Drone1_3_0_1641238605940692000.png;img_Drone1_3_7_1641238605941157000.png
Drone1	1641238585189	7.61258	290.591	58.3174	0.0479882	-0.0201495	-0.0264909	0.998293	img_Drone1_3_0_1641238606975680000.png;img_Drone1_3_7_1641238606976115000.png
Drone1	1641238585807	7.76314	290.755	55.8675	0.0479558	-0.00175014	-0.00341833	0.998842	img_Drone1_3_0_1641238607646627000.png;img_Drone1_3_7_1641238607659118000.png
Drone1	1641238586287	7.89895	290.911	53.9547	0.0479211	0.00851572	0.00991931	0.998766	img_Drone1_3_0_1641238608154402000.png;img_Drone1_3_7_1641238608154992000.png
Drone1	1641238586848	8.00689	291.039	51.708	0.0478947	0.0132801	0.0166006	0.998626	img_Drone1_3_0_1641238608756316000.png;img_Drone1_3_7_1641238608756729000.png
Drone1	1641238587217	8.03269	291.071	50.2313	0.0478909	0.0114805	0.0147058	0.998678	img_Drone1_3_0_1641238609138767000.png;img_Drone1_3_7_1641238609139130000.png
Drone1	1641238587931	8.00102	291.04	47.3815	0.0478887	0.00339516	0.00476326	0.998836	img_Drone1_3_0_1641238609921071000.png;img_Drone1_3_7_1641238609921449000.png
Drone1	1641238588381	7.95633	290.99	45.5859	0.047884	-0.00133103	-0.0012654	0.998851	img_Drone1_3_0_1641238610379412000.png;img_Drone1_3_7_1641238610379823000.png
Drone1	1641238589080	7.90112	290.925	42.7943	0.047878	-0.00476936	-0.00591116	0.998824	img_Drone1_3_0_1641238611151933000.png;img_Drone1_3_7_1641238611152365000.png
Drone1	1641238589407	7.89027	290.911	41.4883	0.0478771	-0.0045	-0.00573824	0.998827	img_Drone1_3_0_1641238611481335000.png;img_Drone1_3_7_1641238611481764000.png
Drone1	1641238589956	7.89311	290.912	39.2962	0.0478765	-0.00244064	-0.00329478	0.998845	img_Drone1_3_0_1641238612030617000.png;img_Drone1_3_7_1641238612031058000.png
Drone1	1641238590367	7.90606	290.927	37.6551	0.0478762	-0.000571854	-0.000937699	0.998853	img_Drone1_3_0_1641238612453039000.png;img_Drone1_3_7_1641238612453483000.png
Drone1	1641238591195	7.9336	290.958	34.3492	0.0478747	0.00169099	0.00205206	0.99885	img_Drone1_3_0_1641238613475814000.png;img_Drone1_3_7_1641238613476322000.png
Drone1	1641238591765	7.94094	290.968	32.0733	0.0478744	0.00157792	0.00203653	0.99885	img_Drone1_3_0_1641238614246616000.png;img_Drone1_3_7_1641238614247057000.png
Drone1	1641238592197	7.93943	290.967	30.3485	0.0478745	0.000929222	0.00126747	0.998852	img_Drone1_3_0_1641238614722684000.png;img_Drone1_3_7_1641238614723135000.png
Drone1	1641238592728	7.93292	290.96	28.2283	0.0478744	2.93351e-05	0.000169639	0.998853	img_Drone1_3_0_1641238615249985000.png;img_Drone1_3_7_1641238615257220000.png
Drone1	1641238593241	7.92621	290.952	26.1801	0.0478743	-0.000534845	-0.000690314	0.998853	img_Drone1_3_0_1641238615790638000.png;img_Drone1_3_7_1641238615791081000.png
Drone1	1641238593895	7.92175	290.946	23.5688	0.0478743	-0.000632981	-0.000829658	0.998853	img_Drone1_3_0_1641238616487023000.png;img_Drone1_3_7_1641238616490850000.png
Drone1	1641238594372	7.92196	290.946	21.6643	0.0478743	-0.000390555	-0.000501694	0.998853	img_Drone1_3_0_1641238616998686000.png;img_Drone1_3_7_1641238616999153000.png
Drone1	1641238594801	7.92376	290.948	19.9514	0.0478744	-0.000104543	-0.000220676	0.998853	img_Drone1_3_0_1641238617478103000.png;img_Drone1_3_7_1641238617478545000.png
Drone1	1641238595329	7.92647	290.953	17.8433	0.0478744	0.000153018	0.000305884	0.998853	img_Drone1_3_0_1641238618120440000.png;img_Drone1_3_7_1641238618120904000.png
Drone1	1641238595848	7.92835	290.954	15.7711	0.0478743	0.000252653	0.000351645	0.998853	img_Drone1_3_0_1641238618780944000.png;img_Drone1_3_7_1641238618781428000.png
Drone1	1641238596577	7.92874	290.954	12.8604	0.0478744	0.000156791	0.000136794	0.998853	img_Drone1_3_0_1641238619571751000.png;img_Drone1_3_7_1641238619572273000.png
Drone1	1641238597054	7.92799	290.954	10.9559	0.0478744	3.45555e-05	6.64839e-05	0.998853	img_Drone1_3_0_1641238620057880000.png;img_Drone1_3_7_1641238620058419000.png
Drone1	1641238597495	7.92712	290.954	9.19506	0.0478744	-5.60552e-05	3.14253e-05	0.998853	img_Drone1_3_0_1641238620503478000.png;img_Drone1_3_7_1641238620504054000.png
Drone1	1641238597966	7.92641	290.954	7.3145	0.0478744	-0.000100382	1.235e-05	0.998853	img_Drone1_3_0_1641238620976071000.png;img_Drone1_3_7_1641238620976625000.png
Drone1	1641238598575	7.9261	290.954	4.88293	0.0478744	-8.20859e-05	3.15814e-06	0.998853	img_Drone1_3_0_1641238621610371000.png;img_Drone1_3_7_1641238621610863000.png
Drone1	1641238599028	7.92627	290.954	3.07423	0.0478744	-3.93105e-05	1.72944e-06	0.998853	img_Drone1_3_0_1641238622128420000.png;img_Drone1_3_7_1641238622128918000.png
Drone1	1641238599565	7.92666	290.954	0.930141	0.0478744	1.05529e-05	2.15597e-06	0.998853	img_Drone1_3_0_1641238622717975000.png;img_Drone1_3_7_1641238622718465000.png
Drone1	1641238600030	7.92697	290.954	-0.926468	0.0478744	3.50464e-05	2.51762e-06	0.998853	img_Drone1_3_0_1641238623214151000.png;img_Drone1_3_7_1641238623214642000.png
Drone1	1641238600750	7.92715	290.954	-3.80122	0.0478744	3.91784e-05	7.40228e-05	0.998853	img_Drone1_3_0_1641238623960873000.png;img_Drone1_3_7_1641238623961414000.png
Drone1	1641238601179	7.92733	290.954	-5.34006	0.047582	-0.0696831	-0.0658636	0.994255	img_Drone1_3_0_1641238624426232000.png;img_Drone1_3_7_1641238624426864000.png
Drone1	1641238601884	9.38883	292.086	-7.27736	0.0436139	-0.301113	-0.233422	0.923549	img_Drone1_3_0_1641238625324029000.png;img_Drone1_3_7_1641238625324571000.png
Drone1	1641238602289	11.7602	293.845	-8.21418	0.0357745	-0.274559	-0.235954	0.931484	img_Drone1_3_0_1641238625836691000.png;img_Drone1_3_7_1641238625837389000.png
Drone1	1641238603114	18.1085	299.282	-8.40915	-0.0576845	0.0430016	-0.278065	0.957864	img_Drone1_3_0_1641238626744386000.png;img_Drone1_3_7_1641238626745140000.png
Drone1	1641238603717	22.449	305.149	-7.65697	-0.0757094	0.105118	-0.271881	0.953572	img_Drone1_3_0_1641238627401003000.png;img_Drone1_3_7_1641238627401916000.png
Drone1	1641238604113	24.8609	309.691	-6.60319	-0.0704434	0.0868777	-0.273684	0.955294	img_Drone1_3_0_1641238627836845000.png;img_Drone1_3_7_1641238627837410000.png
Drone1	1641238604746	28.129	318.049	-4.13192	-0.0537032	0.0297842	-0.280008	0.958032	img_Drone1_3_0_1641238628490638000.png;img_Drone1_3_7_1641238628491240000.png
Drone1	1641238605067	29.6215	322.807	-2.58214	-0.0446355	-0.00108782	-0.282026	0.958367	img_Drone1_3_0_1641238628816732000.png;img_Drone1_3_7_1641238628817316000.png
Drone1	1641238605679	32.431	332.83	0.785968	-0.0286177	-0.055229	-0.282613	0.957215	img_Drone1_3_0_1641238629486420000.png;img_Drone1_3_7_1641238629487043000.png
Drone1	1641238606129	34.6591	340.967	3.51413	-0.0185346	-0.0888195	-0.280949	0.955424	img_Drone1_3_0_1641238629977179000.png;img_Drone1_3_7_1641238629977849000.png
Drone1	1641238606762	38.3202	353.432	7.57294	-0.00816439	-0.122705	-0.277387	0.952856	img_Drone1_3_0_1641238630657277000.png;img_Drone1_3_7_1641238630657911000.png
Drone1	1641238607221	41.4907	363.128	10.6368	-0.00472181	-0.133624	-0.275454	0.95197	img_Drone1_3_0_1641238631136066000.png;img_Drone1_3_7_1641238631136648000.png
Drone1	1641238607791	46.0408	375.722	14.6997	-0.00303026	-0.128224	-0.251855	0.959228	img_Drone1_3_0_1641238631707544000.png;img_Drone1_3_7_1641238631708242000.png
Drone1	1641238608274	50.4229	386.822	18.0428	-0.00150919	-0.111788	-0.208685	0.971572	img_Drone1_3_0_1641238632197568000.png;img_Drone1_3_7_1641238632198270000.png
Drone1	1641238608844	56.2043	400.164	21.6267	-0.00648091	-0.0819458	-0.197331	0.976885	img_Drone1_3_0_1641238632806455000.png;img_Drone1_3_7_1641238632806962000.png
Drone1	1641238609282	60.8295	410.413	24.3456	-0.011933	-0.0565357	-0.20129	0.977826	img_Drone1_3_0_1641238633329764000.png;img_Drone1_3_7_1641238633330575000.png
Drone1	1641238609801	66.3875	422.576	27.5099	-0.016806	-0.0343575	-0.206955	0.977603	img_Drone1_3_0_1641238633894763000.png;img_Drone1_3_7_1641238633895239000.png
Drone1	1641238610092	69.4955	429.413	29.2641	-0.0182497	-0.0277965	-0.208745	0.977405	img_Drone1_3_0_1641238634261041000.png;img_Drone1_3_7_1641238634261477000.png
Drone1	1641238610632	75.2023	442.13	32.5044	-0.0187161	-0.0256526	-0.209154	0.977367	img_Drone1_3_0_1641238634868088000.png;img_Drone1_3_7_1641238634868488000.png
Drone1	1641238611520	84.4274	463.099	37.8263	-0.0164962	-0.0356375	-0.205702	0.977826	img_Drone1_3_0_1641238635854714000.png;img_Drone1_3_7_1641238635855085000.png
Drone1	1641238612063	90.0298	475.929	41.0758	-0.0152934	-0.0410506	-0.203891	0.978013	img_Drone1_3_0_1641238636404240000.png;img_Drone1_3_7_1641238636404603000.png
Drone1	1641238612540	94.9598	487.195	43.9241	-0.0148591	-0.0430184	-0.203311	0.978056	img_Drone1_3_0_1641238636933917000.png;img_Drone1_3_7_1641238636934277000.png
Drone1	1641238613086	100.624	500.082	47.1774	-0.0149579	-0.0426041	-0.203616	0.978009	img_Drone1_3_0_1641238637494627000.png;img_Drone1_3_7_1641238637495114000.png
Drone1	1641238613509	105.025	510.061	49.6939	-0.0152546	-0.0412947	-0.204195	0.97794	img_Drone1_3_0_1641238637948091000.png;img_Drone1_3_7_1641238637948531000.png
Drone1	1641238613929	109.401	519.966	52.1906	-0.0155702	-0.0398956	-0.204778	0.977871	img_Drone1_3_0_1641238638375861000.png;img_Drone1_3_7_1641238638376088000.png
Drone1	1641238614397	114.278	531.001	54.9716	-0.0158226	-0.0387765	-0.205243	0.977815	img_Drone1_3_0_1641238638866228000.png;img_Drone1_3_7_1641238638866466000.png
Drone1	1641238614898	119.494	542.825	57.9491	-0.0158694	-0.0385764	-0.205371	0.977795	img_Drone1_3_0_1641238639423163000.png;img_Drone1_3_7_1641238639423352000.png
Drone1	1641238615639	127.201	560.313	62.3559	-0.01574	-0.0391634	-0.205213	0.977807	img_Drone1_3_0_1641238640281697000.png;img_Drone1_3_7_1641238640282086000.png
Drone1	1641238616140	132.409	572.137	65.3361	-0.01566	-0.0395275	-0.20512	0.977813	img_Drone1_3_0_1641238640794710000.png;img_Drone1_3_7_1641238640794887000.png
Drone1	1641238616500	136.151	580.633	67.4775	-0.0156167	-0.0397259	-0.205078	0.977814	img_Drone1_3_0_1641238641166525000.png;img_Drone1_3_7_1641238641166701000.png
Drone1	1641238616935	140.674	590.899	70.065	-0.0155986	-0.0398141	-0.20509	0.977809	img_Drone1_3_0_1641238641611907000.png;img_Drone1_3_7_1641238641612105000.png
Drone1	1641238617776	149.408	610.717	75.0606	-0.0156155	-0.0397511	-0.205189	0.97779	img_Drone1_3_0_1641238642627450000.png;img_Drone1_3_7_1641238642627723000.png
Drone1	1641238618082	152.591	617.933	76.8797	-0.0156707	-0.0395084	-0.205302	0.977775	img_Drone1_3_0_1641238642942795000.png;img_Drone1_3_7_1641238642943076000.png
Drone1	1641238618844	160.513	635.902	81.4229	-0.0176194	-0.0310664	-0.209973	0.977055	img_Drone1_3_0_1641238643734135000.png;img_Drone1_3_7_1641238643736577000.png
Drone1	1641238619213	164.307	644.559	83.7641	-0.0376023	0.0570885	-0.246195	0.966807	img_Drone1_3_0_1641238644107251000.png;img_Drone1_3_7_1641238644107666000.png
Drone1	1641238619927	169.261	660.014	86.0474	-0.207871	0.222953	0.28527	0.908682	img_Drone1_3_0_1641238644884586000.png;img_Drone1_3_7_1641238644884992000.png
Drone1	1641238620305	169.915	665.089	84.6988	-0.225078	0.185425	0.303279	0.907182	img_Drone1_3_0_1641238645278073000.png;img_Drone1_3_7_1641238645278201000.png
Drone1	1641238620656	170.036	668.187	82.926	-0.240453	0.143164	0.304525	0.910467	img_Drone1_3_0_1641238645654629000.png;img_Drone1_3_7_1641238645654765000.png
Drone1	1641238621160	169.867	670.366	79.7887	-0.26414	0.0728789	0.300202	0.913673	img_Drone1_3_0_1641238646173837000.png;img_Drone1_3_7_1641238646174001000.png
Drone1	1641238621880	169.802	670.207	75.2199	-0.295199	-0.027101	0.283996	0.911849	img_Drone1_3_0_1641238646993652000.png;img_Drone1_3_7_1641238646993813000.png
Drone1	1641238622333	170.131	669.074	73.3025	-0.305931	-0.0634921	0.275048	0.909243	img_Drone1_3_0_1641238647490403000.png;img_Drone1_3_7_1641238647490593000.png
Drone1	1641238622774	170.856	667.305	72.1565	-0.310607	-0.0795095	0.270389	0.907795	img_Drone1_3_0_1641238647992870000.png;img_Drone1_3_7_1641238647993055000.png
Drone1	1641238623452	172.78	663.434	71.7748	-0.318259	-0.0542256	0.181605	0.928865	img_Drone1_3_0_1641238648707718000.png;img_Drone1_3_7_1641238648707989000.png
Drone1	1641238623896	174.43	660.36	72.2425	-0.323145	-0.0383718	0.107268	0.939467	img_Drone1_3_0_1641238649167317000.png;img_Drone1_3_7_1641238649167493000.png
Drone1	1641238624187	175.626	658.202	72.6568	-0.324654	-0.0328197	0.0775588	0.942076	img_Drone1_3_0_1641238649473964000.png;img_Drone1_3_7_1641238649474207000.png
Drone1	1641238624721	177.978	654.088	73.4606	-0.325943	-0.0289608	0.048116	0.94372	img_Drone1_3_0_1641238650038155000.png;img_Drone1_3_7_1641238650038432000.png
Drone1	1641238625276	180.582	649.729	74.2519	-0.326559	-0.0308147	0.0346226	0.94404	img_Drone1_3_0_1641238650640623000.png;img_Drone1_3_7_1641238650641055000.png
Drone1	1641238625903	183.695	644.814	75.0129	-0.327028	-0.0382914	0.0266231	0.943863	img_Drone1_3_0_1641238651343049000.png;img_Drone1_3_7_1641238651343416000.png
Drone1	1641238626449	186.583	640.605	75.4945	-0.32745	-0.049839	0.0198672	0.943344	img_Drone1_3_0_1641238651920186000.png;img_Drone1_3_7_1641238651920574000.png
Drone1	1641238627205	190.987	635.021	75.6268	-0.328343	-0.0749028	0.0019011	0.941582	img_Drone1_3_0_1641238652861721000.png;img_Drone1_3_7_1641238652862163000.png
Drone1	1641238627436	192.451	633.409	75.5647	-0.328682	-0.0859339	-0.00666886	0.940499	img_Drone1_3_0_1641238653137476000.png;img_Drone1_3_7_1641238653137993000.png
Drone1	1641238628078	196.912	629.325	75.0884	-0.330439	-0.0937501	-0.0307743	0.938655	img_Drone1_3_0_1641238653918177000.png;img_Drone1_3_7_1641238653918779000.png
Drone1	1641238628726	201.989	625.931	73.9962	-0.331561	-0.0661029	-0.0236072	0.940819	img_Drone1_3_0_1641238654576963000.png;img_Drone1_3_7_1641238654577511000.png
Drone1	1641238629377	207.393	623.051	72.7602	-0.331281	-0.02589	0.00794705	0.943144	img_Drone1_3_0_1641238655274593000.png;img_Drone1_3_7_1641238655275322000.png
Drone1	1641238629959	212.291	620.626	71.5525	-0.330493	0.00104432	0.0318827	0.943269	img_Drone1_3_0_1641238655858354000.png;img_Drone1_3_7_1641238655862259000.png
Drone1	1641238630394	215.916	618.764	70.6004	-0.330113	0.0105381	0.0402813	0.943023	img_Drone1_3_0_1641238656313502000.png;img_Drone1_3_7_1641238656314024000.png
Drone1	1641238630943	220.406	616.289	69.3801	-0.330222	0.00812369	0.0387588	0.943072	img_Drone1_3_0_1641238656896380000.png;img_Drone1_3_7_1641238656896789000.png
Drone1	1641238631705	226.51	612.665	67.6925	-0.330823	-0.00703543	0.0272666	0.943273	img_Drone1_3_0_1641238657687680000.png;img_Drone1_3_7_1641238657688188000.png
Drone1	1641238631969	228.608	611.386	67.1077	-0.330994	-0.0119687	0.0234858	0.943265	img_Drone1_3_0_1641238657978792000.png;img_Drone1_3_7_1641238657979163000.png
Drone1	1641238632614	233.738	608.277	65.6746	-0.331217	-0.0190549	0.0180091	0.94319	img_Drone1_3_0_1641238658722274000.png;img_Drone1_3_7_1641238658722630000.png
Drone1	1641238633352	239.649	604.795	64.03	-0.331189	-0.018191	0.0187952	0.943202	img_Drone1_3_0_1641238659542597000.png;img_Drone1_3_7_1641238659542941000.png
Drone1	1641238633745	242.816	602.972	63.1536	-0.331107	-0.0155773	0.0209666	0.943232	img_Drone1_3_0_1641238659950269000.png;img_Drone1_3_7_1641238659950874000.png
Drone1	1641238634117	245.819	601.255	62.3236	-0.331022	-0.0130267	0.0230707	0.943251	img_Drone1_3_0_1641238660373654000.png;img_Drone1_3_7_1641238660374422000.png
Drone1	1641238634897	252.116	597.658	60.5821	-0.330912	-0.00985897	0.0256621	0.943261	img_Drone1_3_0_1641238661244290000.png;img_Drone1_3_7_1641238661244892000.png
Drone1	1641238635623	257.963	594.283	58.961	-0.33093	-0.0103263	0.0252656	0.94326	img_Drone1_3_0_1641238662040077000.png;img_Drone1_3_7_1641238662040740000.png
Drone1	1641238636145	262.158	591.84	57.796	-0.330975	-0.0115669	0.0242549	0.943257	img_Drone1_3_0_1641238662614637000.png;img_Drone1_3_7_1641238662615465000.png
Drone1	1641238636796	267.383	588.794	56.3435	-0.331013	-0.0126925	0.0233585	0.943252	img_Drone1_3_0_1641238663312280000.png;img_Drone1_3_7_1641238663313081000.png
Drone1	1641238637255	271.072	586.646	55.3194	-0.331024	-0.0130033	0.0230951	0.94325	img_Drone1_3_0_1641238663810976000.png;img_Drone1_3_7_1641238663811663000.png
Drone1	1641238637765	275.17	584.261	54.1813	-0.331028	-0.0131124	0.0229916	0.94325	img_Drone1_3_0_1641238664341028000.png;img_Drone1_3_7_1641238664341832000.png
Drone1	1641238638434	280.552	581.144	52.6882	-0.331007	-0.0124878	0.0235034	0.943253	img_Drone1_3_0_1641238665020031000.png;img_Drone1_3_7_1641238665020884000.png
Drone1	1641238638869	284.028	579.131	51.7238	-0.330996	-0.0121723	0.0237614	0.943254	img_Drone1_3_0_1641238665499129000.png;img_Drone1_3_7_1641238665499719000.png
Drone1	1641238639706	290.787	575.218	49.8486	-0.330988	-0.011907	0.0239714	0.943255	img_Drone1_3_0_1641238666375961000.png;img_Drone1_3_7_1641238666381527000.png
Drone1	1641238640300	295.564	572.449	48.5228	-0.330989	-0.011901	0.0239811	0.943255	img_Drone1_3_0_1641238667031884000.png;img_Drone1_3_7_1641238667032431000.png
Drone1	1641238640798	299.566	570.118	47.4114	-0.331008	-0.0124338	0.0235294	0.943253	img_Drone1_3_0_1641238667564561000.png;img_Drone1_3_7_1641238667565066000.png
Drone1	1641238641251	303.207	568.002	46.4005	-0.33102	-0.0127213	0.0232857	0.943251	img_Drone1_3_0_1641238668035531000.png;img_Drone1_3_7_1641238668036076000.png
Drone1	1641238641713	306.924	565.85	45.3694	-0.33101	-0.0123957	0.0235559	0.943252	img_Drone1_3_0_1641238668517200000.png;img_Drone1_3_7_1641238668517726000.png
Drone1	1641238642235	311.124	563.418	44.2041	-0.331001	-0.0120814	0.0238164	0.943253	img_Drone1_3_0_1641238669126164000.png;img_Drone1_3_7_1641238669126696000.png
Drone1	1641238642652	314.48	561.475	43.2732	-0.330997	-0.0119465	0.0239256	0.943253	img_Drone1_3_0_1641238669599898000.png;img_Drone1_3_7_1641238669602545000.png
Drone1	1641238643255	319.327	558.659	41.9274	-0.331004	-0.0121588	0.0237488	0.943252	img_Drone1_3_0_1641238670238791000.png;img_Drone1_3_7_1641238670239629000.png
Drone1	1641238643777	323.521	556.218	40.7625	-0.331024	-0.0126729	0.0233075	0.943249	img_Drone1_3_0_1641238670769494000.png;img_Drone1_3_7_1641238670770178000.png
Drone1	1641238644302	327.745	553.772	39.5908	-0.331017	-0.0124348	0.0235069	0.94325	img_Drone1_3_0_1641238671298890000.png;img_Drone1_3_7_1641238671300113000.png
Drone1	1641238644614	330.255	552.318	38.8943	-0.331009	-0.0122115	0.0236928	0.943251	img_Drone1_3_0_1641238671613866000.png;img_Drone1_3_7_1641238671614508000.png
Drone1	1641238645601	338.195	547.718	36.691	-0.331001	-0.0119151	0.0239368	0.943252	img_Drone1_3_0_1641238672718397000.png;img_Drone1_3_7_1641238672721674000.png
Drone1	1641238645889	340.509	546.371	36.0483	-0.331011	-0.0121815	0.0237109	0.943251	img_Drone1_3_0_1641238673029243000.png;img_Drone1_3_7_1641238673030069000.png
Drone1	1641238646474	345.211	543.636	34.7427	-0.33103	-0.0126985	0.0232723	0.943248	img_Drone1_3_0_1641238673629765000.png;img_Drone1_3_7_1641238673630453000.png
Drone1	1641238647026	349.652	541.064	33.5106	-0.331019	-0.0123337	0.0235758	0.943249	img_Drone1_3_0_1641238674180452000.png;img_Drone1_3_7_1641238674182277000.png
Drone1	1641238647458	353.128	539.051	32.5462	-0.331011	-0.01208	0.0237854	0.94325	img_Drone1_3_0_1641238674615654000.png;img_Drone1_3_7_1641238674616265000.png
Drone1	1641238648031	357.739	536.382	31.2671	-0.331006	-0.0119046	0.0239254	0.94325	img_Drone1_3_0_1641238675196450000.png;img_Drone1_3_7_1641238675197051000.png
Drone1	1641238648385	360.584	534.727	30.4769	-0.331011	-0.0120595	0.023798	0.94325	img_Drone1_3_0_1641238675553266000.png;img_Drone1_3_7_1641238675553861000.png
Drone1	1641238649000	365.526	531.85	29.1042	-0.331035	-0.0126796	0.0232754	0.943246	img_Drone1_3_0_1641238676193527000.png;img_Drone1_3_7_1641238676194212000.png
Drone1	1641238649546	369.919	529.306	27.8855	-0.331026	-0.0123903	0.0235133	0.943247	img_Drone1_3_0_1641238676779798000.png;img_Drone1_3_7_1641238676780422000.png
Drone1	1641238650233	375.447	526.106	26.352	-0.331015	-0.0120042	0.0238276	0.943248	img_Drone1_3_0_1641238677486328000.png;img_Drone1_3_7_1641238677487259000.png
Drone1	1641238650794	379.96	523.49	25.0997	-0.33101	-0.0118844	0.0239232	0.943249	img_Drone1_3_0_1641238678057471000.png;img_Drone1_3_7_1641238678059130000.png
Drone1	1641238651247	383.601	521.371	24.0885	-0.331026	-0.0123446	0.0235385	0.943247	img_Drone1_3_0_1641238678552208000.png;img_Drone1_3_7_1641238678553126000.png
Drone1	1641238651700	387.242	519.253	23.0773	-0.33104	-0.0127021	0.02324	0.943245	img_Drone1_3_0_1641238679056141000.png;img_Drone1_3_7_1641238679056790000.png
Drone1	1641238652090	390.38	517.436	22.2067	-0.331032	-0.0124407	0.0234575	0.943246	img_Drone1_3_0_1641238679496565000.png;img_Drone1_3_7_1641238679497123000.png
Drone1	1641238652795	396.053	514.152	20.633	-0.33102	-0.0120163	0.0238023	0.943247	img_Drone1_3_0_1641238680261642000.png;img_Drone1_3_7_1641238680262539000.png
Drone1	1641238653419	401.073	511.243	19.2401	-0.331016	-0.0118929	0.0238976	0.943248	img_Drone1_3_0_1641238680954277000.png;img_Drone1_3_7_1641238680954770000.png
Drone1	1641238653749	403.725	509.702	18.5034	-0.331022	-0.0120887	0.0237394	0.943247	img_Drone1_3_0_1641238681335662000.png;img_Drone1_3_7_1641238681336257000.png
Drone1	1641238654550	410.162	505.962	16.716	-0.331033	-0.0124549	0.0234403	0.943246	img_Drone1_3_0_1641238682183519000.png;img_Drone1_3_7_1641238682184059000.png
Drone1	1641238654898	412.961	504.337	15.9395	-0.331035	-0.0125022	0.0233931	0.943246	img_Drone1_3_0_1641238682561430000.png;img_Drone1_3_7_1641238682561942000.png
Drone1	1641238655405	417.04	501.97	14.8077	-0.331033	-0.0124134	0.0234427	0.943246	img_Drone1_3_0_1641238683070665000.png;img_Drone1_3_7_1641238683076743000.png
Drone1	1641238655783	420.082	500.205	13.9637	-0.331033	-0.0123658	0.0234756	0.943246	img_Drone1_3_0_1641238683465657000.png;img_Drone1_3_7_1641238683466195000.png
Drone1	1641238656374	424.837	497.45	12.644	-0.331028	-0.0121778	0.0236386	0.943246	img_Drone1_3_0_1641238684075213000.png;img_Drone1_3_7_1641238684075638000.png
Drone1	1641238657163	431.186	493.768	10.8823	-0.331028	-0.012116	0.0236814	0.943246	img_Drone1_3_0_1641238684898983000.png;img_Drone1_3_7_1641238684899433000.png
Drone1	1641238657517	434.034	492.115	10.0918	-0.331031	-0.0121851	0.0236201	0.943245	img_Drone1_3_0_1641238685264482000.png;img_Drone1_3_7_1641238685268102000.png
Drone1	1641238658111	438.814	489.342	8.76526	-0.331031	-0.0122507	0.0235633	0.943246	img_Drone1_3_0_1641238685876195000.png;img_Drone1_3_7_1641238685876816000.png
Drone1	1641238658711	443.642	486.54	7.42526	-0.331032	-0.0122792	0.023538	0.943246	img_Drone1_3_0_1641238686493802000.png;img_Drone1_3_7_1641238686498017000.png
Drone1	1641238659230	447.818	484.117	6.26615	-0.331032	-0.0122883	0.0235272	0.943246	img_Drone1_3_0_1641238687020515000.png;img_Drone1_3_7_1641238687020904000.png
Drone1	1641238659479	449.822	482.954	5.71005	-0.331032	-0.0122914	0.0235226	0.943246	img_Drone1_3_0_1641238687267292000.png;img_Drone1_3_7_1641238687267671000.png
Drone1	1641238660037	454.312	480.349	4.46382	-0.331032	-0.0122962	0.0235166	0.943246	img_Drone1_3_0_1641238687828353000.png;img_Drone1_3_7_1641238687828846000.png
Drone1	1641238660583	458.705	477.804	3.2445	-0.331028	-0.0121186	0.0236711	0.943246	img_Drone1_3_0_1641238688399778000.png;img_Drone1_3_7_1641238688400264000.png
Drone1	1641238661066	462.591	475.549	2.16598	-0.331028	-0.0121188	0.0236609	0.943246	img_Drone1_3_0_1641238688888669000.png;img_Drone1_3_7_1641238688889194000.png
Drone1	1641238661567	466.622	473.21	1.05501	-0.330963	-0.0107301	0.0257103	0.943233	img_Drone1_3_0_1641238689420348000.png;img_Drone1_3_7_1641238689422384000.png
Drone1	1641238662182	471.43	470.417	0.250563	-0.297099	0.0928358	-0.220102	0.924483	img_Drone1_3_0_1641238690138444000.png;img_Drone1_3_7_1641238690152817000.png
Drone1	1641238662899	474.855	469.285	-1.77983	-0.305795	0.155866	-0.242796	0.907329	img_Drone1_3_0_1641238691084829000.png;img_Drone1_3_7_1641238691085099000.png
Drone1	1641238663253	475.659	469.492	-2.69123	-0.305843	0.155896	-0.242596	0.907361	img_Drone1_3_0_1641238691496798000.png;img_Drone1_3_7_1641238691497450000.png
Drone1	1641238663649	476.11	470.08	-3.11618	-0.302878	0.145367	-0.246685	0.908999	img_Drone1_3_0_1641238691984835000.png;img_Drone1_3_7_1641238691987548000.png
Drone1	1641238664354	475.713	472.184	-2.52276	-0.298492	0.130277	-0.252802	0.911055	img_Drone1_3_0_1641238692821641000.png;img_Drone1_3_7_1641238692822088000.png
Drone1	1641238664907	474.405	474.779	-0.913746	-0.305078	0.0896164	-0.177925	0.931257	img_Drone1_3_0_1641238693376165000.png;img_Drone1_3_7_1641238693376502000.png
Drone1	1641238665435	472.6	477.82	1.31169	-0.303445	0.0191412	-0.107922	0.946524	img_Drone1_3_0_1641238693897801000.png;img_Drone1_3_7_1641238693910796000.png
Drone1	1641238665693	471.617	479.471	2.43542	-0.30133	-0.00944476	-0.0891981	0.949292	img_Drone1_3_0_1641238694173924000.png;img_Drone1_3_7_1641238694174329000.png
Drone1	1641238666422	468.934	484.639	5.39676	-0.294359	-0.0824186	-0.0572786	0.95041	img_Drone1_3_0_1641238694907273000.png;img_Drone1_3_7_1641238694910170000.png
Drone1	1641238667205	466.964	490.922	8.13872	-0.288469	-0.115783	-0.0225788	0.950195	img_Drone1_3_0_1641238695737590000.png;img_Drone1_3_7_1641238695738100000.png
Drone1	1641238667574	466.495	494.054	9.42535	-0.289037	-0.0913631	-0.0165307	0.952805	img_Drone1_3_0_1641238696134875000.png;img_Drone1_3_7_1641238696135510000.png
Drone1	1641238667931	466.259	497.137	10.7193	-0.29038	-0.0586697	-0.0185463	0.954931	img_Drone1_3_0_1641238696522978000.png;img_Drone1_3_7_1641238696523713000.png
Drone1	1641238668897	466.087	505.623	14.2413	-0.292729	0.0172746	-0.0324711	0.955488	img_Drone1_3_0_1641238697515450000.png;img_Drone1_3_7_1641238697521063000.png
Drone1	1641238669695	465.767	512.703	17.0706	-0.293154	0.0344226	-0.0318736	0.954913	img_Drone1_3_0_1641238698367672000.png;img_Drone1_3_7_1641238698368899000.png
Drone1	1641238670385	465.169	518.891	19.5648	-0.292953	0.0176655	-0.0276386	0.955564	img_Drone1_3_0_1641238699132907000.png;img_Drone1_3_7_1641238699133547000.png
Drone1	1641238671096	464.395	525.089	22.08	-0.292546	-0.00204715	-0.0243517	0.955939	img_Drone1_3_0_1641238699853612000.png;img_Drone1_3_7_1641238699854193000.png
Drone1	1641238671522	463.934	528.857	23.6019	-0.292379	-0.0088334	-0.0229758	0.955986	img_Drone1_3_0_1641238700285957000.png;img_Drone1_3_7_1641238700286589000.png
Drone1	1641238672203	463.27	534.892	26.0317	-0.292357	-0.00962883	-0.022312	0.956001	img_Drone1_3_0_1641238700974222000.png;img_Drone1_3_7_1641238700974944000.png
Drone1	1641238673061	462.555	542.516	29.0943	-0.292552	-0.00125499	-0.0235724	0.955958	img_Drone1_3_0_1641238701867440000.png;img_Drone1_3_7_1641238701877193000.png
Drone1	1641238673568	462.153	547.023	30.9042	-0.292639	0.00288022	-0.0242968	0.95591	img_Drone1_3_0_1641238702391050000.png;img_Drone1_3_7_1641238702391913000.png
Drone1	1641238674042	461.769	551.237	32.5961	-0.292675	0.00464678	-0.024595	0.955884	img_Drone1_3_0_1641238702880802000.png;img_Drone1_3_7_1641238702881558000.png
Drone1	1641238674540	461.349	555.665	34.3745	-0.29267	0.00438481	-0.0245404	0.955888	img_Drone1_3_0_1641238703392672000.png;img_Drone1_3_7_1641238703394685000.png
Drone1	1641238675104	460.853	560.676	36.3895	-0.292635	0.00262368	-0.0242507	0.955913	img_Drone1_3_0_1641238703977766000.png;img_Drone1_3_7_1641238703978932000.png
Drone1	1641238675458	460.536	563.816	37.6537	-0.292607	0.00133386	-0.0240775	0.955929	img_Drone1_3_0_1641238704367824000.png;img_Drone1_3_7_1641238704368517000.png
Drone1	1641238676160	459.908	570.043	40.1591	-0.292574	-0.000206016	-0.0238292	0.955946	img_Drone1_3_0_1641238705093163000.png;img_Drone1_3_7_1641238705093949000.png
Drone1	1641238676463	459.639	572.735	41.2403	-0.29257	-0.000411406	-0.0237677	0.955948	img_Drone1_3_0_1641238705396068000.png;img_Drone1_3_7_1641238705397232000.png
Drone1	1641238677087	459.093	578.283	43.4684	-0.292578	-2.9418e-05	-0.0237606	0.955946	img_Drone1_3_0_1641238706039261000.png;img_Drone1_3_7_1641238706040004000.png
Drone1	1641238677927	458.366	585.751	46.4695	-0.292601	0.000927722	-0.0239394	0.955934	img_Drone1_3_0_1641238706910552000.png;img_Drone1_3_7_1641238706911298000.png
Drone1	1641238678434	457.928	590.259	48.281	-0.292606	0.00119755	-0.024001	0.955931	img_Drone1_3_0_1641238707421443000.png;img_Drone1_3_7_1641238707422394000.png
Drone1	1641238678923	457.505	594.606	50.0283	-0.292609	0.00132969	-0.0240353	0.955929	img_Drone1_3_0_1641238707929051000.png;img_Drone1_3_7_1641238707929746000.png
Drone1	1641238679520	456.986	599.914	52.1614	-0.292607	0.00125904	-0.024031	0.95593	img_Drone1_3_0_1641238708551437000.png;img_Drone1_3_7_1641238708552292000.png
Drone1	1641238680111	456.469	605.168	54.2734	-0.292603	0.00093654	-0.0239795	0.955933	img_Drone1_3_0_1641238709176378000.png;img_Drone1_3_7_1641238709177081000.png
Drone1	1641238680372	456.24	607.489	55.2062	-0.292601	0.000848729	-0.0239689	0.955934	img_Drone1_3_0_1641238709483885000.png;img_Drone1_3_7_1641238709484702000.png
Drone1	1641238681080	455.621	613.784	57.7365	-0.2926	0.000720851	-0.023953	0.955935	img_Drone1_3_0_1641238710295886000.png;img_Drone1_3_7_1641238710296673000.png
Drone1	1641238681653	455.12	618.878	59.7842	-0.2926	0.000676027	-0.0239489	0.955935	img_Drone1_3_0_1641238710898264000.png;img_Drone1_3_7_1641238710898985000.png
Drone1	1641238682199	454.648	623.732	61.7352	-0.292605	0.000976967	-0.0240083	0.955932	img_Drone1_3_0_1641238711450699000.png;img_Drone1_3_7_1641238711451378000.png
Drone1	1641238682688	454.224	628.08	63.4826	-0.292608	0.0011936	-0.0240505	0.955929	img_Drone1_3_0_1641238711953821000.png;img_Drone1_3_7_1641238711963832000.png
Drone1	1641238683264	453.72	633.195	65.5406	-0.292604	0.000912506	-0.0240411	0.955931	img_Drone1_3_0_1641238712547309000.png;img_Drone1_3_7_1641238712548465000.png
Drone1	1641238683771	453.276	637.703	67.3517	-0.292602	0.000765282	-0.023996	0.955933	img_Drone1_3_0_1641238713060078000.png;img_Drone1_3_7_1641238713060699000.png
Drone1	1641238684143	452.951	641.01	68.6809	-0.292602	0.000714666	-0.0239773	0.955933	img_Drone1_3_0_1641238713434959000.png;img_Drone1_3_7_1641238713435784000.png
Drone1	1641238684596	452.558	645.038	70.2996	-0.292604	0.000849235	-0.0239979	0.955932	img_Drone1_3_0_1641238713889212000.png;img_Drone1_3_7_1641238713890005000.png
Drone1	1641238685049	452.166	649.065	71.9182	-0.292608	0.00112311	-0.0240515	0.955929	img_Drone1_3_0_1641238714392841000.png;img_Drone1_3_7_1641238714393500000.png
Drone1	1641238685775	451.532	655.511	74.5116	-0.292604	0.000909131	-0.0240706	0.95593	img_Drone1_3_0_1641238715138774000.png;img_Drone1_3_7_1641238715139395000.png
Drone1	1641238686315	451.059	660.312	76.4399	-0.292602	0.000756499	-0.0240057	0.955933	img_Drone1_3_0_1641238715680977000.png;img_Drone1_3_7_1641238715681551000.png
Drone1	1641238686636	450.779	663.166	77.5868	-0.292603	0.000715973	-0.0239868	0.955933	img_Drone1_3_0_1641238716002982000.png;img_Drone1_3_7_1641238716003610000.png
Drone1	1641238687245	450.252	668.581	79.7628	-0.292607	0.000999102	-0.0240431	0.95593	img_Drone1_3_0_1641238716644499000.png;img_Drone1_3_7_1641238716645077000.png
Drone1	1641238687587	449.956	671.62	80.9848	-0.29261	0.00117476	-0.02408	0.955928	img_Drone1_3_0_1641238717020338000.png;img_Drone1_3_7_1641238717020917000.png
Drone1	1641238688376	449.265	678.625	83.8019	-0.292604	0.000827975	-0.0240631	0.955931	img_Drone1_3_0_1641238717838533000.png;img_Drone1_3_7_1641238717839614000.png
Drone1	1641238689018	448.704	684.333	86.0951	-0.292604	0.000721261	-0.0239963	0.955932	img_Drone1_3_0_1641238718512245000.png;img_Drone1_3_7_1641238718512850000.png
Drone1	1641238689483	448.302	688.468	87.7565	-0.292608	0.000944265	-0.0240425	0.95593	img_Drone1_3_0_1641238719006804000.png;img_Drone1_3_7_1641238719007347000.png
Drone1	1641238690131	447.739	694.222	90.0665	-0.292631	0.00233897	-0.0249064	0.955898	img_Drone1_3_0_1641238719662777000.png;img_Drone1_3_7_1641238719663417000.png
Drone1	1641238690662	447.244	698.919	91.6509	-0.299968	0.0700509	0.184899	0.933233	img_Drone1_3_0_1641238720226838000.png;img_Drone1_3_7_1641238720227383000.png
Drone1	1641238691043	446.879	701.423	91.8179	-0.30809	0.051442	0.257708	0.914342	img_Drone1_3_0_1641238720612506000.png;img_Drone1_3_7_1641238720612997000.png
Drone1	1641238691655	446.618	702.928	90.527	-0.316414	0.0309389	0.174038	0.932006	img_Drone1_3_0_1641238721259975000.png;img_Drone1_3_7_1641238721260437000.png
Drone1	1641238692237	446.632	702.618	88.2323	-0.321243	0.0120148	0.0832308	0.943256	img_Drone1_3_0_1641238721851725000.png;img_Drone1_3_7_1641238721852264000.png
Drone1	1641238692600	446.694	702.12	86.9198	-0.322252	0.00564587	0.0463848	0.9455	img_Drone1_3_0_1641238722214183000.png;img_Drone1_3_7_1641238722214676000.png
Drone1	1641238693377	446.896	700.734	84.1811	-0.322752	-0.000552837	0.00550789	0.946467	img_Drone1_3_0_1641238722994197000.png;img_Drone1_3_7_1641238722994709000.png
Drone1	1641238693851	447.036	699.835	82.4733	-0.322777	-0.00272699	-0.00897299	0.946429	img_Drone1_3_0_1641238723466047000.png;img_Drone1_3_7_1641238723466988000.png
Drone1	1641238694367	447.185	698.913	80.5377	-0.322717	-0.00520411	-0.0247808	0.946157	img_Drone1_3_0_1641238723992393000.png;img_Drone1_3_7_1641238723992992000.png
Drone1	1641238694814	447.299	698.226	78.7754	-0.322548	-0.00805757	-0.0427448	0.945553	img_Drone1_3_0_1641238724440801000.png;img_Drone1_3_7_1641238724441341000.png
Drone1	1641238695270	447.388	697.71	76.9057	-0.322255	-0.0109837	-0.0623356	0.944534	img_Drone1_3_0_1641238724907044000.png;img_Drone1_3_7_1641238724907952000.png
Drone1	1641238695732	447.438	697.442	75.0045	-0.322369	-0.00980191	-0.0592429	0.944708	img_Drone1_3_0_1641238725373367000.png;img_Drone1_3_7_1641238725373993000.png
Drone1	1641238696317	447.445	697.437	72.6568	-0.32283	-0.00482436	-0.0322339	0.945896	img_Drone1_3_0_1641238725997059000.png;img_Drone1_3_7_1641238725998063000.png
Drone1	1641238697148	447.395	697.754	69.3591	-0.323053	0.00127285	0.00492916	0.946367	img_Drone1_3_0_1641238726844457000.png;img_Drone1_3_7_1641238726845076000.png
Drone1	1641238697646	447.362	697.944	67.3685	-0.323022	0.00324741	0.0182532	0.94621	img_Drone1_3_0_1641238727371150000.png;img_Drone1_3_7_1641238727371796000.png
Drone1	1641238698051	447.345	698.038	65.7457	-0.323013	0.00345482	0.0208336	0.946159	img_Drone1_3_0_1641238727776206000.png;img_Drone1_3_7_1641238727776756000.png
Drone1	1641238698510	447.339	698.065	63.9103	-0.323048	0.00244595	0.0157641	0.946248	img_Drone1_3_0_1641238728238599000.png;img_Drone1_3_7_1641238728239262000.png
Drone1	1641238699062	447.346	698.017	61.7078	-0.32309	0.000697691	0.00548299	0.946352	img_Drone1_3_0_1641238728792476000.png;img_Drone1_3_7_1641238728793066000.png
Drone1	1641238699551	447.356	697.947	59.7564	-0.323098	-0.000619724	-0.00238552	0.946362	img_Drone1_3_0_1641238729338885000.png;img_Drone1_3_7_1641238729339405000.png
Drone1	1641238700193	447.369	697.871	57.1924	-0.323094	-0.00136968	-0.00736789	0.946337	img_Drone1_3_0_1641238730011564000.png;img_Drone1_3_7_1641238730012110000.png
Drone1	1641238701027	447.374	697.854	53.8619	-0.323106	-0.000589422	-0.0044631	0.946352	img_Drone1_3_0_1641238730882265000.png;img_Drone1_3_7_1641238730882908000.png
Drone1	1641238701414	447.372	697.869	52.3167	-0.32311	-7.52668e-05	-0.00171887	0.94636	img_Drone1_3_0_1641238731278633000.png;img_Drone1_3_7_1641238731279242000.png
Drone1	1641238702179	447.365	697.911	49.2623	-0.323111	0.000443917	0.00241847	0.946358	img_Drone1_3_0_1641238732081036000.png;img_Drone1_3_7_1641238732081595000.png
Drone1	1641238702602	447.362	697.924	47.5733	-0.323111	0.000397483	0.00285531	0.946357	img_Drone1_3_0_1641238732510237000.png;img_Drone1_3_7_1641238732510814000.png
Drone1	1641238703151	447.362	697.927	45.3813	-0.323112	0.000321037	0.00190508	0.946359	img_Drone1_3_0_1641238733086188000.png;img_Drone1_3_7_1641238733086708000.png
Drone1	1641238703673	447.362	697.918	43.2971	-0.323113	-6.7417e-06	0.000446573	0.94636	img_Drone1_3_0_1641238733611418000.png;img_Drone1_3_7_1641238733612056000.png
Drone1	1641238703973	447.362	697.912	42.0993	-0.323113	-0.000190501	-0.000252841	0.946361	img_Drone1_3_0_1641238733919322000.png;img_Drone1_3_7_1641238733919879000.png
Drone1	1641238704621	447.362	697.899	39.5121	-0.323113	-0.000412333	-0.00108954	0.94636	img_Drone1_3_0_1641238734581998000.png;img_Drone1_3_7_1641238734582505000.png
Drone1	1641238705080	447.364	697.899	37.6794	-0.323113	-0.000140697	-0.000936145	0.94636	img_Drone1_3_0_1641238735052347000.png;img_Drone1_3_7_1641238735052945000.png
Drone1	1641238705503	447.364	697.899	35.9905	-0.323113	-5.40869e-05	-0.0005471	0.94636	img_Drone1_3_0_1641238735506347000.png;img_Drone1_3_7_1641238735506902000.png
Drone1	1641238706031	447.364	697.899	33.8823	-0.323113	-2.27714e-05	-0.000257658	0.94636	img_Drone1_3_0_1641238736051865000.png;img_Drone1_3_7_1641238736052374000.png
Drone1	1641238706442	447.364	697.904	32.2413	-0.323113	6.78218e-05	9.46643e-05	0.94636	img_Drone1_3_0_1641238736464591000.png;img_Drone1_3_7_1641238736465097000.png
Drone1	1641238707120	447.364	697.907	29.5343	-0.323113	0.000139003	0.000367969	0.94636	img_Drone1_3_0_1641238737145529000.png;img_Drone1_3_7_1641238737150160000.png
Drone1	1641238707843	447.364	697.907	26.6475	-0.323113	5.21353e-05	0.000139616	0.94636	img_Drone1_3_0_1641238737890900000.png;img_Drone1_3_7_1641238737891431000.png
Drone1	1641238708242	447.364	697.907	25.0544	-0.323113	2.92791e-05	7.83595e-05	0.94636	img_Drone1_3_0_1641238738281811000.png;img_Drone1_3_7_1641238738288691000.png
Drone1	1641238709025	447.364	697.907	21.9281	-0.323113	9.34533e-06	2.50112e-05	0.94636	img_Drone1_3_0_1641238739172900000.png;img_Drone1_3_7_1641238739173621000.png
Drone1	1641238709424	447.364	697.907	20.335	-0.323113	5.236e-06	1.3973e-05	0.94636	img_Drone1_3_0_1641238739591427000.png;img_Drone1_3_7_1641238739595885000.png
Drone1	1641238710021	447.364	697.907	17.9514	-0.323113	2.19561e-06	5.84604e-06	0.94636	img_Drone1_3_0_1641238740193268000.png;img_Drone1_3_7_1641238740193765000.png
Drone1	1641238710327	447.364	697.907	16.7296	-0.323113	1.42123e-06	3.74531e-06	0.94636	img_Drone1_3_0_1641238740523154000.png;img_Drone1_3_7_1641238740523660000.png
Drone1	1641238710933	447.364	697.907	14.31	-0.323113	5.88822e-07	1.54726e-06	0.94636	img_Drone1_3_0_1641238741156839000.png;img_Drone1_3_7_1641238741158403000.png
Drone1	1641238711471	447.364	697.907	12.1659	-0.323113	3.60797e-07	7.38356e-07	0.94636	img_Drone1_3_0_1641238741699646000.png;img_Drone1_3_7_1641238741700238000.png
Drone1	1641238712212	447.364	697.907	9.20734	-0.323113	2.39803e-08	2.17451e-07	0.94636	img_Drone1_3_0_1641238742455187000.png;img_Drone1_3_7_1641238742455752000.png
Drone1	1641238712578	447.364	697.907	7.746	-0.323113	4.99187e-08	1.43194e-07	0.94636	img_Drone1_3_0_1641238742821196000.png;img_Drone1_3_7_1641238742821687000.png
Drone1	1641238713034	447.364	697.907	5.92532	-0.323113	5.64143e-08	7.92234e-08	0.94636	img_Drone1_3_0_1641238743308369000.png;img_Drone1_3_7_1641238743308856000.png
Drone1	1641238713784	447.364	697.907	2.93079	-0.323113	-3.46788e-08	1.0172e-08	0.94636	img_Drone1_3_0_1641238744089663000.png;img_Drone1_3_7_1641238744102268000.png
Drone1	1641238714114	447.364	697.907	1.61319	-0.323113	-3.00395e-08	-2.90432e-09	0.94636	img_Drone1_3_0_1641238744460296000.png;img_Drone1_3_7_1641238744460827000.png
Drone1	1641238714603	447.364	697.907	-0.339247	-0.323113	-1.63371e-08	-2.34142e-09	0.94636	img_Drone1_3_0_1641238745000865000.png;img_Drone1_3_7_1641238745001390000.png
Drone1	1641238715164	447.364	697.907	-2.57916	-0.323113	-2.07057e-09	4.33896e-09	0.94636	img_Drone1_3_0_1641238745579284000.png;img_Drone1_3_7_1641238745579782000.png
Drone1	1641238715668	447.364	697.907	-4.59149	-0.323113	-0.000107172	7.67537e-05	0.94636	img_Drone1_3_0_1641238746097640000.png;img_Drone1_3_7_1641238746102139000.png
Drone1	1641238716214	447.311	697.845	-5.90875	-0.31175	0.230159	0.126068	0.913206	img_Drone1_3_0_1641238746726663000.png;img_Drone1_3_7_1641238746729101000.png
Drone1	1641238716508	447.09	697.602	-5.99241	-0.306893	0.252711	0.122814	0.909324	img_Drone1_3_0_1641238747038462000.png;img_Drone1_3_7_1641238747038846000.png
Drone1	1641238717123	445.712	696.224	-5.41797	-0.300205	0.26331	0.101071	0.911224	img_Drone1_3_0_1641238747699197000.png;img_Drone1_3_7_1641238747699572000.png
Drone1	1641238717552	443.999	694.631	-4.43498	-0.303951	0.202785	0.0725065	0.928027	img_Drone1_3_0_1641238748198934000.png;img_Drone1_3_7_1641238748199308000.png
Drone1	1641238718254	440.232	691.27	-2.22753	-0.310003	0.0936376	0.0358662	0.945433	img_Drone1_3_0_1641238748914913000.png;img_Drone1_3_7_1641238748915354000.png
Drone1	1641238718728	437.29	688.674	-0.795585	-0.311302	0.0597373	0.0275641	0.948031	img_Drone1_3_0_1641238749399215000.png;img_Drone1_3_7_1641238749399674000.png
Drone1	1641238719199	434.233	685.956	0.56331	-0.311829	0.0419717	0.0230254	0.948932	img_Drone1_3_0_1641238749887326000.png;img_Drone1_3_7_1641238749889841000.png
Drone1	1641238719937	429.348	681.54	2.6599	-0.311991	0.0306921	0.0162268	0.949451	img_Drone1_3_0_1641238750671040000.png;img_Drone1_3_7_1641238750671621000.png
Drone1	1641238720483	425.714	678.208	4.21316	-0.31193	0.0285672	0.0114859	0.949606	img_Drone1_3_0_1641238751211423000.png;img_Drone1_3_7_1641238751217951000.png
Drone1	1641238720924	422.773	675.502	5.47158	-0.311872	0.028185	0.00869681	0.949666	img_Drone1_3_0_1641238751654167000.png;img_Drone1_3_7_1641238751659497000.png
Drone1	1641238721437	419.344	672.352	6.93899	-0.311833	0.0280503	0.00696797	0.949697	img_Drone1_3_0_1641238752171878000.png;img_Drone1_3_7_1641238752172446000.png
Drone1	1641238722013	415.481	668.825	8.58907	-0.311845	0.0275705	0.00717092	0.949706	img_Drone1_3_0_1641238752771132000.png;img_Drone1_3_7_1641238752771797000.png
Drone1	1641238722628	411.347	665.071	10.3523	-0.311884	0.0268683	0.00848041	0.949702	img_Drone1_3_0_1641238753417185000.png;img_Drone1_3_7_1641238753417732000.png
Drone1	1641238723030	408.641	662.618	11.5051	-0.311908	0.0265086	0.00921943	0.949698	img_Drone1_3_0_1641238753890168000.png;img_Drone1_3_7_1641238753890792000.png
Drone1	1641238723801	403.455	657.912	13.7168	-0.311928	0.0262159	0.00985586	0.949693	img_Drone1_3_0_1641238754697735000.png;img_Drone1_3_7_1641238754698417000.png
Drone1	1641238724353	399.744	654.541	15.2998	-0.311929	0.0262005	0.00989188	0.949693	img_Drone1_3_0_1641238755253806000.png;img_Drone1_3_7_1641238755254405000.png
Drone1	1641238724821	396.602	651.675	16.6419	-0.311911	0.0264545	0.00928319	0.949698	img_Drone1_3_0_1641238755761662000.png;img_Drone1_3_7_1641238755762279000.png
Drone1	1641238725403	392.695	648.111	18.3115	-0.311895	0.0266913	0.00873497	0.949701	img_Drone1_3_0_1641238756364118000.png;img_Drone1_3_7_1641238756364714000.png
Drone1	1641238725994	388.727	644.492	20.007	-0.311888	0.0268073	0.00848486	0.949703	img_Drone1_3_0_1641238756971070000.png;img_Drone1_3_7_1641238756971761000.png
Drone1	1641238726717	383.867	640.079	22.0806	-0.311911	0.026527	0.00918266	0.949697	img_Drone1_3_0_1641238757736723000.png;img_Drone1_3_7_1641238757737358000.png
Drone1	1641238727260	380.217	636.765	23.6376	-0.311923	0.0263423	0.00960508	0.949694	img_Drone1_3_0_1641238758305201000.png;img_Drone1_3_7_1641238758305969000.png
Drone1	1641238727755	376.893	633.735	25.057	-0.311913	0.0264909	0.00925539	0.949696	img_Drone1_3_0_1641238758803599000.png;img_Drone1_3_7_1641238758804255000.png
Drone1	1641238728226	373.731	630.85	26.408	-0.311901	0.0266797	0.00880943	0.949699	img_Drone1_3_0_1641238759316154000.png;img_Drone1_3_7_1641238759317467000.png
Drone1	1641238728811	369.803	627.271	28.0862	-0.311895	0.0267804	0.00860315	0.9497	img_Drone1_3_0_1641238759912371000.png;img_Drone1_3_7_1641238759913162000.png
Drone1	1641238729132	367.645	625.312	29.0067	-0.311905	0.0266561	0.008923	0.949697	img_Drone1_3_0_1641238760283993000.png;img_Drone1_3_7_1641238760284647000.png
Drone1	1641238729852	362.805	620.918	31.0712	-0.311925	0.0263804	0.00956351	0.949692	img_Drone1_3_0_1641238761037361000.png;img_Drone1_3_7_1641238761038032000.png
Drone1	1641238730332	359.583	617.98	32.4474	-0.311916	0.0265123	0.00925336	0.949695	img_Drone1_3_0_1641238761560381000.png;img_Drone1_3_7_1641238761561097000.png
Drone1	1641238730959	355.373	614.14	34.2459	-0.311901	0.0267431	0.00871268	0.949698	img_Drone1_3_0_1641238762202979000.png;img_Drone1_3_7_1641238762203757000.png
Drone1	1641238731691	350.456	609.668	36.3453	-0.311908	0.0266636	0.00895785	0.949696	img_Drone1_3_0_1641238762943337000.png;img_Drone1_3_7_1641238762943969000.png
Drone1	1641238732102	347.692	607.16	37.5238	-0.311922	0.0264775	0.00938638	0.949692	img_Drone1_3_0_1641238763403958000.png;img_Drone1_3_7_1641238763404620000.png
Drone1	1641238732621	344.207	603.989	39.0116	-0.311924	0.0264359	0.00949454	0.949692	img_Drone1_3_0_1641238763927624000.png;img_Drone1_3_7_1641238763928339000.png
Drone1	1641238733101	340.985	601.049	40.388	-0.31191	0.0266353	0.00899928	0.949696	img_Drone1_3_0_1641238764432035000.png;img_Drone1_3_7_1641238764432673000.png
Drone1	1641238733851	335.949	596.461	42.5394	-0.311901	0.0267911	0.00867088	0.949697	img_Drone1_3_0_1641238765274480000.png;img_Drone1_3_7_1641238765275052000.png
Drone1	1641238734505	331.553	592.469	44.4146	-0.31192	0.0265396	0.00929424	0.949692	img_Drone1_3_0_1641238765955614000.png;img_Drone1_3_7_1641238765956281000.png
Drone1	1641238735000	328.229	589.448	45.8336	-0.311926	0.0264415	0.00953024	0.94969	img_Drone1_3_0_1641238766453578000.png;img_Drone1_3_7_1641238766454205000.png
Drone1	1641238735459	325.147	586.637	47.1494	-0.311915	0.0265916	0.00915227	0.949694	img_Drone1_3_0_1641238766927419000.png;img_Drone1_3_7_1641238766927961000.png
Drone1	1641238736101	320.837	582.706	48.9908	-0.311902	0.0268005	0.00866253	0.949697	img_Drone1_3_0_1641238767621013000.png;img_Drone1_3_7_1641238767621585000.png
Drone1	1641238736701	316.807	579.044	50.7112	-0.31191	0.0266979	0.00897701	0.949694	img_Drone1_3_0_1641238768244712000.png;img_Drone1_3_7_1641238768245282000.png
Drone1	1641238737235	313.219	575.784	52.2421	-0.311924	0.0264979	0.00943311	0.949691	img_Drone1_3_0_1641238768774730000.png;img_Drone1_3_7_1641238768776612000.png
Drone1	1641238737925	308.586	571.565	54.2198	-0.311918	0.0265848	0.00922299	0.949692	img_Drone1_3_0_1641238769554211000.png;img_Drone1_3_7_1641238769554731000.png
Drone1	1641238738471	304.92	568.221	55.7856	-0.311905	0.0267759	0.00875626	0.949695	img_Drone1_3_0_1641238770107662000.png;img_Drone1_3_7_1641238770112421000.png
Drone1	1641238738885	302.141	565.693	56.973	-0.311906	0.0267902	0.00876644	0.949695	img_Drone1_3_0_1641238770555049000.png;img_Drone1_3_7_1641238770555477000.png
Drone1	1641238739392	298.737	562.598	58.4263	-0.311915	0.0266658	0.00910815	0.949692	img_Drone1_3_0_1641238771079559000.png;img_Drone1_3_7_1641238771079974000.png
Drone1	1641238740088	294.064	558.35	60.4205	-0.311922	0.0265622	0.0093525	0.94969	img_Drone1_3_0_1641238771779174000.png;img_Drone1_3_7_1641238771779537000.png
Drone1	1641238740619	290.499	555.104	61.942	-0.311921	0.0265733	0.00930005	0.949691	img_Drone1_3_0_1641238772312034000.png;img_Drone1_3_7_1641238772312391000.png
Drone1	1641238741147	286.954	551.871	63.4558	-0.311908	0.026758	0.00883653	0.949694	img_Drone1_3_0_1641238772859086000.png;img_Drone1_3_7_1641238772859411000.png
Drone1	1641238741702	283.228	548.481	65.0473	-0.31191	0.0267547	0.00890575	0.949693	img_Drone1_3_0_1641238773417736000.png;img_Drone1_3_7_1641238773418150000.png
Drone1	1641238742200	279.884	545.442	66.4746	-0.311918	0.0266465	0.00919464	0.949691	img_Drone1_3_0_1641238773942400000.png;img_Drone1_3_7_1641238773942722000.png
Drone1	1641238742497	277.89	543.629	67.3259	-0.311921	0.026606	0.0093018	0.94969	img_Drone1_3_0_1641238774285763000.png;img_Drone1_3_7_1641238774286114000.png
Drone1	1641238743157	273.459	539.596	69.217	-0.311922	0.0265971	0.00930524	0.94969	img_Drone1_3_0_1641238774993831000.png;img_Drone1_3_7_1641238774994204000.png
Drone1	1641238743739	269.552	536.032	70.8856	-0.311909	0.0267897	0.00880732	0.949693	img_Drone1_3_0_1641238775641057000.png;img_Drone1_3_7_1641238775641339000.png
Drone1	1641238744093	267.175	533.87	71.9007	-0.31191	0.0268017	0.00882109	0.949693	img_Drone1_3_0_1641238776015471000.png;img_Drone1_3_7_1641238776015750000.png
Drone1	1641238744654	263.408	530.446	73.5086	-0.31192	0.0266754	0.00916523	0.94969	img_Drone1_3_0_1641238776620762000.png;img_Drone1_3_7_1641238776621156000.png
Drone1	1641238745215	259.642	527.022	75.1163	-0.311925	0.0266041	0.009356	0.949688	img_Drone1_3_0_1641238777194538000.png;img_Drone1_3_7_1641238777194920000.png
Drone1	1641238745755	256.016	523.72	76.6636	-0.311923	0.0266338	0.009253	0.949689	img_Drone1_3_0_1641238777736701000.png;img_Drone1_3_7_1641238777737073000.png
Drone1	1641238746190	253.096	521.056	77.9107	-0.311913	0.026782	0.00886857	0.949692	img_Drone1_3_0_1641238778234164000.png;img_Drone1_3_7_1641238778234510000.png
Drone1	1641238746736	249.429	517.721	79.4763	-0.311914	0.0267877	0.00891082	0.949691	img_Drone1_3_0_1641238778815531000.png;img_Drone1_3_7_1641238778815974000.png
Drone1	1641238747336	245.398	514.059	81.196	-0.311926	0.0265975	0.00936768	0.949688	img_Drone1_3_0_1641238779449171000.png;img_Drone1_3_7_1641238779449455000.png
Drone1	1641238747870	241.813	510.798	82.7265	-0.311928	0.0265733	0.00944322	0.949687	img_Drone1_3_0_1641238779983419000.png;img_Drone1_3_7_1641238779983565000.png
Drone1	1641238748332	238.711	507.973	84.0506	-0.311924	0.0266591	0.00923344	0.949688	img_Drone1_3_0_1641238780446994000.png;img_Drone1_3_7_1641238780447169000.png
Drone1	1641238748767	235.811	505.314	85.2974	-0.31192	0.0267161	0.00909435	0.949689	img_Drone1_3_0_1641238780900638000.png;img_Drone1_3_7_1641238780900806000.png
Drone1	1641238749292	232.266	502.104	86.8025	-0.311919	0.0267599	0.00900954	0.949689	img_Drone1_3_0_1641238781437720000.png;img_Drone1_3_7_1641238781444053000.png
Drone1	1641238749910	228.117	498.326	88.5744	-0.311919	0.0267869	0.008966	0.949689	img_Drone1_3_0_1641238782115367000.png;img_Drone1_3_7_1641238782115513000.png
Drone1	1641238750171	226.364	496.73	89.3226	-0.311919	0.0267943	0.00895701	0.949689	img_Drone1_3_0_1641238782374835000.png;img_Drone1_3_7_1641238782374980000.png
Drone1	1641238750744	222.517	493.227	90.9655	-0.311919	0.0268053	0.00894613	0.949689	img_Drone1_3_0_1641238782960540000.png;img_Drone1_3_7_1641238782960782000.png
Drone1	1641238751329	218.589	489.651	92.6428	-0.311919	0.02681	0.00894831	0.949688	img_Drone1_3_0_1641238783585076000.png;img_Drone1_3_7_1641238783585251000.png
Drone1	1641238751698	216.11	487.395	93.7011	-0.311922	0.0267796	0.00902536	0.949687	img_Drone1_3_0_1641238784055925000.png;img_Drone1_3_7_1641238784056108000.png
Drone1	1641238752295	212.099	483.745	95.4134	-0.311924	0.0267416	0.00912411	0.949687	img_Drone1_3_0_1641238784726129000.png;img_Drone1_3_7_1641238784726339000.png
Drone1	1641238752835	208.47	480.444	96.9622	-0.311924	0.0267276	0.00916792	0.949687	img_Drone1_3_0_1641238785295080000.png;img_Drone1_3_7_1641238785295272000.png
Drone1	1641238753555	203.63	476.041	98.9778	-0.311824	0.0266763	0.00513529	0.949752	img_Drone1_3_0_1641238786043865000.png;img_Drone1_3_7_1641238786044093000.png
Drone1	1641238753804	201.957	474.538	99.3456	-0.304641	-0.148033	-0.0828502	0.937238	img_Drone1_3_0_1641238786308202000.png;img_Drone1_3_7_1641238786308393000.png
Drone1	1641238754338	199.252	472.193	99.1553	-0.295906	-0.190251	-0.0721671	0.933293	img_Drone1_3_0_1641238786868248000.png;img_Drone1_3_7_1641238786868437000.png
Drone1	1641238754797	197.332	470.534	100.272	-0.296187	-0.0482857	0.0210206	0.953677	img_Drone1_3_0_1641238787329609000.png;img_Drone1_3_7_1641238787329801000.png
Drone1	1641238755298	195.321	468.719	103.194	-0.288146	0.107686	0.122751	0.943561	img_Drone1_3_0_1641238787847844000.png;img_Drone1_3_7_1641238787848288000.png
Drone1	1641238755730	193.551	466.987	106.969	-0.274608	0.238879	0.208	0.907889	img_Drone1_3_0_1641238788278865000.png;img_Drone1_3_7_1641238788279112000.png
Drone1	1641238756294	192.094	465.471	110.865	-0.220955	0.401267	0.346071	0.818779	img_Drone1_3_0_1641238788861503000.png;img_Drone1_3_7_1641238788861900000.png
Drone1	1641238756870	192.118	465.508	110.964	0.0166292	0.611121	0.56981	0.549155	img_Drone1_3_0_1641238789444154000.png;img_Drone1_3_7_1641238789444693000.png
Drone1	1641238757305	192.128	465.508	110.793	0.695198	0	0	0.718819	img_Drone1_3_0_1641238789885976000.png;img_Drone1_3_7_1641238789886383000.png
Drone1	1641238757731	192.128	465.508	110.793	0.695198	0	0	0.718819	img_Drone1_3_0_1641238790313839000.png;img_Drone1_3_7_1641238790313980000.png
