VehicleName	TimeStamp	POS_X	POS_Y	POS_Z	Q_W	Q_X	Q_Y	Q_Z	ImageFile
Drone1	1640932232102	0	0	1.1224	3.57628e-07	-0	0	1	img_Drone1_0_0_1640932232481395000.png;img_Drone1_0_7_1640932232481568000.png
Drone2	1640932232102	0	0	1.1224	1	-0	0	0	
Drone3	1640932232102	0	0	1.1224	1	-0	0	0	
Drone4	1640932232102	0	0	1.1224	1	-0	0	0	
Drone1	1640932232432	0	0	2.8478	3.57628e-07	-0	0	1	img_Drone1_0_0_1640932232809707000.png;img_Drone1_0_7_1640932232810323000.png
Drone2	1640932232432	0	0	2.8478	1	-0	0	0	
Drone3	1640932232432	0	0	2.8478	1	-0	0	0	
Drone4	1640932232432	0	0	2.8478	1	-0	0	0	
Drone1	1640932232762	0	0	5.00639	3.57628e-07	-0	0	1	img_Drone1_0_0_1640932233143430000.png;img_Drone1_0_7_1640932233144042000.png
Drone2	1640932232762	0	0	5.00639	1	-0	0	0	
Drone3	1640932232762	0	0	5.00639	1	-0	0	0	
Drone4	1640932232762	0	0	5.00639	1	-0	0	0	
Drone1	1640932233077	0	0	7.2987	3.57628e-07	-0	0	1	img_Drone1_0_0_1640932233459385000.png;img_Drone1_0_7_1640932233460023000.png
Drone2	1640932233077	0	0	7.2987	1	-0	0	0	
Drone3	1640932233077	0	0	7.2987	1	-0	0	0	
Drone4	1640932233077	0	0	7.2987	1	-0	0	0	
Drone1	1640932233404	0	0	9.80676	3.57628e-07	-0	0	1	img_Drone1_0_0_1640932233787131000.png;img_Drone1_0_7_1640932233787740000.png
Drone2	1640932233404	0	0	9.80676	1	-0	0	0	
Drone3	1640932233404	0	0	9.80676	1	-0	0	0	
Drone4	1640932233404	0	0	9.80676	1	-0	0	0	
Drone1	1640932233689	0	0	12.0493	3.57628e-07	-0	0	1	img_Drone1_0_0_1640932234075510000.png;img_Drone1_0_7_1640932234076130000.png
Drone2	1640932233692	0	0	12.0493	1	-0	0	0	
Drone3	1640932233692	0	0	12.0731	1	-0	0	0	
Drone4	1640932233692	0	0	12.0731	1	-0	0	0	
Drone1	1640932233956	0	0	14.1758	3.57628e-07	-0	0	1	img_Drone1_0_0_1640932234340786000.png;img_Drone1_0_7_1640932234341445000.png
Drone2	1640932233956	0	0	14.1758	1	-0	0	0	
Drone3	1640932233956	0	0	14.1758	1	-0	0	0	
Drone4	1640932233956	0	0	14.1758	1	-0	0	0	
Drone1	1640932234271	0	0	16.7017	3.57628e-07	-0	0	1	img_Drone1_0_0_1640932234659814000.png;img_Drone1_0_7_1640932234660432000.png
Drone2	1640932234271	0	0	16.7017	1	-0	0	0	
Drone3	1640932234271	0	0	16.7017	1	-0	0	0	
Drone4	1640932234271	0	0	16.7017	1	-0	0	0	
Drone1	1640932234616	0	0	19.4791	3.57628e-07	-0	0	1	img_Drone1_0_0_1640932235005069000.png;img_Drone1_0_7_1640932235006109000.png
Drone2	1640932234616	0	0	19.4791	1	-0	0	0	
Drone3	1640932234616	0	0	19.4791	1	-0	0	0	
Drone4	1640932234616	0	0	19.4791	1	-0	0	0	
Drone1	1640932234967	0	0	22.3102	3.57628e-07	-0	0	1	img_Drone1_0_0_1640932235360451000.png;img_Drone1_0_7_1640932235361056000.png
Drone2	1640932234967	0	0	22.3102	1	-0	0	0	
Drone3	1640932234967	0	0	22.3102	1	-0	0	0	
Drone4	1640932234967	0	0	22.3102	1	-0	0	0	
Drone1	1640932235291	0	0	23.4395	3.13916e-07	0	0	1	img_Drone1_0_0_1640932235692420000.png;img_Drone1_0_7_1640932235693012000.png
Drone2	1640932235291	0	0	23.8183	1	0	0	0	
Drone3	1640932235291	0	0	22.7373	1	0	0	0	
Drone4	1640932235291	0	0	24.9257	1	-0	0	0	
Drone1	1640932235591	0	0	23.4395	3.13916e-07	0	0	1	img_Drone1_0_0_1640932235991959000.png;img_Drone1_0_7_1640932235992752000.png
Drone4	1640932235591	0	0	25.1686	1	0	0	0	
Drone1	1640932245338	0	0	-0.338101	3.57628e-07	-0	0	1	img_Drone1_0_0_1640932246327567000.png;img_Drone1_0_7_1640932246328183000.png
Drone2	1640932245341	0	0	0.94601	1	-0	0	0	
Drone3	1640932245341	0	0	0.94601	1	-0	0	0	
Drone4	1640932245341	0	0	0.94601	1	-0	0	0	
Drone1	1640932245680	0	0	-0.498307	3.57628e-07	-0	0	1	img_Drone1_0_0_1640932246722128000.png;img_Drone1_0_7_1640932246722767000.png
Drone2	1640932245680	0	0	2.65205	1	-0	0	0	
Drone3	1640932245680	0	0	2.65205	1	-0	0	0	
Drone4	1640932245680	0	0	2.65205	1	-0	0	0	
Drone1	1640932246025	0	0	-0.662991	3.57628e-07	-0	0	1	img_Drone1_0_0_1640932247069573000.png;img_Drone1_0_7_1640932247070204000.png
Drone2	1640932246025	0	0	4.88093	1	-0	0	0	
Drone3	1640932246025	0	0	4.88093	1	-0	0	0	
Drone4	1640932246025	0	0	4.88093	1	-0	0	0	
Drone1	1640932246394	0	0	-0.841459	3.57628e-07	-0	0	1	img_Drone1_0_0_1640932247445991000.png;img_Drone1_0_7_1640932247446619000.png
Drone2	1640932246394	0	0	7.56987	1	-0	0	0	
Drone3	1640932246394	0	0	7.56987	1	-0	0	0	
Drone4	1640932246394	0	0	7.56987	1	-0	0	0	
Drone1	1640932246745	0	0	-1.01273	3.57628e-07	-0	0	1	img_Drone1_0_0_1640932247797108000.png;img_Drone1_0_7_1640932247797941000.png
Drone2	1640932246745	0	0	10.2756	1	-0	0	0	
Drone3	1640932246745	0	0	10.2756	1	-0	0	0	
Drone4	1640932246745	0	0	10.2756	1	-0	0	0	
Drone1	1640932247150	0	0	-1.21158	3.57628e-07	-0	0	1	img_Drone1_0_0_1640932248232740000.png;img_Drone1_0_7_1640932248233370000.png
Drone2	1640932247150	0	0	13.481	1	-0	0	0	
Drone3	1640932247150	0	0	13.481	1	-0	0	0	
Drone4	1640932247150	0	0	13.481	1	-0	0	0	
Drone1	1640932247657	0	0	-1.46167	3.57628e-07	-0	0	1	img_Drone1_0_0_1640932248744878000.png;img_Drone1_0_7_1640932248745520000.png
Drone2	1640932247657	0	0	17.5461	1	-0	0	0	
Drone3	1640932247657	0	0	17.5461	1	-0	0	0	
Drone4	1640932247657	0	0	17.5461	1	-0	0	0	
Drone1	1640932248197	0	0	-1.68592	3.57628e-07	-0	0	1	img_Drone1_0_0_1640932249324882000.png;img_Drone1_0_7_1640932249325856000.png
Drone2	1640932248197	0	0	21.8986	1	-0	0	0	
Drone3	1640932248197	0	0	21.8986	1	-0	0	0	
Drone4	1640932248197	0	0	21.8986	1	-0	0	0	
Drone1	1640932248611	0	0	-1.66327	3.57628e-07	-0	0	1	img_Drone1_0_0_1640932249739122000.png;img_Drone1_0_7_1640932249739749000.png
Drone2	1640932248611	0	0	23.8183	1	0	0	0	
Drone3	1640932248611	0	0	22.737	1	0	0	0	
Drone4	1640932248611	0	0	25.2406	1	-0	0	0	
Drone1	1640932249076	0	0	-1.6556	3.57628e-07	-0	0	1	img_Drone1_0_0_1640932250209437000.png;img_Drone1_0_7_1640932250210081000.png
Drone4	1640932249076	0	0	25.1687	1	0	0	0	
Drone1	1640932249622	0	0	-1.97501	3.57628e-07	-0	0	1	img_Drone1_0_0_1640932250764204000.png;img_Drone1_0_7_1640932250764980000.png
Drone1	1640932250141	0	0	-2.48984	3.57628e-07	-0	0	1	img_Drone1_0_0_1640932251284052000.png;img_Drone1_0_7_1640932251284702000.png
Drone1	1640932250651	0	0	-2.99679	3.57628e-07	-0	0	1	img_Drone1_0_0_1640932251819985000.png;img_Drone1_0_7_1640932251820631000.png
Drone1	1640932251146	0	0	-3.48938	3.57628e-07	-0	0	1	img_Drone1_0_0_1640932252342707000.png;img_Drone1_0_7_1640932252343582000.png
Drone1	1640932251476	0	0	-3.81796	3.57628e-07	-0	0	1	img_Drone1_0_0_1640932252670612000.png;img_Drone1_0_7_1640932252671626000.png
Drone1	1640932251866	0	0	-4.20641	3.57628e-07	-0	0	1	img_Drone1_0_0_1640932253073305000.png;img_Drone1_0_7_1640932253073988000.png
Drone1	1640932252340	0	0	-4.62245	3.57628e-07	-0	0	1	img_Drone1_0_0_1640932253562120000.png;img_Drone1_0_7_1640932253562747000.png
Drone1	1640932252778	-0.0896797	0.091211	-4.52846	0.143796	0.177579	-0.127734	0.965128	img_Drone1_0_0_1640932254002080000.png;img_Drone1_0_7_1640932254002710000.png
Drone1	1640932253174	-0.647512	0.641261	-4.46297	0.4343	0.15544	-0.0525812	0.885696	img_Drone1_0_0_1640932254410585000.png;img_Drone1_0_7_1640932254411347000.png
Drone1	1640932253660	-1.73585	1.71525	-4.01841	0.394074	0.0813204	-0.0340419	0.914841	img_Drone1_0_0_1640932254912803000.png;img_Drone1_0_7_1640932254913858000.png
Drone1	1640932254311	-3.57684	3.54904	-3.18873	0.377963	0.034852	-0.0151702	0.92504	img_Drone1_0_0_1640932255585512000.png;img_Drone1_0_7_1640932255586170000.png
Drone1	1640932254734	-4.88797	4.8601	-2.62472	0.389311	0.0217647	-0.00912625	0.920804	img_Drone1_0_0_1640932256016867000.png;img_Drone1_0_7_1640932256017511000.png
Drone1	1640932255349	-6.86459	6.83844	-1.8035	0.381153	0.012713	-0.00542782	0.924409	img_Drone1_0_0_1640932256668958000.png;img_Drone1_0_7_1640932256672943000.png
Drone1	1640932255913	-8.71056	8.68726	-1.05247	0.383594	0.00936869	-0.00390167	0.923446	img_Drone1_0_0_1640932257245642000.png;img_Drone1_0_7_1640932257248690000.png
Drone1	1640932256459	-10.5105	10.4902	-0.326902	0.382966	0.00795471	-0.00328371	0.923722	img_Drone1_0_0_1640932257801755000.png;img_Drone1_0_7_1640932257802865000.png
Drone1	1640932256933	-12.0778	12.06	0.30223	0.382918	0.00738934	-0.00303085	0.923748	img_Drone1_0_0_1640932258362280000.png;img_Drone1_0_7_1640932258362991000.png
Drone1	1640932257503	-13.9652	13.9503	1.05818	0.382971	0.00707523	-0.00289102	0.923729	img_Drone1_0_0_1640932258990647000.png;img_Drone1_0_7_1640932258991338000.png
Drone1	1640932258019	-15.6752	15.6625	1.74211	0.382885	0.00694836	-0.00283814	0.923766	img_Drone1_0_0_1640932259548743000.png;img_Drone1_0_7_1640932259552463000.png
Drone1	1640932258760	-18.1319	18.1219	2.72377	0.382855	0.00687381	-0.00281048	0.923779	img_Drone1_0_0_1640932260374452000.png;img_Drone1_0_7_1640932260377991000.png
Drone1	1640932259372	-20.1615	20.1534	3.53419	0.382816	0.00685047	-0.00280465	0.923795	img_Drone1_0_0_1640932261020999000.png;img_Drone1_0_7_1640932261024400000.png
Drone1	1640932259837	-21.7038	21.6969	4.14977	0.382795	0.00684168	-0.00280471	0.923804	img_Drone1_0_0_1640932261548832000.png;img_Drone1_0_7_1640932261552527000.png
Drone1	1640932260333	-23.3457	23.3401	4.80493	0.382774	0.0068365	-0.00280547	0.923812	img_Drone1_0_0_1640932262109994000.png;img_Drone1_0_7_1640932262117596000.png
Drone1	1640932260741	-24.6992	24.6942	5.34484	0.382758	0.0068336	-0.00280714	0.923819	img_Drone1_0_0_1640932262597312000.png;img_Drone1_0_7_1640932262598631000.png
Drone1	1640932261461	-27.0878	27.0838	6.29743	0.382745	0.00682975	-0.00281274	0.923825	img_Drone1_0_0_1640932263458726000.png;img_Drone1_0_7_1640932263462219000.png
Drone1	1640932261926	-28.6304	28.627	6.91253	0.382734	0.0068286	-0.00281456	0.923829	img_Drone1_0_0_1640932263990251000.png;img_Drone1_0_7_1640932263990953000.png
Drone1	1640932262496	-30.5215	30.5187	7.66643	0.382722	0.0068278	-0.00281521	0.923834	img_Drone1_0_0_1640932264641922000.png;img_Drone1_0_7_1640932264645743000.png
Drone1	1640932262958	-32.0545	32.052	8.27739	0.382718	0.00682634	-0.00281732	0.923836	img_Drone1_0_0_1640932265135434000.png;img_Drone1_0_7_1640932265139334000.png
Drone1	1640932263471	-33.7564	33.7545	8.95576	0.382709	0.00682706	-0.00281709	0.923839	img_Drone1_0_0_1640932265733639000.png;img_Drone1_0_7_1640932265738539000.png
Drone1	1640932263972	-35.4185	35.4172	9.61814	0.382698	0.00682787	-0.00281598	0.923844	img_Drone1_0_0_1640932266274753000.png;img_Drone1_0_7_1640932266279618000.png
Drone1	1640932264440	-36.9716	36.9704	10.2369	0.382691	0.00682718	-0.00281852	0.923847	img_Drone1_0_0_1640932266790529000.png;img_Drone1_0_7_1640932266796013000.png
Drone1	1640932265142	-39.3014	39.3002	11.1649	0.382693	0.00682528	-0.00282347	0.923846	img_Drone1_0_0_1640932267526872000.png;img_Drone1_0_7_1640932267536159000.png
Drone1	1640932265787	-41.442	41.4408	12.0175	0.382693	0.00682397	-0.00282494	0.923846	img_Drone1_0_0_1640932268183354000.png;img_Drone1_0_7_1640932268186921000.png
Drone1	1640932266390	-43.4432	43.4421	12.8145	0.382693	0.00682465	-0.00282533	0.923846	img_Drone1_0_0_1640932268822154000.png;img_Drone1_0_7_1640932268822874000.png
Drone1	1640932266993	-45.4445	45.4433	13.6116	0.382693	0.00682554	-0.0028257	0.923846	img_Drone1_0_0_1640932269470181000.png;img_Drone1_0_7_1640932269471319000.png
Drone1	1640932267476	-47.0474	47.0463	14.25	0.382693	0.00682606	-0.00282606	0.923846	img_Drone1_0_0_1640932269997584000.png;img_Drone1_0_7_1640932270001823000.png
Drone1	1640932268319	-49.8452	49.844	15.3642	0.382693	0.00682687	-0.00282661	0.923846	img_Drone1_0_0_1640932270844857000.png;img_Drone1_0_7_1640932270846613000.png
Drone1	1640932268985	-52.0555	52.0543	16.2443	0.382693	0.00682712	-0.00282674	0.923846	img_Drone1_0_0_1640932271494646000.png;img_Drone1_0_7_1640932271522119000.png
Drone1	1640932269627	-54.1861	54.185	17.0929	0.382693	0.00682805	-0.00282711	0.923846	img_Drone1_0_0_1640932272264493000.png;img_Drone1_0_7_1640932272265201000.png
Drone1	1640932270179	-56.0181	56.017	17.8225	0.382693	0.00682876	-0.00282751	0.923846	img_Drone1_0_0_1640932272896704000.png;img_Drone1_0_7_1640932272900960000.png
Drone1	1640932270650	-57.5813	57.5801	18.4448	0.382693	0.00682875	-0.00282755	0.923846	img_Drone1_0_0_1640932273414424000.png;img_Drone1_0_7_1640932273418270000.png
Drone1	1640932271247	-59.5626	59.5714	19.2377	0.382693	0.00682876	-0.00282756	0.923846	img_Drone1_0_0_1640932274083433000.png;img_Drone1_0_7_1640932274088019000.png
Drone1	1640932271856	-61.5837	61.5826	20.0384	0.382693	0.00682881	-0.00282757	0.923846	img_Drone1_0_0_1640932274695024000.png;img_Drone1_0_7_1640932274700169000.png
Drone1	1640932272285	-63.0075	63.0063	20.6052	0.382693	0.00682875	-0.00282756	0.923846	img_Drone1_0_0_1640932275196355000.png;img_Drone1_0_7_1640932275205872000.png
Drone1	1640932272726	-64.4711	64.4699	21.188	0.382693	0.0068288	-0.00282756	0.923846	img_Drone1_0_0_1640932275689647000.png;img_Drone1_0_7_1640932275691271000.png
Drone1	1640932273134	-65.8152	65.814	21.7231	0.382693	0.00682876	-0.00282752	0.923846	img_Drone1_0_0_1640932276161888000.png;img_Drone1_0_7_1640932276166357000.png
Drone1	1640932273638	-67.4978	67.4966	22.393	0.382693	0.00682877	-0.00282753	0.923846	img_Drone1_0_0_1640932276707954000.png;img_Drone1_0_7_1640932276710141000.png
Drone1	1640932274175	-69.28	69.2788	23.1026	0.382693	0.00682872	-0.00282776	0.923846	img_Drone1_0_0_1640932277285800000.png;img_Drone1_0_7_1640932277288651000.png
Drone1	1640932274790	-71.321	71.3199	23.9152	0.382693	0.00682888	-0.00282818	0.923846	img_Drone1_0_0_1640932277960158000.png;img_Drone1_0_7_1640932277974263000.png
Drone1	1640932275552	-73.8499	73.8488	24.9221	0.382693	0.00682911	-0.00282866	0.923846	img_Drone1_0_0_1640932278763959000.png;img_Drone1_0_7_1640932278764659000.png
Drone1	1640932276338	-76.4585	76.4574	25.9607	0.382693	0.00682948	-0.00282901	0.923846	img_Drone1_0_0_1640932279552161000.png;img_Drone1_0_7_1640932279556646000.png
Drone1	1640932276926	-78.41	78.4088	26.7376	0.382693	0.00682989	-0.00282929	0.923846	img_Drone1_0_0_1640932280125754000.png;img_Drone1_0_7_1640932280174150000.png
Drone1	1640932277328	-79.7441	79.743	27.2688	0.382693	0.00683035	-0.00282928	0.923846	img_Drone1_0_0_1640932280655610000.png;img_Drone1_0_7_1640932280656316000.png
Drone1	1640932278021	-82.044	82.0429	28.1845	0.382693	0.00683083	-0.00282965	0.923846	img_Drone1_0_0_1640932281527265000.png;img_Drone1_0_7_1640932281542176000.png
Drone1	1640932278630	-84.0652	84.064	28.9892	0.382693	0.00683125	-0.00282976	0.923846	img_Drone1_0_0_1640932282234103000.png;img_Drone1_0_7_1640932282234836000.png
Drone1	1640932279119	-85.6881	85.6869	29.6353	0.382693	0.00683173	-0.00282996	0.923846	img_Drone1_0_0_1640932282823093000.png;img_Drone1_0_7_1640932282825354000.png
Drone1	1640932279761	-87.8187	87.8176	30.4836	0.382693	0.00683235	-0.00283019	0.923846	img_Drone1_0_0_1640932283627776000.png;img_Drone1_0_7_1640932283628521000.png
Drone1	1640932280169	-89.1728	89.1716	31.0227	0.382693	0.00683277	-0.00283044	0.923846	img_Drone1_0_0_1640932284073055000.png;img_Drone1_0_7_1640932284076472000.png
Drone1	1640932280781	-91.2039	91.2027	31.8314	0.382693	0.00683325	-0.0028305	0.923846	img_Drone1_0_0_1640932284741309000.png;img_Drone1_0_7_1640932284744731000.png
Drone1	1640932281159	-92.4584	92.4572	32.3308	0.382693	0.00683348	-0.00283078	0.923846	img_Drone1_0_0_1640932285227165000.png;img_Drone1_0_7_1640932285233368000.png
Drone1	1640932282155	-95.7639	95.7627	33.6467	0.382693	0.00683423	-0.00283105	0.923846	img_Drone1_0_0_1640932286464953000.png;img_Drone1_0_7_1640932286479112000.png
Drone1	1640932282944	-98.3824	98.3813	34.6891	0.382693	0.00683496	-0.00283132	0.923846	img_Drone1_0_0_1640932287440067000.png;img_Drone1_0_7_1640932287442497000.png
Drone1	1640932283355	-99.7464	99.7453	35.2321	0.382693	0.0068352	-0.00283142	0.923846	img_Drone1_0_0_1640932287984301000.png;img_Drone1_0_7_1640932287990204000.png
Drone1	1640932283853	-101.399	101.398	35.89	0.382693	0.00683561	-0.00283167	0.923846	img_Drone1_0_0_1640932288546501000.png;img_Drone1_0_7_1640932288550300000.png
Drone1	1640932284477	-103.47	103.469	36.7144	0.382693	0.00683606	-0.0028318	0.923846	img_Drone1_0_0_1640932289269992000.png;img_Drone1_0_7_1640932289274836000.png
Drone1	1640932284975	-105.123	105.122	37.3723	0.382693	0.00683649	-0.00283204	0.923846	img_Drone1_0_0_1640932289821916000.png;img_Drone1_0_7_1640932289822956000.png
Drone1	1640932285761	-107.731	107.73	38.4108	0.382693	0.00683721	-0.00283216	0.923846	img_Drone1_0_0_1640932290668409000.png;img_Drone1_0_7_1640932290692333000.png
Drone1	1640932286307	-109.543	109.542	39.1321	0.382693	0.00683751	-0.00283235	0.923846	img_Drone1_0_0_1640932291338801000.png;img_Drone1_0_7_1640932291339840000.png
Drone1	1640932286955	-111.694	111.693	39.9882	0.382693	0.00683806	-0.00283257	0.923846	img_Drone1_0_0_1640932292073672000.png;img_Drone1_0_7_1640932292075004000.png
Drone1	1640932287549	-113.665	113.664	40.773	0.382693	0.00683854	-0.0028327	0.923846	img_Drone1_0_0_1640932292680057000.png;img_Drone1_0_7_1640932292690214000.png
Drone1	1640932288083	-115.438	115.437	41.4785	0.382693	0.00683894	-0.00283298	0.923846	img_Drone1_0_0_1640932293237546000.png;img_Drone1_0_7_1640932293244207000.png
Drone1	1640932288803	-117.827	117.826	42.4298	0.382693	0.00683957	-0.00283332	0.923846	img_Drone1_0_0_1640932293982493000.png;img_Drone1_0_7_1640932293986884000.png
Drone1	1640932289304	-119.49	119.489	43.0918	0.382693	0.00683991	-0.00283351	0.923846	img_Drone1_0_0_1640932294630935000.png;img_Drone1_0_7_1640932294631680000.png
Drone1	1640932289811	-121.163	121.161	43.7578	0.382693	0.00684049	-0.00283349	0.923846	img_Drone1_0_0_1640932295246558000.png;img_Drone1_0_7_1640932295247517000.png
Drone1	1640932290381	-123.064	123.063	44.5149	0.382693	0.00684089	-0.00283387	0.923846	img_Drone1_0_0_1640932295841050000.png;img_Drone1_0_7_1640932295847129000.png
Drone1	1640932291053	-125.294	125.293	45.4028	0.382693	0.00684153	-0.00283419	0.923846	img_Drone1_0_0_1640932296548133000.png;img_Drone1_0_7_1640932296552113000.png
Drone1	1640932291569	-127.007	127.006	46.0846	0.382693	0.00684183	-0.00283414	0.923846	img_Drone1_0_0_1640932297076931000.png;img_Drone1_0_7_1640932297082727000.png
Drone1	1640932292088	-128.729	128.728	46.7704	0.382693	0.00684248	-0.00283429	0.923846	img_Drone1_0_0_1640932297619465000.png;img_Drone1_0_7_1640932297626505000.png
Drone1	1640932292520	-130.161	130.16	47.3411	0.382693	0.00684356	-0.0028347	0.923846	img_Drone1_0_0_1640932298062048000.png;img_Drone1_0_7_1640932298068066000.png
Drone1	1640932293258	-132.609	132.608	48.3161	0.382693	0.0068455	-0.00283554	0.923846	img_Drone1_0_0_1640932298803016000.png;img_Drone1_0_7_1640932298810066000.png
Drone1	1640932293675	-133.992	133.991	48.8671	0.382693	0.00684667	-0.00283603	0.923846	img_Drone1_0_0_1640932299264609000.png;img_Drone1_0_7_1640932299269115000.png
Drone1	1640932294161	-135.603	135.602	49.5091	0.382692	0.00684797	-0.00283655	0.923846	img_Drone1_0_0_1640932299758420000.png;img_Drone1_0_7_1640932299762966000.png
Drone1	1640932294767	-137.613	137.612	50.3098	0.382692	0.00684962	-0.00283722	0.923846	img_Drone1_0_0_1640932300383111000.png;img_Drone1_0_7_1640932300388273000.png
Drone1	1640932295265	-139.265	139.263	50.9677	0.382692	0.00685025	-0.00283765	0.923846	img_Drone1_0_0_1640932300929044000.png;img_Drone1_0_7_1640932300933126000.png
Drone1	1640932295916	-141.423	141.422	51.8278	0.382692	0.00685085	-0.00283785	0.923846	img_Drone1_0_0_1640932301596360000.png;img_Drone1_0_7_1640932301603517000.png
Drone1	1640932296453	-143.204	143.203	52.5372	0.382692	0.0068514	-0.00283803	0.923846	img_Drone1_0_0_1640932302166450000.png;img_Drone1_0_7_1640932302172787000.png
Drone1	1640932296900	-144.687	144.685	53.1278	0.382692	0.00685173	-0.00283824	0.923846	img_Drone1_0_0_1640932302624547000.png;img_Drone1_0_7_1640932302632773000.png
Drone1	1640932297377	-146.268	146.267	53.758	0.382692	0.0068523	-0.00283851	0.923846	img_Drone1_0_0_1640932303140052000.png;img_Drone1_0_7_1640932303145807000.png
Drone1	1640932297968	-148.228	148.227	54.5388	0.382692	0.0068528	-0.00283873	0.923846	img_Drone1_0_0_1640932303736476000.png;img_Drone1_0_7_1640932303741955000.png
Drone1	1640932298565	-150.208	150.207	55.3275	0.382692	0.00685337	-0.00283879	0.923846	img_Drone1_0_0_1640932304342199000.png;img_Drone1_0_7_1640932304363952000.png
Drone1	1640932299063	-151.86	151.858	55.985	0.382692	0.00685349	-0.00283884	0.923846	img_Drone1_0_0_1640932304864177000.png;img_Drone1_0_7_1640932304868773000.png
Drone1	1640932299591	-153.611	153.609	56.6821	0.382692	0.0068535	-0.00283885	0.923846	img_Drone1_0_0_1640932305400765000.png;img_Drone1_0_7_1640932305406746000.png
Drone1	1640932300140	-155.431	155.43	57.407	0.382692	0.00685349	-0.00283884	0.923846	img_Drone1_0_0_1640932305993646000.png;img_Drone1_0_7_1640932305997618000.png
Drone1	1640932300701	-157.292	157.29	58.1477	0.382692	0.0068535	-0.00283884	0.923846	img_Drone1_0_0_1640932306580256000.png;img_Drone1_0_7_1640932306594477000.png
Drone1	1640932301109	-158.645	158.644	58.6864	0.382692	0.0068535	-0.00283884	0.923846	img_Drone1_0_0_1640932307030647000.png;img_Drone1_0_7_1640932307036757000.png
Drone1	1640932301829	-161.032	161.031	59.6371	0.382692	0.0068535	-0.00283885	0.923846	img_Drone1_0_0_1640932307737035000.png;img_Drone1_0_7_1640932307762750000.png
Drone1	1640932302327	-162.684	162.683	60.2946	0.382692	0.00685346	-0.00283883	0.923846	img_Drone1_0_0_1640932308305044000.png;img_Drone1_0_7_1640932308309918000.png
Drone1	1640932302864	-164.465	164.464	61.0036	0.382692	0.00685342	-0.00283882	0.923846	img_Drone1_0_0_1640932308849903000.png;img_Drone1_0_7_1640932308856071000.png
Drone1	1640932303569	-166.803	166.801	61.9344	0.382692	0.00685331	-0.00283878	0.923846	img_Drone1_0_0_1640932309597666000.png;img_Drone1_0_7_1640932309605389000.png
Drone1	1640932304166	-168.782	168.781	62.7227	0.382692	0.00685329	-0.00283879	0.923846	img_Drone1_0_0_1640932310199424000.png;img_Drone1_0_7_1640932310207102000.png
Drone1	1640932304688	-170.514	170.512	63.4119	0.382692	0.00685363	-0.00283915	0.923846	img_Drone1_0_0_1640932310723476000.png;img_Drone1_0_7_1640932310729223000.png
Drone1	1640932305198	-172.205	172.204	64.0852	0.382692	0.00685402	-0.00283924	0.923846	img_Drone1_0_0_1640932311250893000.png;img_Drone1_0_7_1640932311257557000.png
Drone1	1640932305798	-174.195	174.193	64.8772	0.382692	0.00685463	-0.0028394	0.923846	img_Drone1_0_0_1640932311854367000.png;img_Drone1_0_7_1640932311860947000.png
Drone1	1640932306302	-175.866	175.865	65.5424	0.382692	0.00685493	-0.00283953	0.923846	img_Drone1_0_0_1640932312395205000.png;img_Drone1_0_7_1640932312401466000.png
Drone1	1640932306839	-177.647	177.646	66.2512	0.382692	0.00685526	-0.00283974	0.923846	img_Drone1_0_0_1640932312977800000.png;img_Drone1_0_7_1640932312982919000.png
Drone1	1640932307392	-179.477	179.476	66.9797	0.382692	0.0068557	-0.00283989	0.923846	img_Drone1_0_0_1640932313552549000.png;img_Drone1_0_7_1640932313556697000.png
Drone1	1640932307992	-181.467	181.466	67.7717	0.382692	0.00685623	-0.00284008	0.923846	img_Drone1_0_0_1640932314155269000.png;img_Drone1_0_7_1640932314160771000.png
Drone1	1640932308490	-183.119	183.117	68.429	0.382692	0.00685656	-0.0028403	0.923846	img_Drone1_0_0_1640932314652800000.png;img_Drone1_0_7_1640932314657611000.png
Drone1	1640932309081	-185.078	185.077	69.209	0.382692	0.00685707	-0.00284041	0.923846	img_Drone1_0_0_1640932315241270000.png;img_Drone1_0_7_1640932315249305000.png
Drone1	1640932309528	-186.561	186.56	69.799	0.382692	0.0068588	-0.00284122	0.923846	img_Drone1_0_0_1640932315689776000.png;img_Drone1_0_7_1640932315698054000.png
Drone1	1640932309984	-188.073	188.072	70.4003	0.382693	0.0068998	-0.00285934	0.923845	img_Drone1_0_0_1640932316205392000.png;img_Drone1_0_7_1640932316209250000.png
Drone1	1640932310605	-190.133	190.133	71.2158	0.382691	0.0069543	-0.00287313	0.923846	img_Drone1_0_0_1640932316868466000.png;img_Drone1_0_7_1640932316870127000.png
Drone1	1640932311418	-192.833	192.833	72.2764	0.382668	0.00700338	-0.00289468	0.923855	img_Drone1_0_0_1640932317704643000.png;img_Drone1_0_7_1640932317705350000.png
Drone1	1640932312009	-194.796	194.796	73.0408	0.382672	0.00704874	-0.00291665	0.923853	img_Drone1_0_0_1640932318313139000.png;img_Drone1_0_7_1640932318318907000.png
Drone1	1640932312555	-196.609	196.609	73.7401	0.382669	0.0071183	-0.00294664	0.923853	img_Drone1_0_0_1640932318863688000.png;img_Drone1_0_7_1640932318869822000.png
Drone1	1640932313125	-198.505	198.505	74.4587	0.382666	0.00726951	-0.00300878	0.923853	img_Drone1_0_0_1640932319460359000.png;img_Drone1_0_7_1640932319462749000.png
Drone1	1640932313602	-200.092	200.092	74.6245	0.380485	-0.0986146	0.0408511	0.918606	img_Drone1_0_0_1640932320009844000.png;img_Drone1_0_7_1640932320017660000.png
Drone1	1640932314064	-201.132	201.132	73.9497	0.373224	-0.203967	0.084487	0.90109	img_Drone1_0_0_1640932320476504000.png;img_Drone1_0_7_1640932320482935000.png
Drone1	1640932314667	-201.585	201.585	73.3526	0.3805	-0.0981784	0.0406669	0.918655	img_Drone1_0_0_1640932321080134000.png;img_Drone1_0_7_1640932321088331000.png
Drone1	1640932315141	-201.593	201.593	73.2908	0.382114	-0.0496057	0.0205474	0.922554	img_Drone1_0_0_1640932321605502000.png;img_Drone1_0_7_1640932321606249000.png
Drone1	1640932315732	-201.38	201.38	73.3312	0.382569	-0.0208178	0.008623	0.923652	img_Drone1_0_0_1640932322205159000.png;img_Drone1_0_7_1640932322221133000.png
Drone1	1640932316248	-201.097	201.097	73.4015	0.382644	-0.00975241	0.00403949	0.923835	img_Drone1_0_0_1640932322777954000.png;img_Drone1_0_7_1640932322787652000.png
Drone1	1640932316830	-200.732	200.732	73.5037	0.382662	-0.0040678	0.00168469	0.923878	img_Drone1_0_0_1640932323372722000.png;img_Drone1_0_7_1640932323376445000.png
Drone1	1640932317451	-200.32	200.32	73.6344	0.382665	-0.00135281	0.000560443	0.923886	img_Drone1_0_0_1640932323995046000.png;img_Drone1_0_7_1640932324002076000.png
Drone1	1640932317775	-200.101	200.101	73.6338	0.382665	-0.00101743	0.000421451	0.923886	img_Drone1_0_0_1640932324361086000.png;img_Drone1_0_7_1640932324363807000.png
Drone1	1640932318210	-199.805	199.805	73.6311	0.382665	-0.000915317	0.000379355	0.923886	img_Drone1_0_0_1640932324817738000.png;img_Drone1_0_7_1640932324828403000.png
Drone1	1640932318555	-199.57	199.57	73.6301	0.382665	-0.000901018	0.000373423	0.923886	img_Drone1_0_0_1640932325247730000.png;img_Drone1_0_7_1640932325255122000.png
Drone1	1640932318921	-199.319	199.319	73.6297	0.382665	-0.000902096	0.000373789	0.923886	img_Drone1_0_0_1640932325666473000.png;img_Drone1_0_7_1640932325670154000.png
Drone1	1640932319431	-198.967	198.967	73.6297	0.382665	-0.000892813	0.0003698	0.923887	img_Drone1_0_0_1640932326201795000.png;img_Drone1_0_7_1640932326208713000.png
Drone1	1640932319962	-198.598	198.598	73.6308	0.382665	-0.000806629	0.000334123	0.923887	img_Drone1_0_0_1640932326748657000.png;img_Drone1_0_7_1640932326756650000.png
Drone1	1640932320502	-198.221	198.221	73.6321	0.382666	-0.000493855	0.000204785	0.923887	img_Drone1_0_0_1640932327292200000.png;img_Drone1_0_7_1640932327299388000.png
Drone1	1640932321201	-197.732	197.732	73.6339	0.382665	0.000876329	-0.000362124	0.923887	img_Drone1_0_0_1640932328004534000.png;img_Drone1_0_7_1640932328014504000.png
Drone1	1640932321669	-197.408	197.408	73.6351	0.382664	0.00247152	-0.00102322	0.923884	img_Drone1_0_0_1640932328488922000.png;img_Drone1_0_7_1640932328495298000.png
Drone1	1640932322386	-196.932	196.932	73.5565	0.382663	0.00270525	-0.00112046	0.923883	img_Drone1_0_0_1640932329231813000.png;img_Drone1_0_7_1640932329237795000.png
Drone1	1640932323025	-196.527	196.527	73.3847	0.382665	0.00103766	-0.000429718	0.923887	img_Drone1_0_0_1640932329938923000.png;img_Drone1_0_7_1640932329947421000.png
Drone1	1640932323538	-196.207	196.207	73.267	0.382665	0.000360607	-0.000149459	0.923887	img_Drone1_0_0_1640932330477335000.png;img_Drone1_0_7_1640932330479205000.png
Drone1	1640932324024	-195.907	195.907	73.1494	0.382665	3.4827e-05	-1.49016e-05	0.923887	img_Drone1_0_0_1640932331037827000.png;img_Drone1_0_7_1640932331045484000.png
Drone1	1640932324576	-195.568	195.568	73.0073	0.382665	-7.53727e-05	3.08483e-05	0.923887	img_Drone1_0_0_1640932331607342000.png;img_Drone1_0_7_1640932331614557000.png
Drone1	1640932325152	-195.213	195.213	72.8695	0.382665	-0.000104468	4.30165e-05	0.923887	img_Drone1_0_0_1640932332211599000.png;img_Drone1_0_7_1640932332217304000.png
Drone1	1640932325656	-194.903	194.903	72.7452	0.382665	-0.000300845	0.000124597	0.923887	img_Drone1_0_0_1640932332738711000.png;img_Drone1_0_7_1640932332746600000.png
Drone1	1640932326178	-194.582	194.582	72.6049	0.382665	-0.000243252	0.000100825	0.923887	img_Drone1_0_0_1640932333286799000.png;img_Drone1_0_7_1640932333289552000.png
Drone1	1640932326724	-194.246	194.246	72.4695	0.382665	-0.000194901	8.06148e-05	0.923887	img_Drone1_0_0_1640932333883858000.png;img_Drone1_0_7_1640932333888108000.png
Drone1	1640932327213	-193.945	193.945	72.3583	0.382665	-0.00017172	7.109e-05	0.923887	img_Drone1_0_0_1640932334388217000.png;img_Drone1_0_7_1640932334394567000.png
Drone1	1640932327798	-193.585	193.585	72.2152	0.382665	-0.000144204	5.97367e-05	0.923887	img_Drone1_0_0_1640932335010247000.png;img_Drone1_0_7_1640932335015775000.png
Drone1	1640932328245	-193.31	193.31	72.1136	0.382665	-0.000267062	0.000110617	0.923887	img_Drone1_0_0_1640932335462510000.png;img_Drone1_0_7_1640932335469104000.png
Drone1	1640932328821	-192.955	192.955	71.9786	0.382665	-0.000282007	0.000115705	0.923887	img_Drone1_0_0_1640932336042481000.png;img_Drone1_0_7_1640932336048260000.png
Drone1	1640932329328	-192.643	192.643	71.8377	0.382665	-0.000247853	0.000101902	0.923887	img_Drone1_0_0_1640932336553756000.png;img_Drone1_0_7_1640932336555208000.png
Drone1	1640932330027	-192.215	192.215	71.6852	0.382665	-0.000245855	0.000104559	0.923887	img_Drone1_0_0_1640932337248406000.png;img_Drone1_0_7_1640932337255471000.png
Drone1	1640932330609	-191.858	191.858	71.5425	0.382665	-0.000259854	0.000102359	0.923887	img_Drone1_0_0_1640932337828849000.png;img_Drone1_0_7_1640932337838200000.png
Drone1	1640932331218	-191.484	191.484	71.3924	0.382665	-0.000233403	0.000100754	0.923887	img_Drone1_0_0_1640932338444048000.png;img_Drone1_0_7_1640932338452576000.png
Drone1	1640932331872	-191.081	191.081	71.2219	0.382665	-0.000173796	7.96354e-05	0.923887	img_Drone1_0_0_1640932339099287000.png;img_Drone1_0_7_1640932339106361000.png
Drone1	1640932332337	-190.795	190.795	71.1149	0.382665	-0.000290844	0.000124842	0.923887	img_Drone1_0_0_1640932339565074000.png;img_Drone1_0_7_1640932339580954000.png
Drone1	1640932332802	-190.509	190.509	70.9853	0.382665	-0.00019315	8.21229e-05	0.923887	img_Drone1_0_0_1640932340071932000.png;img_Drone1_0_7_1640932340077631000.png
Drone1	1640932333384	-190.151	190.151	70.8432	0.382665	-0.000184725	7.73375e-05	0.923887	img_Drone1_0_0_1640932340683960000.png;img_Drone1_0_7_1640932340687988000.png
Drone1	1640932333783	-189.905	189.905	70.7628	0.382665	-0.000251683	0.00010476	0.923887	img_Drone1_0_0_1640932341124843000.png;img_Drone1_0_7_1640932341127303000.png
Drone1	1640932334182	-189.659	189.66	70.6494	0.382665	-0.000203054	8.43276e-05	0.923887	img_Drone1_0_0_1640932341523542000.png;img_Drone1_0_7_1640932341530629000.png
Drone1	1640932334854	-189.246	189.246	70.4978	0.382665	-0.000215606	8.94101e-05	0.923887	img_Drone1_0_0_1640932342225553000.png;img_Drone1_0_7_1640932342233739000.png
Drone1	1640932335379	-188.923	188.923	70.366	0.382665	-0.000193934	8.02849e-05	0.923887	img_Drone1_0_0_1640932342813547000.png;img_Drone1_0_7_1640932342816337000.png
Drone1	1640932336024	-188.526	188.526	70.2075	0.382665	-0.000258224	0.000106877	0.923887	img_Drone1_0_0_1640932343499078000.png;img_Drone1_0_7_1640932343502767000.png
Drone1	1640932336591	-188.177	188.177	70.0652	0.382665	-0.000288776	0.00011963	0.923887	img_Drone1_0_0_1640932344083239000.png;img_Drone1_0_7_1640932344085906000.png
Drone1	1640932337158	-187.828	187.828	69.9228	0.382665	-0.000263078	0.000108889	0.923887	img_Drone1_0_0_1640932344685140000.png;img_Drone1_0_7_1640932344687624000.png
Drone1	1640932337764	-187.455	187.455	69.7779	0.382665	-0.000278235	0.000115421	0.923887	img_Drone1_0_0_1640932345289840000.png;img_Drone1_0_7_1640932345297449000.png
Drone1	1640932338394	-187.067	187.067	69.6332	0.382665	-0.000286305	0.000118606	0.923887	img_Drone1_0_0_1640932345937007000.png;img_Drone1_0_7_1640932345940271000.png
Drone1	1640932339087	-186.641	186.641	69.4601	0.382665	-0.000186084	7.70245e-05	0.923887	img_Drone1_0_0_1640932346638157000.png;img_Drone1_0_7_1640932346652299000.png
Drone1	1640932339516	-186.377	186.377	69.3444	0.382665	-0.000277516	0.00011489	0.923887	img_Drone1_0_0_1640932347098971000.png;img_Drone1_0_7_1640932347106389000.png
Drone1	1640932340242	-185.93	185.93	69.183	0.382665	-0.000195555	8.09143e-05	0.923887	img_Drone1_0_0_1640932347856975000.png;img_Drone1_0_7_1640932347861068000.png
Drone1	1640932340812	-185.579	185.579	69.0506	0.382665	-0.000229202	9.49847e-05	0.923887	img_Drone1_0_0_1640932348452617000.png;img_Drone1_0_7_1640932348453237000.png
Drone1	1640932341484	-185.167	185.166	68.8738	0.382665	-0.000206523	5.01705e-05	0.923887	img_Drone1_0_0_1640932349138515000.png;img_Drone1_0_7_1640932349149884000.png
Drone1	1640932342189	-184.733	184.732	68.6891	0.382665	-0.000266095	9.82594e-05	0.923887	img_Drone1_0_0_1640932349873692000.png;img_Drone1_0_7_1640932349874602000.png
Drone1	1640932342738	-184.395	184.395	68.5533	0.382665	-0.000202358	9.59415e-05	0.923887	img_Drone1_0_0_1640932350437882000.png;img_Drone1_0_7_1640932350439475000.png
Drone1	1640932343221	-184.098	184.098	68.4529	0.382665	-0.000196426	8.86336e-05	0.923887	img_Drone1_0_0_1640932350961355000.png;img_Drone1_0_7_1640932350968526000.png
Drone1	1640932343758	-183.767	183.767	68.3238	0.382665	-0.000271947	0.000116212	0.923887	img_Drone1_0_0_1640932351517292000.png;img_Drone1_0_7_1640932351518034000.png
Drone1	1640932343758	-183.767	183.767	68.3238	0.382665	-0.000271947	0.000116212	0.923887	img_Drone1__0_1640932351518201000.png;img_Drone1__0_1640932351518256000.png
Drone1	1640932344118	-183.546	183.545	68.2323	0.382665	-0.000196798	8.352e-05	0.923887	img_Drone1_0_0_1640932351906979000.png;img_Drone1_0_7_1640932351913427000.png
Drone1	1640932344748	-183.158	183.158	68.0634	0.382665	-0.000205735	8.60929e-05	0.923887	img_Drone1_0_0_1640932352557071000.png;img_Drone1_0_7_1640932352563859000.png
Drone1	1640932345450	-182.726	182.726	67.9051	0.382665	-0.000208252	8.65451e-05	0.923887	img_Drone1_0_0_1640932353269949000.png;img_Drone1_0_7_1640932353285609000.png
Drone1	1640932346134	-182.305	182.305	67.7239	0.382665	-0.000183584	7.61984e-05	0.923887	img_Drone1_0_0_1640932353994571000.png;img_Drone1_0_7_1640932353997532000.png
Drone1	1640932346722	-181.943	181.944	67.5798	0.382665	-0.000194176	0.00011318	0.923887	img_Drone1_0_0_1640932354585820000.png;img_Drone1_0_7_1640932354613093000.png
Drone1	1640932347457	-181.492	181.492	67.4206	0.382665	-0.000268894	8.47295e-05	0.923887	img_Drone1_0_0_1640932355385292000.png;img_Drone1_0_7_1640932355393689000.png
Drone1	1640932348105	-181.094	181.093	67.2559	0.382665	-0.000194517	5.52172e-05	0.923887	img_Drone1_0_0_1640932356035225000.png;img_Drone1_0_7_1640932356061423000.png
Drone1	1640932348714	-180.719	180.719	67.1013	0.382665	-0.000187577	0.000101019	0.923887	img_Drone1_0_0_1640932356696062000.png;img_Drone1_0_7_1640932356703240000.png
Drone1	1640932349308	-180.353	180.354	66.9528	0.382665	-0.000240982	0.000120255	0.923887	img_Drone1_0_0_1640932357335143000.png;img_Drone1_0_7_1640932357348547000.png
Drone1	1640932349767	-180.071	180.071	66.8369	0.382665	-0.000207492	9.68532e-05	0.923887	img_Drone1_0_0_1640932357876788000.png;img_Drone1_0_7_1640932357885657000.png
Drone1	1640932350364	-179.703	179.704	66.7022	0.382665	-0.000280399	0.000120813	0.923887	img_Drone1_0_0_1640932358522798000.png;img_Drone1_0_7_1640932358526040000.png
Drone1	1640932350982	-179.323	179.323	66.5454	0.382665	-0.000193237	8.19377e-05	0.923887	img_Drone1_0_0_1640932359181249000.png;img_Drone1_0_7_1640932359185021000.png
Drone1	1640932351342	-179.101	179.102	66.4569	0.382665	-0.000264461	0.000110784	0.923887	img_Drone1_0_0_1640932359567578000.png;img_Drone1_0_7_1640932359576472000.png
Drone1	1640932351909	-178.752	178.753	66.321	0.382665	-0.000272345	0.000113397	0.923887	img_Drone1_0_0_1640932360151348000.png;img_Drone1_0_7_1640932360153028000.png
Drone1	1640932352509	-178.384	178.384	66.1772	0.382665	-0.000285984	0.000117832	0.923887	img_Drone1_0_0_1640932360789282000.png;img_Drone1_0_7_1640932360796550000.png
Drone1	1640932353151	-177.989	177.988	66.0288	0.382665	-0.000254737	7.31585e-05	0.923887	img_Drone1_0_0_1640932361468097000.png;img_Drone1_0_7_1640932361473852000.png
Drone1	1640932353727	-177.635	177.635	65.8871	0.382665	-0.000265807	0.000114671	0.923887	img_Drone1_0_0_1640932362053811000.png;img_Drone1_0_7_1640932362064158000.png
Drone1	1640932354274	-177.299	177.3	65.7453	0.382665	-0.000280122	0.000166346	0.923887	img_Drone1_0_0_1640932362620805000.png;img_Drone1_0_7_1640932362630115000.png
Drone1	1640932354724	-177.023	177.023	65.6294	0.382665	-0.000180133	6.95554e-05	0.923887	img_Drone1_0_0_1640932363127149000.png;img_Drone1_0_7_1640932363129264000.png
Drone1	1640932355270	-176.688	176.687	65.504	0.382665	-0.000204443	4.31087e-05	0.923887	img_Drone1_0_0_1640932363711902000.png;img_Drone1_0_7_1640932363719306000.png
Drone1	1640932355765	-176.383	176.382	65.385	0.382665	-0.000266675	8.61254e-05	0.923887	img_Drone1_0_0_1640932364254833000.png;img_Drone1_0_7_1640932364260932000.png
Drone1	1640932356371	-176.01	176.011	65.2414	0.382665	-0.000191217	9.96609e-05	0.923887	img_Drone1_0_0_1640932364890122000.png;img_Drone1_0_7_1640932364899033000.png
Drone1	1640932356824	-175.732	175.733	65.1121	0.382665	-0.000223369	0.000148812	0.923887	img_Drone1_0_0_1640932365355018000.png;img_Drone1_0_7_1640932365359019000.png
Drone1	1640932357379	-175.392	175.391	64.9745	0.382665	-0.000212656	8.39393e-05	0.923887	img_Drone1_0_0_1640932365934016000.png;img_Drone1_0_7_1640932365940300000.png
Drone1	1640932357823	-175.12	175.118	64.8866	0.382665	-0.000279516	4.54826e-05	0.923887	img_Drone1_0_0_1640932366376584000.png;img_Drone1_0_7_1640932366394556000.png
Drone1	1640932358237	-174.865	174.864	64.7664	0.382665	-0.000206416	4.33789e-05	0.923887	img_Drone1_0_0_1640932366821353000.png;img_Drone1_0_7_1640932366827745000.png
Drone1	1640932358717	-174.57	174.571	64.6672	0.382665	-0.000220057	0.000146489	0.923887	img_Drone1_0_0_1640932367315230000.png;img_Drone1_0_7_1640932367321472000.png
Drone1	1640932359260	-174.235	174.237	64.5326	0.382665	-0.000269459	0.000164969	0.923887	img_Drone1_0_0_1640932367868569000.png;img_Drone1_0_7_1640932367872228000.png
Drone1	1640932359713	-173.957	173.958	64.4121	0.382665	-0.000128002	8.11057e-05	0.923887	img_Drone1_0_0_1640932368354713000.png;img_Drone1_0_7_1640932368356351000.png
Drone1	1640932360211	-173.652	173.652	64.2939	0.382665	-0.000315776	0.000103432	0.923887	img_Drone1_0_0_1640932368878928000.png;img_Drone1_0_7_1640932368883930000.png
Drone1	1640932360760	-173.314	173.314	64.1514	0.382665	-0.000298876	7.95957e-05	0.923887	img_Drone1_0_0_1640932369458392000.png;img_Drone1_0_7_1640932369466496000.png
Drone1	1640932361204	-173.041	173.04	64.0435	0.382665	-0.000188232	5.31173e-05	0.923887	img_Drone1_0_0_1640932369925062000.png;img_Drone1_0_7_1640932369928789000.png
Drone1	1640932361708	-172.731	172.73	63.9196	0.382665	-0.000195727	6.91401e-05	0.923887	img_Drone1_0_0_1640932370453111000.png;img_Drone1_0_7_1640932370457028000.png
Drone1	1640932362242	-172.402	172.402	63.7871	0.382665	-0.000222372	8.65091e-05	0.923887	img_Drone1_0_0_1640932371020296000.png;img_Drone1_0_7_1640932371024866000.png
Drone1	1640932362896	-172	171.999	63.641	0.382665	-0.000214533	8.67028e-05	0.923887	img_Drone1_0_0_1640932371678854000.png;img_Drone1_0_7_1640932371697090000.png
Drone1	1640932363382	-171.701	171.7	63.5239	0.382665	-0.000230675	9.45087e-05	0.923887	img_Drone1_0_0_1640932372206056000.png;img_Drone1_0_7_1640932372210681000.png
Drone1	1640932363754	-171.472	171.471	63.4174	0.382665	-0.000215317	8.85303e-05	0.923887	img_Drone1_0_0_1640932372619886000.png;img_Drone1_0_7_1640932372632627000.png
Drone1	1640932364228	-171.18	171.179	63.3032	0.382665	-0.000189032	7.80296e-05	0.923887	img_Drone1_0_0_1640932373127904000.png;img_Drone1_0_7_1640932373137904000.png
Drone1	1640932364723	-170.875	170.875	63.1971	0.382665	-0.000166429	8.23834e-05	0.923887	img_Drone1_0_0_1640932373670615000.png;img_Drone1_0_7_1640932373678661000.png
Drone1	1640932365164	-170.604	170.605	63.0748	0.382665	-0.000228531	0.000143743	0.923887	img_Drone1_0_0_1640932374143345000.png;img_Drone1_0_7_1640932374146540000.png
Drone1	1640932365542	-170.372	170.373	62.9992	0.382665	-0.000247713	0.000158911	0.923887	img_Drone1_0_0_1640932374542792000.png;img_Drone1_0_7_1640932374548995000.png
Drone1	1640932366043	-170.066	170.064	62.8592	0.382665	-0.000271762	7.88967e-05	0.923887	img_Drone1_0_0_1640932375074940000.png;img_Drone1_0_7_1640932375089455000.png
Drone1	1640932366415	-169.837	169.836	62.7842	0.382665	-0.000313889	5.71678e-05	0.923887	img_Drone1_0_0_1640932375481382000.png;img_Drone1_0_7_1640932375484603000.png
Drone1	1640932366940	-169.514	169.514	62.6409	0.382665	-0.000287278	0.000122396	0.923887	img_Drone1_0_0_1640932376035328000.png;img_Drone1_0_7_1640932376044210000.png
Drone1	1640932367336	-169.27	169.272	62.5605	0.382665	-0.000234565	0.000155858	0.923887	img_Drone1_0_0_1640932376465038000.png;img_Drone1_0_7_1640932376474219000.png
Drone1	1640932368002	-168.86	168.862	62.3867	0.382665	-0.000160747	0.000101846	0.923887	img_Drone1_0_0_1640932377145492000.png;img_Drone1_0_7_1640932377149960000.png
Drone1	1640932368569	-168.512	168.513	62.2521	0.382665	-0.000176844	7.76388e-05	0.923887	img_Drone1_0_0_1640932377766630000.png;img_Drone1_0_7_1640932377771776000.png
Drone1	1640932369250	-168.094	168.094	62.0717	0.382665	-0.00022854	6.97155e-05	0.923887	img_Drone1_0_0_1640932378498380000.png;img_Drone1_0_7_1640932378507699000.png
Drone1	1640932369676	-167.831	167.831	61.9883	0.382665	-0.000262098	9.33618e-05	0.923887	img_Drone1_0_0_1640932378994005000.png;img_Drone1_0_7_1640932379006794000.png
Drone1	1640932370252	-167.477	167.477	61.8472	0.382665	-0.000264285	0.000102687	0.923887	img_Drone1_0_0_1640932379587952000.png;img_Drone1_0_7_1640932379590260000.png
Drone1	1640932370780	-167.152	167.152	61.7052	0.382665	-0.000276247	0.000111254	0.923887	img_Drone1_0_0_1640932380126118000.png;img_Drone1_0_7_1640932380141920000.png
Drone1	1640932371353	-166.799	166.799	61.5639	0.382665	-0.00023618	9.63818e-05	0.923887	img_Drone1_0_0_1640932380720719000.png;img_Drone1_0_7_1640932380732050000.png
Drone1	1640932371746	-166.557	166.557	61.473	0.382665	-0.000202853	8.32718e-05	0.923887	img_Drone1_0_0_1640932381162631000.png;img_Drone1_0_7_1640932381167504000.png
Drone1	1640932372292	-166.221	166.221	61.3319	0.382665	-0.000189995	7.82998e-05	0.923887	img_Drone1_0_0_1640932381734599000.png;img_Drone1_0_7_1640932381742192000.png
Drone1	1640932372700	-165.97	165.97	61.2464	0.382665	-0.000234496	9.708e-05	0.923887	img_Drone1_0_0_1640932382160494000.png;img_Drone1_0_7_1640932382173372000.png
Drone1	1640932373402	-165.538	165.538	61.0698	0.382665	-0.000272006	0.00011263	0.923887	img_Drone1_0_0_1640932382897991000.png;img_Drone1_0_7_1640932382905699000.png
Drone1	1640932373858	-165.258	165.258	60.9482	0.382665	-0.000245483	0.000101692	0.923887	img_Drone1_0_0_1640932383394036000.png;img_Drone1_0_7_1640932383396060000.png
Drone1	1640932374275	-165.001	165.001	60.8653	0.382665	-0.000212144	8.7799e-05	0.923887	img_Drone1_0_0_1640932383808101000.png;img_Drone1_0_7_1640932383813029000.png
Drone1	1640932374797	-164.68	164.68	60.7193	0.382665	-0.00031019	0.000126473	0.923887	img_Drone1_0_0_1640932384338390000.png;img_Drone1_0_7_1640932384344401000.png
Drone1	1640932375241	-164.407	164.407	60.6245	0.382665	-0.000175637	5.44103e-05	0.923887	img_Drone1_0_0_1640932384818691000.png;img_Drone1_0_7_1640932384823447000.png
Drone1	1640932375697	-164.127	164.127	60.5037	0.382665	-0.000271624	0.000129695	0.923887	img_Drone1_0_0_1640932385284416000.png;img_Drone1_0_7_1640932385292830000.png
Drone1	1640932376303	-163.756	163.755	60.359	0.382665	-0.000297297	0.000129339	0.923887	img_Drone1_0_0_1640932385903227000.png;img_Drone1_0_7_1640932385928216000.png
Drone1	1640932376762	-163.475	163.473	60.2445	0.382665	-0.000201401	8.96143e-06	0.923887	img_Drone1_0_0_1640932386409802000.png;img_Drone1_0_7_1640932386417166000.png
Drone1	1640932377185	-163.214	163.214	60.1433	0.382665	-0.000287712	0.000101255	0.923887	img_Drone1_0_0_1640932386878552000.png;img_Drone1_0_7_1640932386886336000.png
Drone1	1640932377548	-162.991	162.993	60.0656	0.382665	-0.000225359	0.000154826	0.923887	img_Drone1_0_0_1640932387309671000.png;img_Drone1_0_7_1640932387310469000.png
Drone1	1640932377896	-162.777	162.779	59.9748	0.382665	-0.000156121	0.000156061	0.923887	img_Drone1_0_0_1640932387715076000.png;img_Drone1_0_7_1640932387718663000.png
Drone1	1640932378550	-162.377	162.377	59.8018	0.382665	-0.000201352	5.19187e-05	0.923887	img_Drone1_0_0_1640932388391584000.png;img_Drone1_0_7_1640932388397639000.png
Drone1	1640932378946	-162.135	162.133	59.7113	0.382665	-0.000328854	5.1326e-05	0.923887	img_Drone1_0_0_1640932388804537000.png;img_Drone1_0_7_1640932388808892000.png
Drone1	1640932379390	-161.861	161.86	59.6047	0.382665	-0.000196351	2.61955e-05	0.923887	img_Drone1_0_0_1640932389280716000.png;img_Drone1_0_7_1640932389286131000.png
Drone1	1640932380035	-161.464	161.465	59.4447	0.382665	-0.000142654	8.84676e-05	0.923887	img_Drone1_0_0_1640932389950579000.png;img_Drone1_0_7_1640932389958770000.png
Drone1	1640932380407	-161.235	161.236	59.3478	0.382665	-0.00021001	0.000142581	0.923887	img_Drone1_0_0_1640932390369992000.png;img_Drone1_0_7_1640932390378284000.png
Drone1	1640932380947	-160.903	160.904	59.2163	0.382665	-0.000231264	0.000129284	0.923887	img_Drone1_0_0_1640932390938297000.png;img_Drone1_0_7_1640932390947036000.png
Drone1	1640932381457	-160.589	160.59	59.0918	0.382665	-0.000248869	0.00011974	0.923887	img_Drone1_0_0_1640932391446961000.png;img_Drone1_0_7_1640932391459081000.png
Drone1	1640932381940	-160.292	160.293	58.9722	0.382665	-0.000223696	0.000100886	0.923887	img_Drone1_0_0_1640932391969481000.png;img_Drone1_0_7_1640932391978564000.png
Drone1	1640932382342	-160.045	160.045	58.8878	0.382665	-0.000215242	9.35591e-05	0.923887	img_Drone1_0_0_1640932392404289000.png;img_Drone1_0_7_1640932392412590000.png
Drone1	1640932383026	-159.624	159.625	58.7184	0.382665	-0.000268965	0.000113223	0.923887	img_Drone1_0_0_1640932393089627000.png;img_Drone1_0_7_1640932393101732000.png
Drone1	1640932383482	-159.343	159.344	58.596	0.382665	-0.000179181	6.51911e-05	0.923887	img_Drone1_0_0_1640932393552013000.png;img_Drone1_0_7_1640932393559615000.png
Drone1	1640932384076	-158.978	158.978	58.4515	0.382665	-0.000163762	5.96551e-05	0.923887	img_Drone1_0_0_1640932394165108000.png;img_Drone1_0_7_1640932394174117000.png
Drone1	1640932384658	-158.62	158.62	58.3101	0.382665	-0.000169687	5.13323e-05	0.923887	img_Drone1_0_0_1640932394784697000.png;img_Drone1_0_7_1640932394787506000.png
Drone1	1640932385237	-158.264	158.264	58.1701	0.382665	-0.00017978	4.12875e-05	0.923887	img_Drone1_0_0_1640932395378054000.png;img_Drone1_0_7_1640932395388681000.png
Drone1	1640932385594	-158.045	158.044	58.0779	0.382665	-0.000241409	7.76341e-05	0.923887	img_Drone1_0_0_1640932395779290000.png;img_Drone1_0_7_1640932395788555000.png
Drone1	1640932386062	-157.757	157.757	57.9792	0.382665	-0.00018716	8.57535e-05	0.923887	img_Drone1_0_0_1640932396258018000.png;img_Drone1_0_7_1640932396267826000.png
Drone1	1640932386656	-157.391	157.392	57.8273	0.382665	-0.000199321	0.000110004	0.923887	img_Drone1_0_0_1640932396869264000.png;img_Drone1_0_7_1640932396884709000.png
Drone1	1640932387211	-157.05	157.05	57.684	0.382665	-0.000200146	9.69442e-05	0.923887	img_Drone1_0_0_1640932397460680000.png;img_Drone1_0_7_1640932397462702000.png
Drone1	1640932387865	-156.647	156.648	57.5397	0.382665	-0.000221241	9.35191e-05	0.923887	img_Drone1_0_0_1640932398120319000.png;img_Drone1_0_7_1640932398126862000.png
Drone1	1640932388447	-156.292	156.291	57.386	0.382665	-0.000197377	5.64187e-05	0.923887	img_Drone1_0_0_1640932398700513000.png;img_Drone1_0_7_1640932398707028000.png
Drone1	1640932389041	-155.924	155.924	57.2351	0.382665	-0.000207731	6.98674e-05	0.923887	img_Drone1_0_0_1640932399301071000.png;img_Drone1_0_7_1640932399309748000.png
Drone1	1640932389611	-155.573	155.573	57.1004	0.382665	-0.000151157	5.55353e-05	0.923887	img_Drone1_0_0_1640932399885121000.png;img_Drone1_0_7_1640932399892910000.png
Drone1	1640932390172	-155.228	155.229	56.9668	0.382665	-0.000173246	9.49214e-05	0.923887	img_Drone1_0_0_1640932400480276000.png;img_Drone1_0_7_1640932400488375000.png
Drone1	1640932390679	-154.916	154.917	56.8534	0.382665	-0.000257777	0.000126857	0.923887	img_Drone1_0_0_1640932401024816000.png;img_Drone1_0_7_1640932401033462000.png
Drone1	1640932391261	-154.558	154.559	56.7067	0.382665	-0.000192511	8.87791e-05	0.923887	img_Drone1_0_0_1640932401609994000.png;img_Drone1_0_7_1640932401637457000.png
Drone1	1640932391810	-154.22	154.221	56.5723	0.382665	-0.000204591	8.89341e-05	0.923887	img_Drone1_0_0_1640932402206687000.png;img_Drone1_0_7_1640932402215126000.png
Drone1	1640932392194	-153.984	153.984	56.4676	0.382665	-0.000257571	0.000101011	0.923887	img_Drone1_0_0_1640932402674450000.png;img_Drone1_0_7_1640932402675200000.png
Drone1	1640932392527	-153.779	153.779	56.4013	0.382665	-0.000273121	0.000106619	0.923887	img_Drone1_0_0_1640932403042410000.png;img_Drone1_0_7_1640932403051754000.png
Drone1	1640932392875	-153.565	153.565	56.3164	0.382665	-0.000195439	7.64838e-05	0.923887	img_Drone1_0_0_1640932403453804000.png;img_Drone1_0_7_1640932403459956000.png
Drone1	1640932393370	-153.261	153.261	56.1863	0.382665	-0.000286218	9.87185e-05	0.923887	img_Drone1_0_0_1640932403962232000.png;img_Drone1_0_7_1640932403968293000.png
Drone1	1640932393787	-153.005	153.004	56.0889	0.382665	-0.000188485	4.72425e-05	0.923887	img_Drone1_0_0_1640932404376646000.png;img_Drone1_0_7_1640932404387238000.png
Drone1	1640932394282	-152.7	152.701	55.9702	0.382665	-0.000272656	0.000124118	0.923887	img_Drone1_0_0_1640932404912776000.png;img_Drone1_0_7_1640932404920134000.png
Drone1	1640932394597	-152.506	152.508	55.8965	0.382665	-0.000249777	0.000148831	0.923887	img_Drone1_0_0_1640932405271003000.png;img_Drone1_0_7_1640932405276793000.png
Drone1	1640932395164	-152.159	152.159	55.754	0.382665	-0.00029861	0.000111759	0.923887	img_Drone1_0_0_1640932405856961000.png;img_Drone1_0_7_1640932405863555000.png
Drone1	1640932395731	-151.812	151.81	55.6088	0.382665	-0.000353791	6.16334e-05	0.923887	img_Drone1_0_0_1640932406454789000.png;img_Drone1_0_7_1640932406461458000.png
Drone1	1640932396376	-151.415	151.415	55.4606	0.382665	-0.000261631	0.000128154	0.923887	img_Drone1_0_0_1640932407111020000.png;img_Drone1_0_7_1640932407113968000.png
Drone1	1640932396781	-151.166	151.166	55.3455	0.382665	-0.000165336	0.000107926	0.923887	img_Drone1_0_0_1640932407581592000.png;img_Drone1_0_7_1640932407590470000.png
Drone1	1640932397441	-150.76	150.76	55.1812	0.382665	-0.00024199	0.000118486	0.923887	img_Drone1_0_0_1640932408280221000.png;img_Drone1_0_7_1640932408286925000.png
Drone1	1640932397957	-150.442	150.442	55.0596	0.382665	-0.00014554	6.86905e-05	0.923887	img_Drone1_0_0_1640932408840933000.png;img_Drone1_0_7_1640932408842985000.png
Drone1	1640932398341	-150.206	150.206	54.965	0.382665	-0.000252728	0.000109559	0.923887	img_Drone1_0_0_1640932409286737000.png;img_Drone1_0_7_1640932409295133000.png
Drone1	1640932398863	-149.884	149.885	54.8335	0.382665	-0.000182883	7.79949e-05	0.923887	img_Drone1_0_0_1640932409846934000.png;img_Drone1_0_7_1640932409849077000.png
Drone1	1640932399442	-149.528	149.528	54.6944	0.382665	-0.00016489	6.90664e-05	0.923887	img_Drone1_0_0_1640932410450281000.png;img_Drone1_0_7_1640932410462225000.png
Drone1	1640932399979	-149.198	149.198	54.573	0.382665	-0.000168138	6.995e-05	0.923887	img_Drone1_0_0_1640932411013236000.png;img_Drone1_0_7_1640932411015189000.png
Drone1	1640932400522	-148.863	148.864	54.4468	0.382665	-0.000216521	8.98421e-05	0.923887	img_Drone1_0_0_1640932411572549000.png;img_Drone1_0_7_1640932411582968000.png
Drone1	1640932401036	-148.548	148.548	54.3153	0.382665	-0.000291296	0.000120853	0.923887	img_Drone1_0_0_1640932412076756000.png;img_Drone1_0_7_1640932412089485000.png
Drone1	1640932401543	-148.236	148.236	54.1761	0.382665	-0.000249492	0.000103382	0.923887	img_Drone1_0_0_1640932412606993000.png;img_Drone1_0_7_1640932412610821000.png
Drone1	1640932402089	-147.9	147.9	54.0449	0.382665	-0.000199717	8.25949e-05	0.923887	img_Drone1_0_0_1640932413144416000.png;img_Drone1_0_7_1640932413154780000.png
Drone1	1640932402704	-147.521	147.521	53.8919	0.382665	-0.000208289	8.63011e-05	0.923887	img_Drone1_0_0_1640932413780413000.png;img_Drone1_0_7_1640932413797806000.png
Drone1	1640932403163	-147.239	147.239	53.8	0.382665	-0.000226636	9.4026e-05	0.923887	img_Drone1_0_0_1640932414301510000.png;img_Drone1_0_7_1640932414309434000.png
Drone1	1640932403541	-147.006	147.006	53.6939	0.382665	-0.000166416	6.89399e-05	0.923887	img_Drone1_0_0_1640932414730255000.png;img_Drone1_0_7_1640932414739394000.png
Drone1	1640932404081	-146.674	146.674	53.5711	0.382665	-0.000183221	7.59167e-05	0.923887	img_Drone1_0_0_1640932415284985000.png;img_Drone1_0_7_1640932415286068000.png
Drone1	1640932404483	-146.426	146.426	53.4577	0.382665	-0.000210609	8.74695e-05	0.923887	img_Drone1_0_0_1640932415726844000.png;img_Drone1_0_7_1640932415731266000.png
Drone1	1640932405119	-146.035	146.035	53.3074	0.382665	-0.000263298	0.000109063	0.923887	img_Drone1_0_0_1640932416371286000.png;img_Drone1_0_7_1640932416378868000.png
Drone1	1640932405542	-145.774	145.775	53.2211	0.382665	-0.000274747	0.000113612	0.923887	img_Drone1_0_0_1640932416838431000.png;img_Drone1_0_7_1640932416846873000.png
Drone1	1640932406058	-145.457	145.457	53.0772	0.382665	-0.000259674	0.000107624	0.923887	img_Drone1_0_0_1640932417383029000.png;img_Drone1_0_7_1640932417386854000.png
Drone1	1640932406550	-145.154	145.154	52.9582	0.382665	-0.000171727	7.10954e-05	0.923887	img_Drone1_0_0_1640932417894653000.png;img_Drone1_0_7_1640932417901253000.png
Drone1	1640932407057	-144.842	144.842	52.8478	0.382665	-0.000223621	9.28181e-05	0.923887	img_Drone1_0_0_1640932418433629000.png;img_Drone1_0_7_1640932418435854000.png
Drone1	1640932407540	-144.545	144.545	52.7162	0.382665	-0.000283034	0.000117353	0.923887	img_Drone1_0_0_1640932418932322000.png;img_Drone1_0_7_1640932418943446000.png
Drone1	1640932408017	-144.251	144.251	52.6009	0.382665	-0.000160782	6.65301e-05	0.923887	img_Drone1_0_0_1640932419405019000.png;img_Drone1_0_7_1640932419424555000.png
Drone1	1640932408560	-143.917	143.917	52.484	0.382665	-0.000245038	9.66408e-05	0.923887	img_Drone1_0_0_1640932419971588000.png;img_Drone1_0_7_1640932419982527000.png
Drone1	1640932409073	-143.602	143.602	52.3474	0.382665	-0.000282733	0.000109632	0.923887	img_Drone1_0_0_1640932420516457000.png;img_Drone1_0_7_1640932420525830000.png
Drone1	1640932409565	-143.299	143.299	52.2157	0.382665	-0.000213919	8.44991e-05	0.923887	img_Drone1_0_0_1640932421041037000.png;img_Drone1_0_7_1640932421046239000.png
Drone1	1640932410189	-142.915	142.915	52.0636	0.382665	-0.00028909	0.000118061	0.923887	img_Drone1_0_0_1640932421674037000.png;img_Drone1_0_7_1640932421690794000.png
Drone1	1640932410678	-142.614	142.614	51.9487	0.382665	-0.000180987	7.4385e-05	0.923887	img_Drone1_0_0_1640932422194773000.png;img_Drone1_0_7_1640932422201947000.png
Drone1	1640932411167	-142.313	142.313	51.8428	0.382665	-0.000252195	0.000104144	0.923887	img_Drone1_0_0_1640932422688918000.png;img_Drone1_0_7_1640932422697260000.png
Drone1	1640932411728	-141.968	141.968	51.7021	0.382665	-0.000269721	0.00011146	0.923887	img_Drone1_0_0_1640932423289979000.png;img_Drone1_0_7_1640932423301262000.png
Drone1	1640932412181	-141.689	141.689	51.577	0.382665	-0.000170457	7.05752e-05	0.923887	img_Drone1_0_0_1640932423774937000.png;img_Drone1_0_7_1640932423776981000.png
Drone1	1640932412718	-141.358	141.358	51.4557	0.382665	-0.000171341	7.0816e-05	0.923887	img_Drone1_0_0_1640932424348041000.png;img_Drone1_0_7_1640932424354047000.png
Drone1	1640932413381	-140.95	140.95	51.2808	0.382665	-0.000204467	8.46658e-05	0.923887	img_Drone1_0_0_1640932425017867000.png;img_Drone1_0_7_1640932425025463000.png
Drone1	1640932413789	-140.699	140.699	51.1981	0.382665	-0.000286489	0.000118578	0.923887	img_Drone1_0_0_1640932425427209000.png;img_Drone1_0_7_1640932425436859000.png
Drone1	1640932414296	-140.387	140.387	51.0594	0.382665	-0.000225639	9.34407e-05	0.923887	img_Drone1_0_0_1640932425969996000.png;img_Drone1_0_7_1640932425975973000.png
Drone1	1640932414719	-140.127	140.127	50.9758	0.382665	-0.000221083	9.8748e-05	0.923887	img_Drone1_0_0_1640932426405573000.png;img_Drone1_0_7_1640932426412425000.png
Drone1	1640932415265	-139.792	139.792	50.839	0.382665	-0.000277082	0.000126286	0.923887	img_Drone1_0_0_1640932426963777000.png;img_Drone1_0_7_1640932426967106000.png
Drone1	1640932415808	-139.46	139.459	50.6891	0.382665	-0.000270948	7.75876e-05	0.923887	img_Drone1_0_0_1640932427502906000.png;img_Drone1_0_7_1640932427511946000.png
Drone1	1640932416288	-139.165	139.165	50.58	0.382665	-0.000206898	9.49154e-05	0.923887	img_Drone1_0_0_1640932427990369000.png;img_Drone1_0_7_1640932427998049000.png
Drone1	1640932416789	-138.856	138.857	50.4674	0.382665	-0.000274227	0.00013243	0.923887	img_Drone1_0_0_1640932428498958000.png;img_Drone1_0_7_1640932428501703000.png
Drone1	1640932417365	-138.502	138.502	50.3261	0.382665	-0.00026697	0.000119833	0.923887	img_Drone1_0_0_1640932429107785000.png;img_Drone1_0_7_1640932429110380000.png
Drone1	1640932417809	-138.228	138.229	50.1993	0.382665	-0.000175141	7.71483e-05	0.923887	img_Drone1_0_0_1640932429584168000.png;img_Drone1_0_7_1640932429588349000.png
Drone1	1640932418349	-137.896	137.896	50.0767	0.382665	-0.000177422	7.55592e-05	0.923887	img_Drone1_0_0_1640932430174098000.png;img_Drone1_0_7_1640932430179810000.png
Drone1	1640932418757	-137.645	137.645	49.9683	0.382665	-0.000262243	0.000109998	0.923887	img_Drone1_0_0_1640932430644019000.png;img_Drone1_0_7_1640932430651868000.png
Drone1	1640932419312	-137.303	137.304	49.8297	0.382665	-0.00021733	9.04845e-05	0.923887	img_Drone1_0_0_1640932431228329000.png;img_Drone1_0_7_1640932431239236000.png
Drone1	1640932419930	-136.923	136.923	49.681	0.382665	-0.000255124	0.000105881	0.923887	img_Drone1_0_0_1640932431866487000.png;img_Drone1_0_7_1640932431884805000.png
Drone1	1640932420530	-136.554	136.554	49.5361	0.382665	-0.000267824	0.000111341	0.923887	img_Drone1_0_0_1640932432491394000.png;img_Drone1_0_7_1640932432501938000.png
Drone1	1640932421001	-136.264	136.264	49.4269	0.382665	-0.000167612	6.92917e-05	0.923887	img_Drone1_0_0_1640932433027395000.png;img_Drone1_0_7_1640932433041236000.png
Drone1	1640932421523	-135.943	135.943	49.3112	0.382665	-0.000225124	9.31672e-05	0.923887	img_Drone1_0_0_1640932433559856000.png;img_Drone1_0_7_1640932433571068000.png
Drone1	1640932422066	-135.609	135.609	49.176	0.382665	-0.000254277	0.000105153	0.923887	img_Drone1_0_0_1640932434130151000.png;img_Drone1_0_7_1640932434148782000.png
Drone1	1640932422519	-135.33	135.33	49.0485	0.382665	-0.000179632	5.91794e-05	0.923887	img_Drone1_0_0_1640932434623919000.png;img_Drone1_0_7_1640932434624698000.png
Drone1	1640932423017	-135.024	135.024	48.943	0.382665	-0.000213779	5.36457e-05	0.923887	img_Drone1_0_0_1640932435169419000.png;img_Drone1_0_7_1640932435172641000.png
Drone1	1640932423557	-134.692	134.693	48.8143	0.382665	-0.000266988	0.000123787	0.923887	img_Drone1_0_0_1640932435738949000.png;img_Drone1_0_7_1640932435743606000.png
Drone1	1640932424010	-134.413	134.414	48.6833	0.382665	-0.000170092	0.000117296	0.923887	img_Drone1_0_0_1640932436208201000.png;img_Drone1_0_7_1640932436219216000.png
Drone1	1640932424604	-134.05	134.049	48.5374	0.382665	-0.000225892	5.45483e-05	0.923887	img_Drone1_0_0_1640932436848290000.png;img_Drone1_0_7_1640932436851922000.png
Drone1	1640932425165	-133.706	133.705	48.4035	0.382665	-0.000189693	4.12995e-05	0.923887	img_Drone1_0_0_1640932437452450000.png;img_Drone1_0_7_1640932437462544000.png
Drone1	1640932425645	-133.41	133.412	48.3023	0.382665	-0.000244224	0.000168157	0.923887	img_Drone1_0_0_1640932437947988000.png;img_Drone1_0_7_1640932437965101000.png
Drone1	1640932426245	-133.041	133.043	48.1549	0.382665	-0.000214501	0.000144719	0.923887	img_Drone1_0_0_1640932438590203000.png;img_Drone1_0_7_1640932438595968000.png
Drone1	1640932426860	-132.664	132.664	48.0008	0.382665	-0.000206651	7.30769e-05	0.923887	img_Drone1_0_0_1640932439215116000.png;img_Drone1_0_7_1640932439223153000.png
Drone1	1640932427376	-132.347	132.347	47.8721	0.382665	-0.000197867	3.098e-05	0.923887	img_Drone1_0_0_1640932439733807000.png;img_Drone1_0_7_1640932439745598000.png
Drone1	1640932427751	-132.117	132.116	47.7756	0.382665	-0.000274101	7.17962e-05	0.923887	img_Drone1_0_0_1640932440123191000.png;img_Drone1_0_7_1640932440135513000.png
Drone1	1640932428396	-131.72	131.719	47.6323	0.382665	-0.000225692	7.62046e-05	0.923887	img_Drone1_0_0_1640932440773595000.png;img_Drone1_0_7_1640932440783362000.png
Drone1	1640932428954	-131.376	131.377	47.4932	0.382665	-0.000273816	0.000130697	0.923887	img_Drone1_0_0_1640932441366054000.png;img_Drone1_0_7_1640932441368746000.png
Drone1	1640932429602	-130.977	130.978	47.3343	0.382665	-0.000196632	0.000106111	0.923887	img_Drone1_0_0_1640932442032328000.png;img_Drone1_0_7_1640932442042005000.png
Drone1	1640932430121	-130.658	130.659	47.206	0.382665	-0.000281865	0.000128197	0.923887	img_Drone1_0_0_1640932442563034000.png;img_Drone1_0_7_1640932442586993000.png
Drone1	1640932430658	-130.328	130.328	47.0635	0.382665	-0.000271973	9.44192e-05	0.923887	img_Drone1_0_0_1640932443115798000.png;img_Drone1_0_7_1640932443123856000.png
Drone1	1640932431177	-130.009	130.009	46.93	0.382665	-0.000213488	7.57899e-05	0.923887	img_Drone1_0_0_1640932443653060000.png;img_Drone1_0_7_1640932443663612000.png
Drone1	1640932431663	-129.71	129.71	46.8291	0.382665	-0.000219281	8.40442e-05	0.923887	img_Drone1_0_0_1640932444146220000.png;img_Drone1_0_7_1640932444162003000.png
Drone1	1640932432227	-129.363	129.362	46.6934	0.382665	-0.000240438	9.68595e-05	0.923887	img_Drone1_0_0_1640932444752799000.png;img_Drone1_0_7_1640932444759678000.png
Drone1	1640932432620	-129.121	129.121	46.5813	0.382665	-0.000172847	7.0236e-05	0.923887	img_Drone1_0_0_1640932445179233000.png;img_Drone1_0_7_1640932445190869000.png
Drone1	1640932433016	-128.877	128.877	46.4862	0.382665	-0.000279573	0.000114921	0.923887	img_Drone1_0_0_1640932445606584000.png;img_Drone1_0_7_1640932445619440000.png
Drone1	1640932433451	-128.609	128.609	46.3896	0.382665	-0.000174946	7.21348e-05	0.923887	img_Drone1_0_0_1640932446091408000.png;img_Drone1_0_7_1640932446108230000.png
Drone1	1640932433889	-128.34	128.34	46.2724	0.382665	-0.000250424	0.000103391	0.923887	img_Drone1_0_0_1640932446605905000.png;img_Drone1_0_7_1640932446612120000.png
Drone1	1640932434417	-128.015	128.015	46.1384	0.382665	-0.000191467	7.92221e-05	0.923887	img_Drone1_0_0_1640932447159478000.png;img_Drone1_0_7_1640932447169426000.png
Drone1	1640932435011	-127.651	127.65	45.9926	0.382665	-0.000212267	8.79171e-05	0.923887	img_Drone1_0_0_1640932447746261000.png;img_Drone1_0_7_1640932447766751000.png
Drone1	1640932435578	-127.303	127.303	45.8555	0.382665	-0.000195574	8.10632e-05	0.923887	img_Drone1_0_0_1640932448329695000.png;img_Drone1_0_7_1640932448339369000.png
Drone1	1640932436046	-127.016	127.016	45.7618	0.382665	-0.000231388	9.58208e-05	0.923887	img_Drone1_0_0_1640932448802313000.png;img_Drone1_0_7_1640932448806330000.png
Drone1	1640932436517	-126.728	126.727	45.6276	0.382665	-0.000252491	0.000104518	0.923887	img_Drone1_0_0_1640932449304831000.png;img_Drone1_0_7_1640932449315491000.png
Drone1	1640932436925	-126.478	126.477	45.5474	0.382665	-0.000251844	0.000104372	0.923887	img_Drone1_0_0_1640932449751241000.png;img_Drone1_0_7_1640932449755089000.png
Drone1	1640932437303	-126.246	126.246	45.4439	0.382665	-0.0001577	6.53137e-05	0.923887	img_Drone1_0_0_1640932450140280000.png;img_Drone1_0_7_1640932450149988000.png
Drone1	1640932437756	-125.968	125.968	45.3353	0.382665	-0.000312195	0.00012923	0.923887	img_Drone1_0_0_1640932450631377000.png;img_Drone1_0_7_1640932450636714000.png
Drone1	1640932438227	-125.68	125.679	45.2118	0.382665	-0.00020043	8.29812e-05	0.923887	img_Drone1_0_0_1640932451152483000.png;img_Drone1_0_7_1640932451166128000.png
Drone1	1640932438704	-125.387	125.387	45.1059	0.382665	-0.000140663	5.82231e-05	0.923887	img_Drone1_0_0_1640932451663124000.png;img_Drone1_0_7_1640932451667212000.png
Drone1	1640932439124	-125.13	125.13	44.9961	0.382665	-0.000251381	0.000104116	0.923887	img_Drone1_0_0_1640932452108902000.png;img_Drone1_0_7_1640932452113214000.png
Drone1	1640932439625	-124.823	124.823	44.8719	0.382665	-0.000183834	7.61631e-05	0.923887	img_Drone1_0_0_1640932452678465000.png;img_Drone1_0_7_1640932452694252000.png
Drone1	1640932440294	-124.413	124.413	44.7076	0.382665	-0.000278117	0.000115204	0.923887	img_Drone1_0_0_1640932453400896000.png;img_Drone1_0_7_1640932453401926000.png
Drone1	1640932440873	-124.058	124.058	44.5647	0.382665	-0.000205887	8.51832e-05	0.923887	img_Drone1_0_0_1640932453989881000.png;img_Drone1_0_7_1640932453998836000.png
Drone1	1640932441365	-123.756	123.756	44.4589	0.382665	-0.000170156	7.05033e-05	0.923887	img_Drone1_0_0_1640932454509479000.png;img_Drone1_0_7_1640932454517688000.png
Drone1	1640932441839	-123.466	123.466	44.347	0.382665	-0.000248608	0.000102964	0.923887	img_Drone1_0_0_1640932454994621000.png;img_Drone1_0_7_1640932454999606000.png
Drone1	1640932442370	-123.14	123.14	44.2164	0.382665	-0.000235177	9.74142e-05	0.923887	img_Drone1_0_0_1640932455548716000.png;img_Drone1_0_7_1640932455556843000.png
Drone1	1640932442778	-122.89	122.89	44.1018	0.382665	-0.000173786	7.19939e-05	0.923887	img_Drone1_0_0_1640932456012484000.png;img_Drone1_0_7_1640932456018866000.png
Drone1	1640932443369	-122.528	122.528	43.9569	0.382665	-0.00019892	8.23823e-05	0.923887	img_Drone1_0_0_1640932456637530000.png;img_Drone1_0_7_1640932456659567000.png
Drone1	1640932443810	-122.258	122.258	43.8682	0.382665	-0.000275187	0.000113969	0.923887	img_Drone1_0_0_1640932457108743000.png;img_Drone1_0_7_1640932457112178000.png
Drone1	1640932444368	-121.916	121.916	43.7267	0.382665	-0.000263849	0.000109189	0.923887	img_Drone1_0_0_1640932457688448000.png;img_Drone1_0_7_1640932457692248000.png
Drone1	1640932444809	-121.646	121.645	43.6145	0.382665	-0.000154778	6.41151e-05	0.923887	img_Drone1_0_0_1640932458198369000.png;img_Drone1_0_7_1640932458209410000.png
Drone1	1640932445346	-121.316	121.316	43.4921	0.382665	-0.000204237	8.46718e-05	0.923887	img_Drone1_0_0_1640932458792719000.png;img_Drone1_0_7_1640932458806245000.png
Drone1	1640932445910	-120.971	120.971	43.3566	0.382665	-0.000241185	9.99384e-05	0.923887	img_Drone1_0_0_1640932459402172000.png;img_Drone1_0_7_1640932459415529000.png
Drone1	1640932446576	-120.563	120.562	43.1813	0.382665	-0.000182496	7.56436e-05	0.923887	img_Drone1_0_0_1640932460095712000.png;img_Drone1_0_7_1640932460100247000.png
Drone1	1640932447134	-120.221	120.22	43.0521	0.382665	-0.000180302	7.46562e-05	0.923887	img_Drone1_0_0_1640932460657875000.png;img_Drone1_0_7_1640932460667770000.png
Drone1	1640932447669	-119.893	119.893	42.9279	0.382665	-0.000247961	0.000102691	0.923887	img_Drone1_0_0_1640932461230857000.png;img_Drone1_0_7_1640932461242164000.png
Drone1	1640932448236	-119.546	119.546	42.789	0.382665	-0.000276595	0.000114589	0.923887	img_Drone1_0_0_1640932461821593000.png;img_Drone1_0_7_1640932461824292000.png
Drone1	1640932448656	-119.288	119.288	42.6731	0.382665	-0.000160062	6.62941e-05	0.923887	img_Drone1_0_0_1640932462278377000.png;img_Drone1_0_7_1640932462280795000.png
Drone1	1640932449184	-118.965	118.965	42.5471	0.382665	-0.000161643	6.7013e-05	0.923887	img_Drone1_0_0_1640932462824432000.png;img_Drone1_0_7_1640932462831110000.png
Drone1	1640932449565	-118.731	118.731	42.4597	0.382665	-0.000263633	0.000109204	0.923887	img_Drone1_0_0_1640932463284607000.png;img_Drone1_0_7_1640932463295469000.png
Drone1	1640932450219	-118.33	118.33	42.298	0.382665	-0.000137031	5.67499e-05	0.923887	img_Drone1_0_0_1640932463969833000.png;img_Drone1_0_7_1640932463980369000.png
Drone1	1640932450765	-117.996	117.996	42.1719	0.382665	-0.000172938	7.16693e-05	0.923887	img_Drone1_0_0_1640932464538740000.png;img_Drone1_0_7_1640932464545506000.png
Drone1	1640932451320	-117.656	117.655	42.0397	0.382665	-0.00023348	9.66767e-05	0.923887	img_Drone1_0_0_1640932465134865000.png;img_Drone1_0_7_1640932465140017000.png
Drone1	1640932451824	-117.347	117.347	41.9033	0.382665	-0.000302274	0.000125207	0.923887	img_Drone1_0_0_1640932465654173000.png;img_Drone1_0_7_1640932465661322000.png
Drone1	1640932452454	-116.961	116.96	41.755	0.382665	-0.000194419	8.0578e-05	0.923887	img_Drone1_0_0_1640932466346661000.png;img_Drone1_0_7_1640932466347886000.png
Drone1	1640932452901	-116.687	116.686	41.6512	0.382665	-0.000258781	0.000107201	0.923887	img_Drone1_0_0_1640932466813768000.png;img_Drone1_0_7_1640932466825785000.png
Drone1	1640932453333	-116.422	116.422	41.533	0.382665	-0.000277611	0.00011499	0.923887	img_Drone1_0_0_1640932467257833000.png;img_Drone1_0_7_1640932467268888000.png
Drone1	1640932454041	-115.988	115.988	41.3783	0.382665	-0.000197512	8.17989e-05	0.923887	img_Drone1_0_0_1640932467988470000.png;img_Drone1_0_7_1640932468001650000.png
Drone1	1640932454467	-115.727	115.727	41.2595	0.382665	-0.000151838	6.29331e-05	0.923887	img_Drone1_0_0_1640932468470606000.png;img_Drone1_0_7_1640932468483310000.png
Drone1	1640932455115	-115.33	115.329	41.1064	0.382665	-0.000155332	6.43744e-05	0.923887	img_Drone1_0_0_1640932469135173000.png;img_Drone1_0_7_1640932469144855000.png
Drone1	1640932455703	-114.969	114.969	40.9547	0.382665	-0.000185789	7.69179e-05	0.923887	img_Drone1_0_0_1640932469746209000.png;img_Drone1_0_7_1640932469754203000.png
Drone1	1640932456288	-114.611	114.611	40.816	0.382665	-0.000275833	0.000114227	0.923887	img_Drone1_0_0_1640932470357604000.png;img_Drone1_0_7_1640932470368266000.png
Drone1	1640932456720	-114.346	114.346	40.7119	0.382665	-0.000191884	7.95176e-05	0.923887	img_Drone1_0_0_1640932470808034000.png;img_Drone1_0_7_1640932470818109000.png
Drone1	1640932457236	-114.03	114.03	40.5834	0.382665	-0.000197921	8.2006e-05	0.923887	img_Drone1_0_0_1640932471347927000.png;img_Drone1_0_7_1640932471360095000.png
Drone1	1640932457830	-113.666	113.665	40.4394	0.382665	-0.000254489	0.00010542	0.923887	img_Drone1_0_0_1640932471969800000.png;img_Drone1_0_7_1640932471975170000.png
Drone1	1640932458343	-113.351	113.351	40.3154	0.382665	-0.000261092	0.000108153	0.923887	img_Drone1_0_0_1640932472504186000.png;img_Drone1_0_7_1640932472509225000.png
Drone1	1640932458793	-113.075	113.075	40.1994	0.382665	-0.000218074	9.03373e-05	0.923887	img_Drone1_0_0_1640932472984037000.png;img_Drone1_0_7_1640932472993120000.png
Drone1	1640932459243	-112.8	112.799	40.096	0.382665	-0.000194117	8.04208e-05	0.923887	img_Drone1_0_0_1640932473466765000.png;img_Drone1_0_7_1640932473478783000.png
Drone1	1640932459786	-112.467	112.467	39.9584	0.382665	-0.000194077	8.03999e-05	0.923887	img_Drone1_0_0_1640932474085822000.png;img_Drone1_0_7_1640932474093792000.png
Drone1	1640932460185	-112.222	112.222	39.8761	0.382665	-0.000239189	9.90764e-05	0.923887	img_Drone1_0_0_1640932474547325000.png;img_Drone1_0_7_1640932474553398000.png
Drone1	1640932460668	-111.926	111.926	39.7573	0.382665	-0.000286788	0.000118827	0.923887	img_Drone1_0_0_1640932475019871000.png;img_Drone1_0_7_1640932475036820000.png
Drone1	1640932461151	-111.63	111.63	39.6243	0.382665	-0.000183062	7.58295e-05	0.923887	img_Drone1_0_0_1640932475535195000.png;img_Drone1_0_7_1640932475545230000.png
Drone1	1640932461712	-111.286	111.286	39.4891	0.382665	-0.000173643	7.1913e-05	0.923887	img_Drone1_0_0_1640932476119699000.png;img_Drone1_0_7_1640932476129482000.png
Drone1	1640932462255	-110.954	110.953	39.3667	0.382665	-0.000152471	6.31952e-05	0.923887	img_Drone1_0_0_1640932476678743000.png;img_Drone1_0_7_1640932476686665000.png
Drone1	1640932462825	-110.604	110.604	39.2169	0.382665	-0.000229879	9.52464e-05	0.923887	img_Drone1_0_0_1640932477252103000.png;img_Drone1_0_7_1640932477261229000.png
Drone1	1640932463353	-110.281	110.28	39.0856	0.382665	-0.000211441	8.7565e-05	0.923887	img_Drone1_0_0_1640932477832125000.png;img_Drone1_0_7_1640932477836740000.png
Drone1	1640932463950	-109.915	109.915	38.9499	0.382665	-0.000256531	0.000106271	0.923887	img_Drone1_0_0_1640932478431145000.png;img_Drone1_0_7_1640932478438336000.png
Drone1	1640932464508	-109.573	109.573	38.8226	0.382665	-0.000262511	0.000108668	0.923887	img_Drone1_0_0_1640932479014091000.png;img_Drone1_0_7_1640932479022459000.png
Drone1	1640932464868	-109.352	109.352	38.721	0.382665	-0.000199269	8.25017e-05	0.923887	img_Drone1_0_0_1640932479430506000.png;img_Drone1_0_7_1640932479441952000.png
Drone1	1640932465678	-108.856	108.855	38.538	0.382665	-0.000179477	7.43713e-05	0.923887	img_Drone1_0_0_1640932480243202000.png;img_Drone1_0_7_1640932480256125000.png
Drone1	1640932466362	-108.436	108.436	38.3555	0.382665	-0.000216524	8.97055e-05	0.923887	img_Drone1_0_0_1640932481066915000.png;img_Drone1_0_7_1640932481070110000.png
Drone1	1640932466848	-108.139	108.138	38.2524	0.382665	-0.000171425	7.09857e-05	0.923887	img_Drone1_0_0_1640932481591352000.png;img_Drone1_0_7_1640932481594515000.png
Drone1	1640932467262	-107.885	107.885	38.135	0.382665	-0.000233264	9.66373e-05	0.923887	img_Drone1_0_0_1640932482063879000.png;img_Drone1_0_7_1640932482068044000.png
Drone1	1640932467874	-107.51	107.51	37.988	0.382665	-0.000274099	0.000113415	0.923887	img_Drone1_0_0_1640932482710378000.png;img_Drone1_0_7_1640932482712817000.png
Drone1	1640932468282	-107.26	107.259	37.9053	0.382665	-0.00024499	0.000101441	0.923887	img_Drone1_0_0_1640932483162581000.png;img_Drone1_0_7_1640932483164929000.png
Drone1	1640932468693	-107.008	107.008	37.7868	0.382665	-0.00018704	7.75625e-05	0.923887	img_Drone1_0_0_1640932483612361000.png;img_Drone1_0_7_1640932483620931000.png
Drone1	1640932469284	-106.646	106.645	37.6418	0.382665	-0.00019312	7.99833e-05	0.923887	img_Drone1_0_0_1640932484253093000.png;img_Drone1_0_7_1640932484265916000.png
Drone1	1640932469857	-106.294	106.294	37.5039	0.382665	-0.000185389	7.67829e-05	0.923887	img_Drone1_0_0_1640932484865373000.png;img_Drone1_0_7_1640932484881256000.png
Drone1	1640932470508	-105.895	105.895	37.3427	0.382665	-0.000256635	0.000106244	0.923887	img_Drone1_0_0_1640932485582916000.png;img_Drone1_0_7_1640932485587236000.png
Drone1	1640932471105	-105.529	105.529	37.207	0.382665	-0.00024039	9.95585e-05	0.923887	img_Drone1_0_0_1640932486177751000.png;img_Drone1_0_7_1640932486189304000.png
Drone1	1640932471645	-105.198	105.198	37.0819	0.382665	-0.000259023	0.000107334	0.923887	img_Drone1_0_0_1640932486730012000.png;img_Drone1_0_7_1640932486745675000.png
Drone1	1640932472047	-104.952	104.952	36.9709	0.382665	-0.000187543	7.77193e-05	0.923887	img_Drone1_0_0_1640932487138071000.png;img_Drone1_0_7_1640932487144694000.png
Drone1	1640932472815	-104.481	104.481	36.7826	0.382665	-0.000223167	9.24139e-05	0.923887	img_Drone1_0_0_1640932487921686000.png;img_Drone1_0_7_1640932487931444000.png
Drone1	1640932473313	-104.176	104.176	36.6609	0.382665	-0.000220657	9.14507e-05	0.923887	img_Drone1_0_0_1640932488447045000.png;img_Drone1_0_7_1640932488476936000.png
Drone1	1640932473805	-103.875	103.874	36.5495	0.382665	-0.00013602	5.64159e-05	0.923887	img_Drone1_0_0_1640932489003080000.png;img_Drone1_0_7_1640932489013375000.png
Drone1	1640932474402	-103.509	103.509	36.4014	0.382665	-0.000151199	6.25577e-05	0.923887	img_Drone1_0_0_1640932489649896000.png;img_Drone1_0_7_1640932489650929000.png
Drone1	1640932475017	-103.132	103.132	36.2473	0.382665	-0.000215246	8.91314e-05	0.923887	img_Drone1_0_0_1640932490284348000.png;img_Drone1_0_7_1640932490291045000.png
Drone1	1640932475569	-102.793	102.793	36.1115	0.382665	-0.000184996	7.67078e-05	0.923887	img_Drone1_0_0_1640932490860697000.png;img_Drone1_0_7_1640932490871851000.png
Drone1	1640932476034	-102.508	102.508	36.0171	0.382665	-0.000205119	8.50024e-05	0.923887	img_Drone1_0_0_1640932491363760000.png;img_Drone1_0_7_1640932491380394000.png
Drone1	1640932476466	-102.244	102.244	35.8919	0.382665	-0.000229396	9.50058e-05	0.923887	img_Drone1_0_0_1640932491813973000.png;img_Drone1_0_7_1640932491818871000.png
Drone1	1640932476862	-102.001	102.001	35.8105	0.382665	-0.000313116	0.000129624	0.923887	img_Drone1_0_0_1640932492251499000.png;img_Drone1_0_7_1640932492265240000.png
Drone1	1640932477546	-101.582	101.582	35.6407	0.382665	-0.000200773	8.32219e-05	0.923887	img_Drone1_0_0_1640932492980060000.png;img_Drone1_0_7_1640932492980791000.png
Drone1	1640932478173	-101.197	101.197	35.4826	0.382665	-0.000158952	6.5856e-05	0.923887	img_Drone1_0_0_1640932493624771000.png;img_Drone1_0_7_1640932493636472000.png
Drone1	1640932478608	-100.931	100.931	35.3799	0.382665	-0.000290251	0.000120176	0.923887	img_Drone1_0_0_1640932494089540000.png;img_Drone1_0_7_1640932494101225000.png
Drone1	1640932479259	-100.532	100.532	35.2299	0.382665	-0.00025295	0.000104706	0.923887	img_Drone1_0_0_1640932494750179000.png;img_Drone1_0_7_1640932494761512000.png
Drone1	1640932479757	-100.227	100.227	35.0895	0.382665	-0.000297245	0.000122976	0.923887	img_Drone1_0_0_1640932495290202000.png;img_Drone1_0_7_1640932495292948000.png
Drone1	1640932480144	-99.9895	99.9893	35.0144	0.382665	-0.000255095	0.000105757	0.923887	img_Drone1_0_0_1640932495681228000.png;img_Drone1_0_7_1640932495693725000.png
Drone1	1640932480540	-99.7468	99.7466	34.9097	0.382665	-0.000162895	6.75809e-05	0.923887	img_Drone1_0_0_1640932496099495000.png;img_Drone1_0_7_1640932496112688000.png
Drone1	1640932480879	-99.539	99.5388	34.8183	0.382665	-0.000202366	8.38256e-05	0.923887	img_Drone1_0_0_1640932496502407000.png;img_Drone1_0_7_1640932496513695000.png
Drone1	1640932481440	-99.1952	99.195	34.6846	0.382665	-0.000258281	0.000106916	0.923887	img_Drone1_0_0_1640932497099460000.png;img_Drone1_0_7_1640932497110256000.png
Drone1	1640932481983	-98.8624	98.8622	34.5479	0.382665	-0.000182829	7.58312e-05	0.923887	img_Drone1_0_0_1640932497686817000.png;img_Drone1_0_7_1640932497690845000.png
Drone1	1640932482535	-98.524	98.5239	34.4162	0.382665	-0.000173193	7.17252e-05	0.923887	img_Drone1_0_0_1640932498246938000.png;img_Drone1_0_7_1640932498269618000.png
Drone1	1640932483063	-98.2004	98.2003	34.3001	0.382665	-0.00018858	7.80884e-05	0.923887	img_Drone1_0_0_1640932498841646000.png;img_Drone1_0_7_1640932498857470000.png
Drone1	1640932483453	-97.9614	97.9613	34.1887	0.382665	-0.000208306	8.63526e-05	0.923887	img_Drone1_0_0_1640932499276595000.png;img_Drone1_0_7_1640932499277525000.png
Drone1	1640932483939	-97.6635	97.6634	34.0914	0.382665	-0.000178648	7.39419e-05	0.923887	img_Drone1_0_0_1640932499820552000.png;img_Drone1_0_7_1640932499822112000.png
Drone1	1640932484476	-97.3344	97.3343	33.9574	0.382665	-0.00024867	0.000103011	0.923887	img_Drone1_0_0_1640932500401640000.png;img_Drone1_0_7_1640932500405523000.png
Drone1	1640932484872	-97.0917	97.0916	33.8459	0.382665	-0.000234589	9.71755e-05	0.923887	img_Drone1_0_0_1640932500858237000.png;img_Drone1_0_7_1640932500870183000.png
Drone1	1640932485271	-96.8472	96.847	33.7663	0.382665	-0.000209387	8.67391e-05	0.923887	img_Drone1_0_0_1640932501281510000.png;img_Drone1_0_7_1640932501290991000.png
Drone1	1640932486216	-96.268	96.2678	33.5228	0.382665	-0.000145444	6.02788e-05	0.923887	img_Drone1_0_0_1640932502383568000.png;img_Drone1_0_7_1640932502397942000.png
Drone1	1640932486723	-95.9572	95.9571	33.4176	0.382665	-0.000221346	9.16869e-05	0.923887	img_Drone1_0_0_1640932502951746000.png;img_Drone1_0_7_1640932502953361000.png
Drone1	1640932487380	-95.5546	95.5544	33.2382	0.382665	-0.000195451	8.10243e-05	0.923887	img_Drone1_0_0_1640932503634949000.png;img_Drone1_0_7_1640932503641807000.png
Drone1	1640932487779	-95.31	95.3099	33.1525	0.382665	-0.000277894	0.000115129	0.923887	img_Drone1_0_0_1640932504184881000.png;img_Drone1_0_7_1640932504187683000.png
Drone1	1640932488313	-94.9827	94.9826	33.0115	0.382665	-0.00030406	0.00012596	0.923887	img_Drone1_0_0_1640932504739286000.png;img_Drone1_0_7_1640932504749938000.png
Drone1	1640932488835	-94.6628	94.6627	32.8764	0.382665	-0.00021237	8.79567e-05	0.923887	img_Drone1_0_0_1640932505281589000.png;img_Drone1_0_7_1640932505291690000.png
Drone1	1640932489267	-94.398	94.3979	32.7917	0.382665	-0.000262038	0.000108622	0.923887	img_Drone1_0_0_1640932505722516000.png;img_Drone1_0_7_1640932505732516000.png
Drone1	1640932489756	-94.0983	94.0982	32.6543	0.382665	-0.000268542	0.000111203	0.923887	img_Drone1_0_0_1640932506217493000.png;img_Drone1_0_7_1640932506236368000.png
Drone1	1640932490242	-93.8005	93.8003	32.5431	0.382665	-0.000166215	6.89101e-05	0.923887	img_Drone1_0_0_1640932506749315000.png;img_Drone1_0_7_1640932506763064000.png
Drone1	1640932490704	-93.5173	93.5172	32.4363	0.382665	-0.000293221	0.000121452	0.923887	img_Drone1_0_0_1640932507215926000.png;img_Drone1_0_7_1640932507228366000.png
Drone1	1640932491055	-93.3022	93.302	32.3549	0.382665	-0.000234859	9.72493e-05	0.923887	img_Drone1_0_0_1640932507604925000.png;img_Drone1_0_7_1640932507618439000.png
Drone1	1640932491499	-93.0301	93.0299	32.2265	0.382665	-0.000238839	9.88743e-05	0.923887	img_Drone1_0_0_1640932508069395000.png;img_Drone1_0_7_1640932508082041000.png
Drone1	1640932491886	-92.7929	92.7927	32.1489	0.382665	-0.000293878	0.000121692	0.923887	img_Drone1_0_0_1640932508470311000.png;img_Drone1_0_7_1640932508482176000.png
Drone1	1640932492204	-92.598	92.5978	32.0727	0.382665	-0.000182804	7.57529e-05	0.923887	img_Drone1_0_0_1640932508805509000.png;img_Drone1_0_7_1640932508806543000.png
Drone1	1640932492597	-92.3571	92.3569	31.966	0.382665	-0.000241889	0.000100256	0.923887	img_Drone1_0_0_1640932509195518000.png;img_Drone1_0_7_1640932509201816000.png
Drone1	1640932493011	-92.1034	92.1032	31.866	0.382665	-0.000189899	7.86022e-05	0.923887	img_Drone1_0_0_1640932509626936000.png;img_Drone1_0_7_1640932509637183000.png
Drone1	1640932493356	-91.8919	91.8918	31.777	0.382665	-0.000178093	7.37988e-05	0.923887	img_Drone1_0_0_1640932509992960000.png;img_Drone1_0_7_1640932509995399000.png
Drone1	1640932493722	-91.6676	91.6674	31.697	0.382665	-0.000262645	0.000108785	0.923887	img_Drone1_0_0_1640932510386972000.png;img_Drone1_0_7_1640932510393009000.png
Drone1	1640932494100	-91.4359	91.4358	31.6151	0.382665	-0.00022044	9.1382e-05	0.923887	img_Drone1_0_0_1640932510775343000.png;img_Drone1_0_7_1640932510780983000.png
Drone1	1640932494545	-91.1638	91.1636	31.4864	0.382665	-0.000235033	9.73279e-05	0.923887	img_Drone1_0_0_1640932511246459000.png;img_Drone1_0_7_1640932511253910000.png
