VehicleName	TimeStamp	POS_X	POS_Y	POS_Z	Q_W	Q_X	Q_Y	Q_Z	ImageFile
Drone1	1641236913607	-0.0918268	6.5677e-08	0.365116	3.57652e-07	0.0243036	-8.8388e-09	0.999705	img_Drone1_3_0_1641236914633686000.png;img_Drone1_3_7_1641236914633868000.png
Drone2	1641236913607	0.0918268	2.66168e-12	0.365116	0.999705	-1.47271e-10	-0.0243036	-1.29509e-10	
Drone3	1641236913607	0.0918268	2.66168e-12	0.365116	0.999705	-1.47271e-10	-0.0243036	-1.29509e-10	
Drone4	1641236913607	0.0918268	2.66168e-12	0.365116	0.999705	-1.47271e-10	-0.0243036	-1.29509e-10	
Drone1	1641236914012	-0.209186	1.49789e-07	2.29792	3.57831e-07	0.00157511	-9.71759e-10	0.999999	img_Drone1_3_0_1641236915036999000.png;img_Drone1_3_7_1641236915037870000.png
Drone2	1641236914012	0.209186	-1.67144e-10	2.29792	0.999999	-4.08576e-10	-0.00157511	-2.035e-10	
Drone3	1641236914012	0.209186	-1.67144e-10	2.29792	0.999999	-4.08576e-10	-0.00157511	-2.035e-10	
Drone4	1641236914012	0.209186	-1.67144e-10	2.29792	0.999999	-4.08576e-10	-0.00157511	-2.035e-10	
Drone1	1641236914477	-0.348678	2.50766e-07	5.3603	3.57955e-07	6.80501e-05	-7.35102e-10	1	img_Drone1_3_0_1641236915503985000.png;img_Drone1_3_7_1641236915504656000.png
Drone2	1641236914477	0.348678	-1.37214e-09	5.3603	1	-7.10886e-10	-6.80501e-05	-3.27606e-10	
Drone3	1641236914477	0.348678	-1.37214e-09	5.3603	1	-7.10886e-10	-6.80501e-05	-3.27606e-10	
Drone4	1641236914477	0.348678	-1.37214e-09	5.3603	1	-7.10886e-10	-6.80501e-05	-3.27606e-10	
Drone1	1641236914927	-0.483982	3.51017e-07	8.7315	3.58092e-07	3.25787e-06	-1.00476e-09	1	img_Drone1_3_0_1641236915955462000.png;img_Drone1_3_7_1641236915956167000.png
Drone2	1641236914927	0.483982	-4.84707e-09	8.7315	1	-1.00372e-09	-3.25787e-06	-4.6468e-10	
Drone3	1641236914927	0.483982	-4.84707e-09	8.7315	1	-1.00372e-09	-3.25787e-06	-4.6468e-10	
Drone4	1641236914927	0.483982	-4.84707e-09	8.7315	1	-1.00372e-09	-3.25787e-06	-4.6468e-10	
Drone1	1641236915428	-0.634506	4.66919e-07	12.6717	3.58203e-07	9.21015e-08	-1.32967e-09	1	img_Drone1_3_0_1641236916454937000.png;img_Drone1_3_7_1641236916455649000.png
Drone2	1641236915428	0.634506	-1.3088e-08	12.6717	1	-1.32975e-09	-9.21015e-08	-5.75865e-10	
Drone3	1641236915428	0.634506	-1.3088e-08	12.6717	1	-1.32975e-09	-9.21015e-08	-5.75865e-10	
Drone4	1641236915428	0.634506	-1.3088e-08	12.6717	1	-1.32975e-09	-9.21015e-08	-5.75865e-10	
Drone1	1641236915965	-0.77167	5.78165e-07	16.3297	3.13916e-07	0	0	1	img_Drone1_3_0_1641236916993426000.png;img_Drone1_3_7_1641236916994188000.png
Drone2	1641236915965	0.751805	-2.38419e-08	15.7979	1	0	0	-6.3776e-10	
Drone3	1641236915965	0.759167	0	15.9949	1	0	0	-6.41592e-10	
Drone4	1641236915965	0.795684	-2.90225e-08	16.9733	1	-1.67922e-09	-9.45083e-08	-6.55004e-10	
Drone1	1641236916385	-0.77167	5.78165e-07	16.3297	3.13916e-07	0	0	1	img_Drone1_3_0_1641236917412984000.png;img_Drone1_3_7_1641236917413223000.png
Drone4	1641236916385	0.799469	0	17.0748	1	0	0	-6.62189e-10	
Drone1	1641237277137	-0.696833	4.98042e-07	-0.625082	3.55756e-07	-0.0666245	2.39872e-08	0.997778	img_Drone1_3_0_1641237283937368000.png;img_Drone1_3_7_1641237283938682000.png
Drone2	1641237277137	0.164736	-5.56758e-11	1.47677	0.999991	-3.11373e-10	-0.00433969	-1.61089e-10	
Drone3	1641237277137	0.164736	-5.56758e-11	1.47677	0.999991	-3.11373e-10	-0.00433969	-1.61089e-10	
Drone4	1641237277137	0.164736	-5.56758e-11	1.47677	0.999991	-3.11373e-10	-0.00433969	-1.61089e-10	
Drone1	1641237278223	-1.11309	7.92779e-07	-1.14971	3.55269e-07	-0.0231025	8.61568e-09	0.999733	img_Drone1_3_0_1641237285174180000.png;img_Drone1_3_7_1641237285174920000.png
Drone2	1641237278223	0.490294	-5.08823e-09	8.89395	1	-1.01738e-09	-2.82413e-06	-4.70675e-10	
Drone3	1641237278223	0.490294	-5.08823e-09	8.89395	1	-1.01738e-09	-2.82413e-06	-4.70675e-10	
Drone4	1641237278223	0.490294	-5.08823e-09	8.89395	1	-1.01738e-09	-2.82413e-06	-4.70675e-10	
Drone1	1641237279078	-0.993264	7.00195e-07	-1.4601	3.54129e-07	-0.00826073	3.47077e-09	0.999966	img_Drone1_3_0_1641237286229070000.png;img_Drone1_3_7_1641237286229978000.png
Drone2	1641237279078	0.747079	-2.33192e-08	15.6714	1	-1.5738e-09	-9.69548e-08	-6.29138e-10	
Drone3	1641237279078	0.747079	-2.33192e-08	15.6714	1	-1.5738e-09	-9.69548e-08	-6.29138e-10	
Drone4	1641237279078	0.747079	-2.33192e-08	15.6714	1	-1.5738e-09	-9.69548e-08	-6.29138e-10	
Drone1	1641237279777	-0.794533	5.47369e-07	-1.6973	3.52469e-07	-0.00356856	1.93815e-09	0.999994	img_Drone1_3_0_1641237287162803000.png;img_Drone1_3_7_1641237287173187000.png
Drone2	1641237279777	0.751804	-2.38419e-08	15.7979	1	0	0	-6.47819e-10	
Drone3	1641237279777	0.759161	0	15.9948	1	0	0	-6.47819e-10	
Drone4	1641237279777	0.799461	0	17.0746	1	0	0	-6.61231e-10	
Drone1	1641237280440	-0.572319	3.72633e-07	-1.91705	3.49161e-07	-0.00166056	1.39886e-09	0.999999	img_Drone1_3_0_1641237287908297000.png;img_Drone1_3_7_1641237287909000000.png
Drone1	1641237281028	-0.373888	2.1113e-07	-1.93018	3.48402e-07	0.0211932	-6.43739e-09	0.999775	img_Drone1_3_0_1641237288522232000.png;img_Drone1_3_7_1641237288523463000.png
Drone1	1641237281478	-0.297256	1.35696e-07	-1.92322	3.51185e-07	0.0218494	-6.48757e-09	0.999761	img_Drone1_3_0_1641237288988690000.png;img_Drone1_3_7_1641237288989364000.png
Drone1	1641237282234	-0.328676	1.09211e-07	-2.33727	3.5732e-07	-0.00521592	3.47664e-09	0.999986	img_Drone1_3_0_1641237289983963000.png;img_Drone1_3_7_1641237289984688000.png
Drone1	1641237282954	-0.346449	5.73707e-08	-3.05296	3.66943e-07	-0.00401193	3.45264e-09	0.999992	img_Drone1_3_0_1641237290972076000.png;img_Drone1_3_7_1641237290972750000.png
Drone1	1641237283713	-0.322852	-5.00677e-08	-3.80766	3.80856e-07	-0.000437915	2.50083e-09	1	img_Drone1_3_0_1641237291807646000.png;img_Drone1_3_7_1641237291808415000.png
Drone1	1641237284673	-0.286872	-2.2868e-07	-4.764	3.9866e-07	0.00176561	2.09114e-09	0.999999	img_Drone1_3_0_1641237292829047000.png;img_Drone1_3_7_1641237292829975000.png
Drone1	1641237285615	-0.277988	-4.31858e-07	-5.70272	4.16545e-07	0.00108775	2.79534e-09	0.999999	img_Drone1_3_0_1641237293914924000.png;img_Drone1_3_7_1641237293915641000.png
Drone1	1641237286356	-0.284966	-6.19468e-07	-6.44114	4.28347e-07	6.51545e-05	3.57253e-09	1	img_Drone1_3_0_1641237294813484000.png;img_Drone1_3_7_1641237294814306000.png
Drone1	1641237286896	-0.291254	-7.79377e-07	-6.9793	4.36868e-07	-0.000393619	4.02704e-09	1	img_Drone1_3_0_1641237295506262000.png;img_Drone1_3_7_1641237295510645000.png
Drone1	1641237287490	-0.295725	-9.82935e-07	-7.57136	4.46695e-07	-0.000514858	4.36467e-09	1	img_Drone1_3_0_1641237296344339000.png;img_Drone1_3_7_1641237296346855000.png
Drone1	1641237288342	-0.296426	-1.20251e-06	-8.42047	4.65834e-07	-0.000241949	-8.77036e-08	1	img_Drone1_3_0_1641237297329387000.png;img_Drone1_3_7_1641237297330136000.png
Drone1	1641237289119	-0.293945	-5.7066e-07	-9.19482	4.92015e-07	4.71795e-05	-4.60769e-08	1	img_Drone1_3_0_1641237298283923000.png;img_Drone1_3_7_1641237298284669000.png
Drone1	1641237289803	-0.29291	0.0010757	-9.61766	0.000353777	0.090935	-0.0928194	0.991522	img_Drone1_3_0_1641237299068109000.png;img_Drone1_3_7_1641237299068858000.png
Drone1	1641237290202	-0.771507	0.443094	-9.84237	-0.0107497	0.274938	-0.189235	0.942594	img_Drone1_3_0_1641237299560315000.png;img_Drone1_3_7_1641237299561483000.png
Drone1	1641237290865	-3.74684	2.62456	-10.2259	-0.0306498	0.219478	-0.0944358	0.970552	img_Drone1_3_0_1641237300229358000.png;img_Drone1_3_7_1641237300230321000.png
Drone1	1641237291351	-6.71251	4.55919	-9.42427	-0.0295408	0.119627	-0.0570987	0.990735	img_Drone1_3_0_1641237300751682000.png;img_Drone1_3_7_1641237300752398000.png
Drone1	1641237291783	-9.75379	6.45443	-8.56476	-0.0285009	0.0681491	-0.0408056	0.996433	img_Drone1_3_0_1641237301328981000.png;img_Drone1_3_7_1641237301329884000.png
Drone1	1641237292443	-14.7673	9.57792	-7.43396	-0.0276151	0.032097	-0.0317408	0.998599	img_Drone1_3_0_1641237302012754000.png;img_Drone1_3_7_1641237302013506000.png
Drone1	1641237292959	-18.7983	12.1596	-6.67631	-0.0274409	0.0218659	-0.0266493	0.999029	img_Drone1_3_0_1641237302546829000.png;img_Drone1_3_7_1641237302548206000.png
Drone1	1641237293559	-23.5103	15.2663	-5.85395	-0.0275351	0.0196435	-0.0193266	0.999241	img_Drone1_3_0_1641237303250244000.png;img_Drone1_3_7_1641237303250994000.png
Drone1	1641237294195	-28.5115	18.6227	-5.00827	-0.027705	0.0213094	-0.0123279	0.999313	img_Drone1_3_0_1641237303933476000.png;img_Drone1_3_7_1641237303934226000.png
Drone1	1641237294705	-32.5315	21.3233	-4.3383	-0.0277888	0.0224291	-0.00908162	0.999321	img_Drone1_3_0_1641237304459676000.png;img_Drone1_3_7_1641237304460511000.png
Drone1	1641237295257	-36.8976	24.2341	-3.61661	-0.0278066	0.0223812	-0.00829556	0.999328	img_Drone1_3_0_1641237305065255000.png;img_Drone1_3_7_1641237305066023000.png
Drone1	1641237295785	-41.0873	27.0026	-2.92769	-0.0277767	0.0214327	-0.00930055	0.999341	img_Drone1_3_0_1641237305622835000.png;img_Drone1_3_7_1641237305623568000.png
Drone1	1641237296445	-46.3347	30.4503	-2.0676	-0.027725	0.0200437	-0.0111303	0.999353	img_Drone1_3_0_1641237306321833000.png;img_Drone1_3_7_1641237306324249000.png
Drone1	1641237296961	-50.4384	33.145	-1.39579	-0.0276997	0.0193775	-0.0120321	0.999356	img_Drone1_3_0_1641237306845467000.png;img_Drone1_3_7_1641237306846483000.png
Drone1	1641237297399	-53.9198	35.436	-0.825836	-0.0276939	0.0192146	-0.0122348	0.999357	img_Drone1_3_0_1641237307317075000.png;img_Drone1_3_7_1641237307317999000.png
Drone1	1641237298213	-60.3754	39.6985	0.231711	-0.027709	0.0195767	-0.0116775	0.999356	img_Drone1_3_0_1641237308150292000.png;img_Drone1_3_7_1641237308158084000.png
Drone1	1641237298723	-64.4227	42.3763	0.894974	-0.0277223	0.0199046	-0.011194	0.999355	img_Drone1_3_0_1641237308685610000.png;img_Drone1_3_7_1641237308688220000.png
Drone1	1641237299212	-68.3032	44.944	1.53087	-0.0277308	0.0201138	-0.0108875	0.999354	img_Drone1_3_0_1641237309175642000.png;img_Drone1_3_7_1641237309176384000.png
Drone1	1641237299689	-72.0893	47.4473	2.15114	-0.0277328	0.0201624	-0.0108162	0.999354	img_Drone1_3_0_1641237309682575000.png;img_Drone1_3_7_1641237309684265000.png
Drone1	1641237300205	-76.1862	50.1536	2.82214	-0.0277301	0.0200945	-0.0109159	0.999354	img_Drone1_3_0_1641237310242551000.png;img_Drone1_3_7_1641237310244110000.png
Drone1	1641237300958	-82.1665	54.1007	3.80131	-0.0277233	0.0199248	-0.0111662	0.999355	img_Drone1_3_0_1641237311072958000.png;img_Drone1_3_7_1641237311073678000.png
Drone1	1641237301465	-86.1932	56.7581	4.46058	-0.0277205	0.0198528	-0.0112732	0.999355	img_Drone1_3_0_1641237311581943000.png;img_Drone1_3_7_1641237311582792000.png
Drone1	1641237301924	-89.8383	59.1644	5.05744	-0.0277198	0.0198353	-0.0113	0.999355	img_Drone1_3_0_1641237312073223000.png;img_Drone1_3_7_1641237312073944000.png
Drone1	1641237302374	-93.4112	61.5241	5.64259	-0.0277211	0.0198703	-0.0112517	0.999355	img_Drone1_3_0_1641237312590313000.png;img_Drone1_3_7_1641237312591063000.png
Drone1	1641237302962	-98.0797	64.6075	6.40712	-0.0277228	0.019913	-0.0111921	0.999355	img_Drone1_3_0_1641237313216520000.png;img_Drone1_3_7_1641237313217245000.png
Drone1	1641237303460	-102.034	67.219	7.05464	-0.0277236	0.0199307	-0.0111681	0.999355	img_Drone1_3_0_1641237313798031000.png;img_Drone1_3_7_1641237313798796000.png
Drone1	1641237304039	-106.631	70.2552	7.80747	-0.0277239	0.0199411	-0.0111555	0.999354	img_Drone1_3_0_1641237314432492000.png;img_Drone1_3_7_1641237314433285000.png
Drone1	1641237304597	-111.061	73.1814	8.53297	-0.0277239	0.0199459	-0.0111501	0.999354	img_Drone1_3_0_1641237315052687000.png;img_Drone1_3_7_1641237315053406000.png
Drone1	1641237305248	-116.23	76.5952	9.3794	-0.0277239	0.019949	-0.0111479	0.999354	img_Drone1_3_0_1641237315766641000.png;img_Drone1_3_7_1641237315767410000.png
Drone1	1641237305665	-119.541	78.7819	9.92159	-0.0277239	0.0199512	-0.0111478	0.999354	img_Drone1_3_0_1641237316187083000.png;img_Drone1_3_7_1641237316187836000.png
Drone1	1641237306313	-124.685	82.1799	10.7641	-0.0277239	0.0199545	-0.0111472	0.999354	img_Drone1_3_0_1641237316837192000.png;img_Drone1_3_7_1641237316847540000.png
Drone1	1641237306892	-129.283	85.2162	11.517	-0.0277239	0.0199574	-0.0111466	0.999354	img_Drone1_3_0_1641237317436689000.png;img_Drone1_3_7_1641237317437483000.png
Drone1	1641237307495	-134.07	88.3771	12.301	-0.0277228	0.0199295	-0.0111905	0.999354	img_Drone1_3_0_1641237318057137000.png;img_Drone1_3_7_1641237318057909000.png
Drone1	1641237307981	-137.929	90.9252	12.9329	-0.0277221	0.0199141	-0.0112152	0.999354	img_Drone1_3_0_1641237318576765000.png;img_Drone1_3_7_1641237318577523000.png
Drone1	1641237308494	-142.002	93.6153	13.5999	-0.0277231	0.0199369	-0.0111844	0.999354	img_Drone1_3_0_1641237319110037000.png;img_Drone1_3_7_1641237319110878000.png
Drone1	1641237309298	-148.385	97.8315	14.6452	-0.0277239	0.0199561	-0.0111591	0.999354	img_Drone1_3_0_1641237320106273000.png;img_Drone1_3_7_1641237320107462000.png
Drone1	1641237310009	-154.03	101.56	15.5696	-0.0277239	0.0199632	-0.0111515	0.999354	img_Drone1_3_0_1641237320941752000.png;img_Drone1_3_7_1641237320944284000.png
Drone1	1641237310558	-158.389	104.437	16.2834	-0.0277224	0.0199246	-0.0112101	0.999354	img_Drone1_3_0_1641237321614250000.png;img_Drone1_3_7_1641237321615161000.png
Drone1	1641237311335	-164.558	108.512	17.2937	-0.027723	0.0199397	-0.011193	0.999354	img_Drone1_3_0_1641237322440680000.png;img_Drone1_3_7_1641237322441419000.png
Drone1	1641237312283	-172.085	113.483	18.5262	-0.0277239	0.0199634	-0.011162	0.999354	img_Drone1_3_0_1641237323415853000.png;img_Drone1_3_7_1641237323416750000.png
Drone1	1641237313051	-178.183	117.51	19.5248	-0.0277238	0.0199647	-0.0111628	0.999354	img_Drone1_3_0_1641237324189952000.png;img_Drone1_3_7_1641237324190803000.png
Drone1	1641237313522	-181.922	119.979	20.1372	-0.0277223	0.0199281	-0.0112188	0.999354	img_Drone1_3_0_1641237324670429000.png;img_Drone1_3_7_1641237324671329000.png
Drone1	1641237314230	-187.544	123.691	21.0577	-0.027723	0.0199455	-0.0111984	0.999354	img_Drone1_3_0_1641237325422521000.png;img_Drone1_3_7_1641237325423493000.png
Drone1	1641237314731	-191.521	126.318	21.7091	-0.0277236	0.0199611	-0.0111772	0.999354	img_Drone1_3_0_1641237325997325000.png;img_Drone1_3_7_1641237325998436000.png
Drone1	1641237315130	-194.689	128.411	22.2278	-0.0277239	0.0199686	-0.0111679	0.999354	img_Drone1_3_0_1641237326411491000.png;img_Drone1_3_7_1641237326418552000.png
Drone1	1641237315634	-198.691	131.054	22.8831	-0.027724	0.0199749	-0.0111616	0.999354	img_Drone1_3_0_1641237326977343000.png;img_Drone1_3_7_1641237326978199000.png
Drone1	1641237316180	-203.026	133.917	23.593	-0.027724	0.0199778	-0.0111576	0.999354	img_Drone1_3_0_1641237327528586000.png;img_Drone1_3_7_1641237327529356000.png
Drone1	1641237316768	-207.695	137	24.3575	-0.027724	0.0199804	-0.0111577	0.999354	img_Drone1_3_0_1641237328156260000.png;img_Drone1_3_7_1641237328157094000.png
Drone1	1641237317263	-211.625	139.596	25.0012	-0.027724	0.019983	-0.0111568	0.999354	img_Drone1_3_0_1641237328710867000.png;img_Drone1_3_7_1641237328711665000.png
Drone1	1641237317839	-216.198	142.617	25.7501	-0.027724	0.0199859	-0.0111565	0.999354	img_Drone1_3_0_1641237329308005000.png;img_Drone1_3_7_1641237329308744000.png
Drone1	1641237318457	-221.105	145.855	26.5536	-0.0277214	0.0199216	-0.0112534	0.999354	img_Drone1_3_0_1641237329977575000.png;img_Drone1_3_7_1641237329978254000.png
Drone1	1641237318940	-224.94	148.388	27.1816	-0.027722	0.0199397	-0.0112293	0.999354	img_Drone1_3_0_1641237330460943000.png;img_Drone1_3_7_1641237330461632000.png
Drone1	1641237319660	-230.656	152.164	28.1177	-0.0277234	0.0199722	-0.0111849	0.999354	img_Drone1_3_0_1641237331211585000.png;img_Drone1_3_7_1641237331213016000.png
Drone1	1641237320164	-234.658	154.807	28.773	-0.0277238	0.0199826	-0.0111717	0.999353	img_Drone1_3_0_1641237331752340000.png;img_Drone1_3_7_1641237331753013000.png
Drone1	1641237320671	-238.683	157.465	29.4322	-0.0277238	0.0199889	-0.0111655	0.999353	img_Drone1_3_0_1641237332288077000.png;img_Drone1_3_7_1641237332288721000.png
Drone1	1641237321241	-243.209	160.454	30.1733	-0.0277238	0.0199919	-0.0111617	0.999353	img_Drone1_3_0_1641237332880651000.png;img_Drone1_3_7_1641237332881389000.png
Drone1	1641237322126	-250.235	165.093	31.324	-0.0277213	0.019931	-0.0112563	0.999354	img_Drone1_3_0_1641237333770920000.png;img_Drone1_3_7_1641237333779194000.png
Drone1	1641237322441	-252.736	166.745	31.7335	-0.0277214	0.019936	-0.0112508	0.999354	img_Drone1_3_0_1641237334095054000.png;img_Drone1_3_7_1641237334095739000.png
Drone1	1641237323224	-258.955	170.851	32.7518	-0.0277218	0.019946	-0.0112393	0.999353	img_Drone1_3_0_1641237334889478000.png;img_Drone1_3_7_1641237334890193000.png
Drone1	1641237323683	-262.6	173.258	33.3489	-0.0277208	0.0199208	-0.0112774	0.999354	img_Drone1_3_0_1641237335393926000.png;img_Drone1_3_7_1641237335394739000.png
Drone1	1641237324352	-267.908	176.766	34.2183	-0.0277253	0.0200338	-0.0111179	0.999353	img_Drone1_3_0_1641237336115550000.png;img_Drone1_3_7_1641237336116310000.png
Drone1	1641237324910	-272.34	179.692	34.9439	-0.0277246	0.0200164	-0.011144	0.999353	img_Drone1_3_0_1641237336675169000.png;img_Drone1_3_7_1641237336675935000.png
Drone1	1641237325618	-277.965	183.405	35.8648	-0.027721	0.0199269	-0.011277	0.999353	img_Drone1_3_0_1641237337385406000.png;img_Drone1_3_7_1641237337386128000.png
Drone1	1641237326449	-284.561	187.763	36.9452	-0.0277241	0.0200057	-0.0111682	0.999353	img_Drone1_3_0_1641237338239841000.png;img_Drone1_3_7_1641237338240668000.png
Drone1	1641237326893	-288.084	190.091	37.5222	-0.0277266	0.0200675	-0.0110804	0.999353	img_Drone1_3_0_1641237338685913000.png;img_Drone1_3_7_1641237338687182000.png
Drone1	1641237327670	-294.257	194.166	38.5329	-0.0277226	0.0199677	-0.011228	0.999353	img_Drone1_3_0_1641237339469997000.png;img_Drone1_3_7_1641237339470769000.png
Drone1	1641237328345	-299.619	197.705	39.411	-0.0277205	0.0199162	-0.0113058	0.999353	img_Drone1_3_0_1641237340172762000.png;img_Drone1_3_7_1641237340173495000.png
Drone1	1641237329122	-305.784	201.78	40.4207	-0.0277258	0.0200498	-0.011117	0.999353	img_Drone1_3_0_1641237340969267000.png;img_Drone1_3_7_1641237340969966000.png
Drone1	1641237329770	-310.93	205.178	41.2634	-0.0277247	0.0200245	-0.0111557	0.999353	img_Drone1_3_0_1641237341628334000.png;img_Drone1_3_7_1641237341629055000.png
Drone1	1641237330406	-315.983	208.512	42.0906	-0.0277202	0.0199103	-0.0113235	0.999353	img_Drone1_3_0_1641237342323917000.png;img_Drone1_3_7_1641237342324680000.png
Drone1	1641237330754	-318.745	210.337	42.5431	-0.027721	0.0199318	-0.0112953	0.999353	img_Drone1_3_0_1641237342675234000.png;img_Drone1_3_7_1641237342675984000.png
Drone1	1641237331444	-324.22	213.955	43.4398	-0.0277261	0.0200599	-0.0111129	0.999353	img_Drone1_3_0_1641237343402663000.png;img_Drone1_3_7_1641237343404712000.png
Drone1	1641237331957	-328.294	216.645	44.1068	-0.0277264	0.0200682	-0.0111025	0.999352	img_Drone1_3_0_1641237343961275000.png;img_Drone1_3_7_1641237343962260000.png
Drone1	1641237332329	-331.249	218.594	44.5906	-0.0277223	0.0199649	-0.0112542	0.999353	img_Drone1_3_0_1641237344378311000.png;img_Drone1_3_7_1641237344378973000.png
Drone1	1641237333061	-337.061	222.432	45.5424	-0.027721	0.0199344	-0.0113018	0.999353	img_Drone1_3_0_1641237345122296000.png;img_Drone1_3_7_1641237345123007000.png
Drone1	1641237333523	-340.726	224.855	46.1428	-0.027725	0.0200335	-0.0111603	0.999353	img_Drone1_3_0_1641237345585051000.png;img_Drone1_3_7_1641237345585616000.png
Drone1	1641237334069	-345.059	227.718	46.8524	-0.0277276	0.0201003	-0.0110664	0.999352	img_Drone1_3_0_1641237346156456000.png;img_Drone1_3_7_1641237346156993000.png
Drone1	1641237334435	-347.966	229.637	47.3283	-0.0277266	0.0200751	-0.0111045	0.999352	img_Drone1_3_0_1641237346535323000.png;img_Drone1_3_7_1641237346535770000.png
Drone1	1641237335080	-353.09	233.017	48.1671	-0.0277185	0.0198729	-0.0113996	0.999353	img_Drone1_3_0_1641237347196468000.png;img_Drone1_3_7_1641237347196889000.png
Drone1	1641237335680	-357.851	236.163	48.947	-0.0277227	0.0199767	-0.0112529	0.999353	img_Drone1_3_0_1641237347798454000.png;img_Drone1_3_7_1641237347799104000.png
Drone1	1641237336139	-361.493	238.57	49.5435	-0.0277261	0.0200625	-0.0111302	0.999352	img_Drone1_3_0_1641237348259725000.png;img_Drone1_3_7_1641237348260150000.png
Drone1	1641237336676	-365.778	241.402	50.2453	-0.0277282	0.0201169	-0.0110544	0.999352	img_Drone1_3_0_1641237348826577000.png;img_Drone1_3_7_1641237348826973000.png
Drone1	1641237337063	-368.828	243.414	50.7447	-0.0277255	0.0200516	-0.0111511	0.999352	img_Drone1_3_0_1641237349238817000.png;img_Drone1_3_7_1641237349239619000.png
Drone1	1641237337849	-375.071	247.533	51.7667	-0.0277189	0.0198848	-0.0113955	0.999353	img_Drone1_3_0_1641237350048433000.png;img_Drone1_3_7_1641237350048825000.png
Drone1	1641237338368	-379.189	250.255	52.4412	-0.0277239	0.0200127	-0.0112132	0.999352	img_Drone1_3_0_1641237350571345000.png;img_Drone1_3_7_1641237350571684000.png
Drone1	1641237338866	-383.14	252.866	53.0883	-0.0277295	0.0201585	-0.0110167	0.999351	img_Drone1_3_0_1641237351090251000.png;img_Drone1_3_7_1641237351091206000.png
Drone1	1641237339346	-386.963	255.386	53.3789	-0.027983	0.00582598	0.00752497	0.999563	img_Drone1_3_0_1641237351594872000.png;img_Drone1_3_7_1641237351598019000.png
Drone1	1641237339721	-389.657	257.078	53.0492	-0.027629	-0.265708	0.232162	0.935274	img_Drone1_3_0_1641237351993002000.png;img_Drone1_3_7_1641237351993236000.png
Drone1	1641237340177	-391.324	257.832	52.0086	-0.030432	-0.298571	0.237573	0.923844	img_Drone1_3_0_1641237352452371000.png;img_Drone1_3_7_1641237352452678000.png
Drone1	1641237340606	-391.16	257.244	50.7099	-0.0230739	-0.274857	0.240574	0.930616	img_Drone1_3_0_1641237352888955000.png;img_Drone1_3_7_1641237352889230000.png
Drone1	1641237341287	-388.723	254.432	49.1943	0.0163348	-0.127578	0.233935	0.963707	img_Drone1_3_0_1641237353585328000.png;img_Drone1_3_7_1641237353585566000.png
Drone1	1641237341680	-386.95	252.221	49.2482	0.0296814	-0.0440853	0.171799	0.983697	img_Drone1_3_0_1641237353982169000.png;img_Drone1_3_7_1641237353982398000.png
Drone1	1641237342415	-383.504	247	49.6871	0.0392201	0.0224739	0.0871809	0.995166	img_Drone1_3_0_1641237354718892000.png;img_Drone1_3_7_1641237354719135000.png
Drone1	1641237342853	-381.598	243.421	49.5823	0.0406201	0.0299889	0.0622786	0.996781	img_Drone1_3_0_1641237355192079000.png;img_Drone1_3_7_1641237355192369000.png
Drone1	1641237343273	-379.904	239.85	49.4828	0.0409137	0.0260663	0.0471477	0.997709	img_Drone1_3_0_1641237355644070000.png;img_Drone1_3_7_1641237355644439000.png
Drone1	1641237344197	-376.548	231.723	48.2865	0.0402584	-0.0061233	0.0215535	0.998938	img_Drone1_3_0_1641237356585532000.png;img_Drone1_3_7_1641237356598168000.png
Drone1	1641237344786	-374.445	226.554	47.3477	0.0399486	-0.0184207	0.0161633	0.998901	img_Drone1_3_0_1641237357199906000.png;img_Drone1_3_7_1641237357200437000.png
Drone1	1641237345413	-372.105	221.104	46.2919	0.0399623	-0.018361	0.0169273	0.998889	img_Drone1_3_0_1641237357835616000.png;img_Drone1_3_7_1641237357836137000.png
Drone1	1641237345776	-370.703	217.975	45.6706	0.0400763	-0.0142168	0.0193049	0.998909	img_Drone1_3_0_1641237358220836000.png;img_Drone1_3_7_1641237358221350000.png
Drone1	1641237346412	-368.202	212.519	44.5739	0.0403	-0.0058119	0.0238427	0.998886	img_Drone1_3_0_1641237358862378000.png;img_Drone1_3_7_1641237358862939000.png
Drone1	1641237346667	-367.195	210.334	44.1321	0.0403653	-0.00331952	0.02516	0.998863	img_Drone1_3_0_1641237359178298000.png;img_Drone1_3_7_1641237359178870000.png
Drone1	1641237347384	-364.391	204.182	42.8868	0.0404313	-0.000785282	0.0265622	0.998829	img_Drone1_3_0_1641237360011610000.png;img_Drone1_3_7_1641237360012173000.png
Drone1	1641237347894	-362.426	199.794	42.0008	0.0403936	-0.00220393	0.0259696	0.998844	img_Drone1_3_0_1641237360535000000.png;img_Drone1_3_7_1641237360535558000.png
Drone1	1641237348386	-360.547	195.554	41.1462	0.0403335	-0.0044561	0.0249641	0.998864	img_Drone1_3_0_1641237361074670000.png;img_Drone1_3_7_1641237361075215000.png
Drone1	1641237348809	-358.938	191.907	40.4115	0.0402878	-0.00615965	0.0241975	0.998876	img_Drone1_3_0_1641237361514165000.png;img_Drone1_3_7_1641237361514910000.png
Drone1	1641237349292	-357.098	187.745	39.5725	0.0402591	-0.00723021	0.023713	0.998882	img_Drone1_3_0_1641237362007241000.png;img_Drone1_3_7_1641237362008098000.png
Drone1	1641237349727	-355.436	183.998	38.817	0.0402563	-0.00733471	0.023667	0.998882	img_Drone1_3_0_1641237362441850000.png;img_Drone1_3_7_1641237362445575000.png
Drone1	1641237350522	-352.382	177.158	37.4351	0.0402834	-0.0063315	0.0241443	0.998877	img_Drone1_3_0_1641237363348262000.png;img_Drone1_3_7_1641237363348837000.png
Drone1	1641237350861	-351.077	174.242	36.8458	0.0402955	-0.00588589	0.0243536	0.998874	img_Drone1_3_0_1641237363691648000.png;img_Drone1_3_7_1641237363692201000.png
Drone1	1641237351542	-348.456	168.385	35.6621	0.0403126	-0.00525628	0.0246422	0.998869	img_Drone1_3_0_1641237364424898000.png;img_Drone1_3_7_1641237364425476000.png
Drone1	1641237351971	-346.806	164.694	34.9164	0.040313	-0.00523781	0.0246479	0.998869	img_Drone1_3_0_1641237364856854000.png;img_Drone1_3_7_1641237364857497000.png
Drone1	1641237352361	-345.309	161.337	34.2383	0.0403105	-0.00533577	0.0246012	0.99887	img_Drone1_3_0_1641237365282258000.png;img_Drone1_3_7_1641237365282854000.png
Drone1	1641237353057	-342.64	155.348	33.0285	0.0402999	-0.00574192	0.0244125	0.998873	img_Drone1_3_0_1641237366024028000.png;img_Drone1_3_7_1641237366024658000.png
Drone1	1641237353627	-340.454	150.442	32.0377	0.0402957	-0.00589871	0.0243394	0.998874	img_Drone1_3_0_1641237366631106000.png;img_Drone1_3_7_1641237366631892000.png
Drone1	1641237354287	-337.923	144.762	30.8904	0.0402938	-0.0059761	0.0243008	0.998874	img_Drone1_3_0_1641237367304459000.png;img_Drone1_3_7_1641237367305101000.png
Drone1	1641237354623	-336.633	141.871	30.3064	0.040294	-0.00597338	0.0243006	0.998875	img_Drone1_3_0_1641237367638871000.png;img_Drone1_3_7_1641237367639506000.png
Drone1	1641237355085	-334.856	137.895	29.5033	0.0403004	-0.00572511	0.0244106	0.998873	img_Drone1_3_0_1641237368105361000.png;img_Drone1_3_7_1641237368105937000.png
Drone1	1641237355640	-332.722	133.118	28.5382	0.0403061	-0.00551607	0.0245074	0.998872	img_Drone1_3_0_1641237368686159000.png;img_Drone1_3_7_1641237368686787000.png
Drone1	1641237356114	-330.904	129.039	27.7141	0.0403022	-0.0056622	0.0244398	0.998873	img_Drone1_3_0_1641237369187372000.png;img_Drone1_3_7_1641237369188470000.png
Drone1	1641237356813	-328.224	123.024	26.4991	0.040296	-0.00588837	0.0243304	0.998874	img_Drone1_3_0_1641237369951015000.png;img_Drone1_3_7_1641237369962378000.png
Drone1	1641237357305	-326.336	118.789	25.6439	0.0402948	-0.00593935	0.0243043	0.998875	img_Drone1_3_0_1641237370477488000.png;img_Drone1_3_7_1641237370481899000.png
Drone1	1641237357791	-324.467	114.607	24.799	0.0403011	-0.00569774	0.0244116	0.998873	img_Drone1_3_0_1641237370961306000.png;img_Drone1_3_7_1641237370975774000.png
Drone1	1641237358151	-323.083	111.509	24.173	0.040305	-0.00555546	0.0244778	0.998872	img_Drone1_3_0_1641237371351248000.png;img_Drone1_3_7_1641237371351843000.png
Drone1	1641237358865	-320.344	105.364	22.9317	0.0403003	-0.00573397	0.0243948	0.998873	img_Drone1_3_0_1641237372073664000.png;img_Drone1_3_7_1641237372074329000.png
Drone1	1641237359546	-317.732	99.5035	21.748	0.0402954	-0.0059133	0.0243074	0.998875	img_Drone1_3_0_1641237372757007000.png;img_Drone1_3_7_1641237372758125000.png
Drone1	1641237360311	-314.792	92.92	20.4182	0.040301	-0.00570399	0.0243986	0.998873	img_Drone1_3_0_1641237373649816000.png;img_Drone1_3_7_1641237373650687000.png
Drone1	1641237360764	-313.051	89.0215	19.6305	0.0403057	-0.00552867	0.0244808	0.998872	img_Drone1_3_0_1641237374124278000.png;img_Drone1_3_7_1641237374124881000.png
Drone1	1641237361208	-311.348	85.2004	18.8586	0.0403022	-0.00565485	0.0244225	0.998873	img_Drone1_3_0_1641237374576728000.png;img_Drone1_3_7_1641237374577328000.png
Drone1	1641237362033	-308.184	78.1005	17.4245	0.0402955	-0.00590451	0.0243016	0.998875	img_Drone1_3_0_1641237375426639000.png;img_Drone1_3_7_1641237375432160000.png
Drone1	1641237362513	-306.341	73.9697	16.5902	0.0402965	-0.00586995	0.0243147	0.998875	img_Drone1_3_0_1641237375979957000.png;img_Drone1_3_7_1641237375980584000.png
Drone1	1641237362933	-304.726	70.3552	15.86	0.0403022	-0.00565373	0.0244115	0.998873	img_Drone1_3_0_1641237376404766000.png;img_Drone1_3_7_1641237376405398000.png
Drone1	1641237363560	-302.318	64.9592	14.7698	0.0403042	-0.00557966	0.0244465	0.998873	img_Drone1_3_0_1641237377044343000.png;img_Drone1_3_7_1641237377044948000.png
Drone1	1641237363968	-300.753	61.4476	14.0605	0.0402994	-0.00575826	0.0243624	0.998874	img_Drone1_3_0_1641237377516270000.png;img_Drone1_3_7_1641237377521028000.png
Drone1	1641237364586	-298.383	56.1287	12.9863	0.0402948	-0.00592701	0.0242785	0.998875	img_Drone1_3_0_1641237378240259000.png;img_Drone1_3_7_1641237378240781000.png
Drone1	1641237364877	-297.265	53.6244	12.4805	0.0402952	-0.00591304	0.0242837	0.998875	img_Drone1_3_0_1641237378538395000.png;img_Drone1_3_7_1641237378538980000.png
Drone1	1641237365504	-294.854	48.2284	11.3903	0.0403034	-0.00560451	0.0244246	0.998873	img_Drone1_3_0_1641237379190757000.png;img_Drone1_3_7_1641237379191283000.png
Drone1	1641237365879	-293.414	45.0012	10.7383	0.0403056	-0.00552248	0.0244633	0.998873	img_Drone1_3_0_1641237379575203000.png;img_Drone1_3_7_1641237379575696000.png
Drone1	1641237366443	-291.251	40.1468	9.75773	0.0402993	-0.00576168	0.0243514	0.998874	img_Drone1_3_0_1641237380149150000.png;img_Drone1_3_7_1641237380149674000.png
Drone1	1641237367001	-289.111	35.3441	8.7878	0.0402949	-0.00592108	0.0242718	0.998875	img_Drone1_3_0_1641237380716833000.png;img_Drone1_3_7_1641237380717468000.png
Drone1	1641237367880	-285.732	27.7795	7.25964	0.0403024	-0.0056388	0.0243988	0.998874	img_Drone1_3_0_1641237381603807000.png;img_Drone1_3_7_1641237381604375000.png
Drone1	1641237368348	-283.934	23.7518	6.44585	0.0403057	-0.00551759	0.0244555	0.998873	img_Drone1_3_0_1641237382091975000.png;img_Drone1_3_7_1641237382092556000.png
Drone1	1641237368666	-282.715	21.0148	5.89297	0.0403025	-0.00563893	0.0244039	0.998874	img_Drone1_3_0_1641237382434859000.png;img_Drone1_3_7_1641237382435404000.png
Drone1	1641237369383	-279.985	14.8694	5.08841	0.0584668	0.0273323	-0.137811	0.988354	img_Drone1_3_0_1641237383180923000.png;img_Drone1_3_7_1641237383181482000.png
Drone1	1641237370064	-277.474	10.9939	3.81318	0.0476915	0.0438009	-0.282054	0.957211	img_Drone1_3_0_1641237383876243000.png;img_Drone1_3_7_1641237383885090000.png
Drone1	1641237370520	-275.952	10.5241	2.16994	0.0424551	0.0614229	-0.282789	0.956272	img_Drone1_3_0_1641237384369403000.png;img_Drone1_3_7_1641237384370138000.png
Drone1	1641237371159	-274.074	11.2924	1.13441	0.0458228	0.0500215	-0.282417	0.95689	img_Drone1_3_0_1641237385011562000.png;img_Drone1_3_7_1641237385012291000.png
Drone1	1641237371768	-272.479	13.5228	1.55011	0.0581045	0.00856012	-0.275766	0.959429	img_Drone1_3_0_1641237385624377000.png;img_Drone1_3_7_1641237385625238000.png
Drone1	1641237372134	-271.526	15.5343	2.4009	0.0639483	-0.00914812	-0.198092	0.978052	img_Drone1_3_0_1641237386004752000.png;img_Drone1_3_7_1641237386005502000.png
Drone1	1641237372785	-269.722	19.9329	4.58591	0.0709602	-0.0340999	-0.0880813	0.992997	img_Drone1_3_0_1641237386661703000.png;img_Drone1_3_7_1641237386662378000.png
Drone1	1641237373355	-267.892	24.2619	6.48007	0.0751319	-0.0614244	-0.0395928	0.994492	img_Drone1_3_0_1641237387288514000.png;img_Drone1_3_7_1641237387289122000.png
Drone1	1641237373970	-265.446	29.0263	8.1866	0.0790168	-0.096115	0.00152093	0.992228	img_Drone1_3_0_1641237387936771000.png;img_Drone1_3_7_1641237387937449000.png
Drone1	1641237374621	-262.071	33.7966	9.5562	0.0824285	-0.107037	0.0350702	0.990211	img_Drone1_3_0_1641237388709287000.png;img_Drone1_3_7_1641237388709906000.png
Drone1	1641237375140	-258.81	37.2368	10.5413	0.0828584	-0.0778767	0.0259679	0.993174	img_Drone1_3_0_1641237389256271000.png;img_Drone1_3_7_1641237389256851000.png
Drone1	1641237375722	-254.778	40.799	11.6773	0.0819098	-0.0378669	-0.00416313	0.995911	img_Drone1_3_0_1641237389962465000.png;img_Drone1_3_7_1641237389965659000.png
Drone1	1641237376286	-250.716	44.1517	12.7391	0.080896	-0.00750658	-0.0301304	0.996239	img_Drone1_3_0_1641237390626479000.png;img_Drone1_3_7_1641237390627159000.png
Drone1	1641237376859	-246.616	47.6367	13.7604	0.080302	0.00892854	-0.0420049	0.995845	img_Drone1_3_0_1641237391226047000.png;img_Drone1_3_7_1641237391226536000.png
Drone1	1641237377219	-244.101	49.9046	14.3925	0.080271	0.00959203	-0.040899	0.995887	img_Drone1_3_0_1641237391595267000.png;img_Drone1_3_7_1641237391595771000.png
Drone1	1641237377684	-240.926	52.9174	15.2142	0.0805095	0.00273838	-0.0339107	0.996173	img_Drone1_3_0_1641237392077158000.png;img_Drone1_3_7_1641237392077671000.png
Drone1	1641237378512	-235.389	58.4104	16.6838	0.0810659	-0.0138482	-0.019495	0.996422	img_Drone1_3_0_1641237392909839000.png;img_Drone1_3_7_1641237392912190000.png
Drone1	1641237378872	-232.987	60.8059	17.3193	0.0812128	-0.0183614	-0.0154995	0.996407	img_Drone1_3_0_1641237393279847000.png;img_Drone1_3_7_1641237393280364000.png
Drone1	1641237379415	-229.333	64.3925	18.2745	0.0812843	-0.0204062	-0.0134194	0.996392	img_Drone1_3_0_1641237393899045000.png;img_Drone1_3_7_1641237393907104000.png
Drone1	1641237379916	-225.926	67.6661	19.1552	0.081226	-0.0183172	-0.0150166	0.996414	img_Drone1_3_0_1641237394475166000.png;img_Drone1_3_7_1641237394475701000.png
Drone1	1641237380468	-222.143	71.2446	20.1256	0.0811075	-0.014368	-0.0183653	0.996433	img_Drone1_3_0_1641237395059216000.png;img_Drone1_3_7_1641237395059747000.png
Drone1	1641237381005	-218.453	74.717	21.0692	0.0810122	-0.0112557	-0.0210379	0.996427	img_Drone1_3_0_1641237395605077000.png;img_Drone1_3_7_1641237395605607000.png
Drone1	1641237381608	-214.318	78.6255	22.1284	0.0809728	-0.00997182	-0.0221192	0.996421	img_Drone1_3_0_1641237396220610000.png;img_Drone1_3_7_1641237396221187000.png
Drone1	1641237382064	-211.202	81.5923	22.9297	0.0809861	-0.0103879	-0.0217515	0.996424	img_Drone1_3_0_1641237396716208000.png;img_Drone1_3_7_1641237396716739000.png
Drone1	1641237382784	-206.296	86.2916	24.195	0.0810368	-0.0120189	-0.0203545	0.996431	img_Drone1_3_0_1641237397479776000.png;img_Drone1_3_7_1641237397480630000.png
Drone1	1641237383165	-203.703	88.7807	24.8645	0.0810603	-0.0127834	-0.0196998	0.996432	img_Drone1_3_0_1641237397896644000.png;img_Drone1_3_7_1641237397897213000.png
Drone1	1641237383618	-200.618	91.7395	25.6606	0.0810763	-0.0132967	-0.019257	0.996433	img_Drone1_3_0_1641237398385572000.png;img_Drone1_3_7_1641237398386268000.png
Drone1	1641237384137	-197.081	95.1256	26.5726	0.0810778	-0.0133417	-0.0192147	0.996433	img_Drone1_3_0_1641237398970545000.png;img_Drone1_3_7_1641237398971135000.png
Drone1	1641237384866	-192.106	99.8757	27.8533	0.0810626	-0.0128465	-0.0196376	0.996433	img_Drone1_3_0_1641237399703607000.png;img_Drone1_3_7_1641237399704273000.png
Drone1	1641237385697	-186.432	105.287	29.3133	0.0810473	-0.0123186	-0.020095	0.996432	img_Drone1_3_0_1641237400569947000.png;img_Drone1_3_7_1641237400570607000.png
Drone1	1641237386360	-181.907	109.606	30.4782	0.0810456	-0.0122683	-0.0201423	0.996431	img_Drone1_3_0_1641237401240372000.png;img_Drone1_3_7_1641237401241097000.png
Drone1	1641237386867	-178.447	112.91	31.369	0.0810481	-0.0123485	-0.0200772	0.996431	img_Drone1_3_0_1641237401798411000.png;img_Drone1_3_7_1641237401799094000.png
Drone1	1641237387371	-175.01	116.195	32.2545	0.0810528	-0.012501	-0.0199489	0.996432	img_Drone1_3_0_1641237402317899000.png;img_Drone1_3_7_1641237402318866000.png
Drone1	1641237387959	-170.999	120.028	33.2876	0.0810559	-0.0125977	-0.0198704	0.996432	img_Drone1_3_0_1641237402961585000.png;img_Drone1_3_7_1641237402962608000.png
Drone1	1641237388553	-166.948	123.899	34.3311	0.0810571	-0.0126414	-0.0198344	0.996432	img_Drone1_3_0_1641237403567590000.png;img_Drone1_3_7_1641237403568407000.png
Drone1	1641237389000	-163.899	126.813	35.1165	0.0810571	-0.0126566	-0.0198218	0.996432	img_Drone1_3_0_1641237404018319000.png;img_Drone1_3_7_1641237404019610000.png
Drone1	1641237389591	-159.865	130.663	36.1548	0.0810532	-0.0125226	-0.0199398	0.996432	img_Drone1_3_0_1641237404612028000.png;img_Drone1_3_7_1641237404612806000.png
Drone1	1641237390218	-155.586	134.749	37.2565	0.0810501	-0.0124289	-0.0200248	0.996431	img_Drone1_3_0_1641237405244145000.png;img_Drone1_3_7_1641237405244938000.png
Drone1	1641237390704	-152.271	137.915	38.1101	0.0810512	-0.0124794	-0.0199837	0.996431	img_Drone1_3_0_1641237405729572000.png;img_Drone1_3_7_1641237405733767000.png
Drone1	1641237391277	-148.363	141.649	39.1166	0.0810526	-0.0125252	-0.0199471	0.996432	img_Drone1_3_0_1641237406343584000.png;img_Drone1_3_7_1641237406344419000.png
Drone1	1641237391779	-144.946	144.913	39.9966	0.0810526	-0.0125444	-0.0199329	0.996432	img_Drone1_3_0_1641237406863898000.png;img_Drone1_3_7_1641237406865438000.png
Drone1	1641237392301	-141.385	148.314	40.9134	0.0810526	-0.0125544	-0.0199265	0.996432	img_Drone1_3_0_1641237407425061000.png;img_Drone1_3_7_1641237407425910000.png
Drone1	1641237393162	-135.513	153.924	42.4258	0.0810526	-0.0125625	-0.0199231	0.996432	img_Drone1_3_0_1641237408308444000.png;img_Drone1_3_7_1641237408309322000.png
Drone1	1641237393702	-131.829	157.442	43.3743	0.0810526	-0.0125647	-0.0199235	0.996432	img_Drone1_3_0_1641237408856326000.png;img_Drone1_3_7_1641237408857657000.png
Drone1	1641237394236	-128.187	160.921	44.3122	0.0810526	-0.0125666	-0.0199242	0.996431	img_Drone1_3_0_1641237409435360000.png;img_Drone1_3_7_1641237409436181000.png
Drone1	1641237394761	-124.605	164.342	45.2345	0.0810516	-0.0125319	-0.019957	0.996431	img_Drone1_3_0_1641237409998610000.png;img_Drone1_3_7_1641237409999384000.png
Drone1	1641237395310	-120.859	167.919	46.199	0.0810507	-0.0124946	-0.0199927	0.996431	img_Drone1_3_0_1641237410590600000.png;img_Drone1_3_7_1641237410591398000.png
Drone1	1641237396072	-115.662	172.884	47.5374	0.0810519	-0.0125312	-0.0199653	0.996431	img_Drone1_3_0_1641237411398571000.png;img_Drone1_3_7_1641237411399315000.png
Drone1	1641237396519	-112.613	175.796	48.3225	0.0810519	-0.0125503	-0.0199513	0.996431	img_Drone1_3_0_1641237411902966000.png;img_Drone1_3_7_1641237411903717000.png
Drone1	1641237397155	-108.275	179.94	49.4397	0.0810519	-0.0125639	-0.0199424	0.996431	img_Drone1_3_0_1641237412543100000.png;img_Drone1_3_7_1641237412543797000.png
Drone1	1641237397554	-105.554	182.54	50.1405	0.0810519	-0.012569	-0.0199407	0.996431	img_Drone1_3_0_1641237412976086000.png;img_Drone1_3_7_1641237412976844000.png
Drone1	1641237398190	-101.216	186.684	51.2576	0.0810519	-0.0125722	-0.0199391	0.996431	img_Drone1_3_0_1641237413667570000.png;img_Drone1_3_7_1641237413668404000.png
Drone1	1641237398574	-98.5965	189.186	51.9321	0.0810519	-0.012574	-0.0199394	0.996431	img_Drone1_3_0_1641237414098750000.png;img_Drone1_3_7_1641237414099806000.png
Drone1	1641237399120	-94.8724	192.743	52.8911	0.0810519	-0.0125761	-0.0199403	0.996431	img_Drone1_3_0_1641237414660533000.png;img_Drone1_3_7_1641237414661354000.png
Drone1	1641237399570	-91.802	195.675	53.6816	0.0810512	-0.0125488	-0.0199662	0.996431	img_Drone1_3_0_1641237415183046000.png;img_Drone1_3_7_1641237415183871000.png
Drone1	1641237400299	-86.8294	200.425	54.9621	0.0810507	-0.0125445	-0.0199735	0.996431	img_Drone1_3_0_1641237415968938000.png;img_Drone1_3_7_1641237415969766000.png
Drone1	1641237401100	-81.366	205.644	56.369	0.0810508	-0.0125699	-0.0199554	0.996431	img_Drone1_3_0_1641237416791922000.png;img_Drone1_3_7_1641237416792779000.png
Drone1	1641237401817	-76.4551	210.335	57.6337	0.0810508	-0.0125797	-0.019951	0.996431	img_Drone1_3_0_1641237417559325000.png;img_Drone1_3_7_1641237417560053000.png
Drone1	1641237402249	-73.5291	213.13	58.3873	0.0810508	-0.0125821	-0.0199497	0.996431	img_Drone1_3_0_1641237418050760000.png;img_Drone1_3_7_1641237418051479000.png
Drone1	1641237402981	-68.535	217.899	59.6731	0.0810496	-0.0125369	-0.0199927	0.996431	img_Drone1_3_0_1641237418829026000.png;img_Drone1_3_7_1641237418829821000.png
Drone1	1641237403632	-64.0947	222.141	60.8166	0.0810496	-0.0125613	-0.0199751	0.996431	img_Drone1_3_0_1641237419514292000.png;img_Drone1_3_7_1641237419515026000.png
Drone1	1641237404139	-60.636	225.444	61.7073	0.0810496	-0.0125574	-0.0199816	0.996431	img_Drone1_3_0_1641237420098968000.png;img_Drone1_3_7_1641237420099691000.png
Drone1	1641237404862	-55.7037	230.155	62.9773	0.0810496	-0.012543	-0.0199973	0.996431	img_Drone1_3_0_1641237420856747000.png;img_Drone1_3_7_1641237420857507000.png
Drone1	1641237405525	-51.1816	234.475	64.1419	0.0810496	-0.0125645	-0.0199829	0.996431	img_Drone1_3_0_1641237421542685000.png;img_Drone1_3_7_1641237421543460000.png
Drone1	1641237406248	-46.2503	239.186	65.4121	0.0810496	-0.0125843	-0.019973	0.996431	img_Drone1_3_0_1641237422282110000.png;img_Drone1_3_7_1641237422282846000.png
Drone1	1641237406584	-43.9585	241.375	66.0022	0.0810496	-0.0125876	-0.0199705	0.996431	img_Drone1_3_0_1641237422624159000.png;img_Drone1_3_7_1641237422626031000.png
Drone1	1641237407271	-39.272	245.851	67.2091	0.0810496	-0.0125726	-0.0199852	0.99643	img_Drone1_3_0_1641237423376513000.png;img_Drone1_3_7_1641237423377283000.png
Drone1	1641237407616	-36.9185	248.099	67.8151	0.0810496	-0.0125603	-0.019997	0.99643	img_Drone1_3_0_1641237423736644000.png;img_Drone1_3_7_1641237423739643000.png
Drone1	1641237408270	-32.4576	252.36	68.9637	0.0810496	-0.0125697	-0.0199917	0.99643	img_Drone1_3_0_1641237424406310000.png;img_Drone1_3_7_1641237424407013000.png
Drone1	1641237408720	-29.3881	255.292	69.7543	0.0810496	-0.0125757	-0.0199881	0.99643	img_Drone1_3_0_1641237424891624000.png;img_Drone1_3_7_1641237424892313000.png
Drone1	1641237409260	-25.7045	258.813	70.7031	0.0810518	-0.0126384	-0.0199355	0.99643	img_Drone1_3_0_1641237425527760000.png;img_Drone1_3_7_1641237425528424000.png
Drone1	1641237409617	-23.2692	261.14	71.3304	0.0810542	-0.0127006	-0.0198833	0.99643	img_Drone1_3_0_1641237425887645000.png;img_Drone1_3_7_1641237425888297000.png
Drone1	1641237410382	-18.0294	266.143	72.6794	0.0810505	-0.012588	-0.0199846	0.99643	img_Drone1_3_0_1641237426669820000.png;img_Drone1_3_7_1641237426670466000.png
Drone1	1641237411162	-12.7281	271.204	74.0442	0.0810459	-0.0124391	-0.0201175	0.99643	img_Drone1_3_0_1641237427472012000.png;img_Drone1_3_7_1641237427472616000.png
Drone1	1641237411570	-9.94498	273.865	74.7612	0.08105	-0.0125718	-0.0200048	0.99643	img_Drone1_3_0_1641237427878015000.png;img_Drone1_3_7_1641237427878513000.png
Drone1	1641237412098	-6.34329	277.308	75.689	0.081054	-0.0126953	-0.0198997	0.99643	img_Drone1_3_0_1641237428415582000.png;img_Drone1_3_7_1641237428416018000.png
Drone1	1641237412548	-3.2733	280.24	76.4796	0.0810545	-0.0127158	-0.0198844	0.99643	img_Drone1_3_0_1641237428948226000.png;img_Drone1_3_7_1641237428948628000.png
Drone1	1641237413022	-0.0391786	283.326	77.312	0.0810492	-0.01254	-0.020039	0.99643	img_Drone1_3_0_1641237429495537000.png;img_Drone1_3_7_1641237429495936000.png
Drone1	1641237413391	2.47842	285.728	77.9599	0.081046	-0.0124369	-0.0201307	0.99643	img_Drone1_3_0_1641237429918539000.png;img_Drone1_3_7_1641237429918885000.png
Drone1	1641237413934	6.18267	289.27	78.8904	0.0809764	-0.00950699	-0.0208828	0.996452	img_Drone1_3_0_1641237430471813000.png;img_Drone1_3_7_1641237430472656000.png
Drone1	1641237414621	10.2231	293.294	78.4722	0.0517209	0.210427	0.226398	0.949626	img_Drone1_3_0_1641237431182774000.png;img_Drone1_3_7_1641237431183097000.png
Drone1	1641237415002	11.1565	294.332	77.3649	0.0487691	0.164523	0.186389	0.967374	img_Drone1_3_0_1641237431572020000.png;img_Drone1_3_7_1641237431572608000.png
Drone1	1641237415524	11.2854	294.571	75.1201	0.0469491	0.0885869	0.111628	0.98868	img_Drone1_3_0_1641237432117535000.png;img_Drone1_3_7_1641237432117902000.png
Drone1	1641237416037	10.9204	294.253	73.1734	0.0462883	0.0388364	0.0548768	0.996663	img_Drone1_3_0_1641237432644640000.png;img_Drone1_3_7_1641237432644961000.png
Drone1	1641237416502	10.4027	293.73	71.5382	0.0460952	0.0157436	0.0252255	0.998494	img_Drone1_3_0_1641237433121940000.png;img_Drone1_3_7_1641237433122262000.png
Drone1	1641237417099	9.63898	292.914	69.4461	0.0459924	0.000150431	0.00415544	0.998933	img_Drone1_3_0_1641237433746201000.png;img_Drone1_3_7_1641237433746518000.png
Drone1	1641237417552	9.05342	292.27	67.8157	0.0459436	-0.00796747	-0.00676301	0.998889	img_Drone1_3_0_1641237434228868000.png;img_Drone1_3_7_1641237434229187000.png
Drone1	1641237417921	8.60178	291.766	66.441	0.0459027	-0.0147198	-0.0156338	0.998715	img_Drone1_3_0_1641237434602304000.png;img_Drone1_3_7_1641237434602844000.png
Drone1	1641237418596	7.90803	290.977	63.7853	0.045783	-0.0313387	-0.037113	0.99777	img_Drone1_3_0_1641237435286219000.png;img_Drone1_3_7_1641237435286562000.png
Drone1	1641237419031	7.61323	290.633	61.9942	0.0456657	-0.0412181	-0.0504791	0.996829	img_Drone1_3_0_1641237435727781000.png;img_Drone1_3_7_1641237435728216000.png
Drone1	1641237419583	7.46323	290.448	59.7367	0.0456201	-0.0328576	-0.041724	0.997546	img_Drone1_3_0_1641237436294274000.png;img_Drone1_3_7_1641237436294684000.png
Drone1	1641237420267	7.54471	290.528	57.0124	0.0456016	-0.0110905	-0.0151957	0.998783	img_Drone1_3_0_1641237436987484000.png;img_Drone1_3_7_1641237436987912000.png
Drone1	1641237420519	7.61325	290.605	56.0138	0.045586	-0.00384352	-0.0060539	0.998935	img_Drone1_3_0_1641237437247690000.png;img_Drone1_3_7_1641237437248077000.png
Drone1	1641237421107	7.77963	290.795	53.6715	0.0455442	0.00903076	0.010598	0.998865	img_Drone1_3_0_1641237437853830000.png;img_Drone1_3_7_1641237437854210000.png
Drone1	1641237421782	7.89457	290.932	50.9681	0.0455179	0.0130049	0.0163855	0.998744	img_Drone1_3_0_1641237438538359000.png;img_Drone1_3_7_1641237438538736000.png
Drone1	1641237422049	7.90679	290.949	49.9002	0.0455164	0.0111574	0.0142987	0.998799	img_Drone1_3_0_1641237438807356000.png;img_Drone1_3_7_1641237438807715000.png
Drone1	1641237422778	7.86907	290.91	46.9909	0.0455136	0.00274216	0.00392133	0.998952	img_Drone1_3_0_1641237439546898000.png;img_Drone1_3_7_1641237439547281000.png
Drone1	1641237423222	7.82456	290.86	45.2191	0.0455088	-0.00177033	-0.00181327	0.998961	img_Drone1_3_0_1641237440003421000.png;img_Drone1_3_7_1641237440003852000.png
Drone1	1641237423573	7.79326	290.823	43.8174	0.0455054	-0.00401595	-0.00476924	0.998945	img_Drone1_3_0_1641237440358419000.png;img_Drone1_3_7_1641237440366111000.png
Drone1	1641237424317	7.76208	290.785	40.8458	0.0455023	-0.0041885	-0.0053872	0.998941	img_Drone1_3_0_1641237441137349000.png;img_Drone1_3_7_1641237441137747000.png
Drone1	1641237424563	7.76294	290.785	39.8636	0.0455021	-0.0032663	-0.00430261	0.99895	img_Drone1_3_0_1641237441387991000.png;img_Drone1_3_7_1641237441388438000.png
Drone1	1641237425391	7.788	290.812	36.5576	0.0455011	0.000342726	0.000232199	0.998964	img_Drone1_3_0_1641237442230679000.png;img_Drone1_3_7_1641237442231151000.png
Drone1	1641237425739	7.80009	290.826	35.1682	0.0455005	0.00132689	0.001513	0.998962	img_Drone1_3_0_1641237442575282000.png;img_Drone1_3_7_1641237442586321000.png
Drone1	1641237426435	7.81358	290.842	32.3892	0.0454999	0.00169878	0.00216535	0.998961	img_Drone1_3_0_1641237443310392000.png;img_Drone1_3_7_1641237443310842000.png
Drone1	1641237427011	7.81243	290.842	30.0894	0.0455	0.000889837	0.00121955	0.998963	img_Drone1_3_0_1641237443895876000.png;img_Drone1_3_7_1641237443896568000.png
Drone1	1641237427509	7.80627	290.836	28.1011	0.0454999	4.33948e-05	0.000193607	0.998964	img_Drone1_3_0_1641237444406588000.png;img_Drone1_3_7_1641237444407054000.png
Drone1	1641237428103	7.79868	290.826	25.7294	0.0454998	-0.000581176	-0.000739359	0.998964	img_Drone1_3_0_1641237445037357000.png;img_Drone1_3_7_1641237445038105000.png
Drone1	1641237428631	7.79513	290.822	23.6212	0.0454998	-0.000649771	-0.000849416	0.998964	img_Drone1_3_0_1641237445591016000.png;img_Drone1_3_7_1641237445591547000.png
Drone1	1641237429078	7.79498	290.822	21.8365	0.0454998	-0.000445112	-0.000560982	0.998964	img_Drone1_3_0_1641237446052392000.png;img_Drone1_3_7_1641237446052882000.png
Drone1	1641237429402	7.79608	290.822	20.5428	0.0454998	-0.000229759	-0.000359427	0.998964	img_Drone1_3_0_1641237446381229000.png;img_Drone1_3_7_1641237446381766000.png
Drone1	1641237430212	7.80012	290.829	17.3087	0.0454998	0.000182106	0.000378887	0.998964	img_Drone1_3_0_1641237447216919000.png;img_Drone1_3_7_1641237447217415000.png
Drone1	1641237430452	7.80104	290.829	16.3505	0.0454998	0.000235146	0.000407384	0.998964	img_Drone1_3_0_1641237447456226000.png;img_Drone1_3_7_1641237447456711000.png
Drone1	1641237431403	7.80192	290.829	12.5534	0.0454998	0.000148092	0.000128989	0.998964	img_Drone1_3_0_1641237448426118000.png;img_Drone1_3_7_1641237448426576000.png
Drone1	1641237431748	7.80139	290.829	11.1759	0.0454998	5.87881e-05	7.68905e-05	0.998964	img_Drone1_3_0_1641237448780611000.png;img_Drone1_3_7_1641237448781100000.png
Drone1	1641237432291	7.80033	290.829	9.00788	0.0454998	-5.66307e-05	3.10899e-05	0.998964	img_Drone1_3_0_1641237449334671000.png;img_Drone1_3_7_1641237449335189000.png
Drone1	1641237432801	7.79959	290.829	6.9716	0.0454998	-0.00010135	1.13801e-05	0.998964	img_Drone1_3_0_1641237449858744000.png;img_Drone1_3_7_1641237449859388000.png
Drone1	1641237433236	7.79933	290.829	5.23477	0.0454998	-9.11903e-05	4.336e-06	0.998964	img_Drone1_3_0_1641237450311472000.png;img_Drone1_3_7_1641237450312037000.png
Drone1	1641237433932	7.79956	290.829	2.45584	0.0454998	-2.76952e-05	1.79855e-06	0.998964	img_Drone1_3_0_1641237451009556000.png;img_Drone1_3_7_1641237451010210000.png
Drone1	1641237434319	7.79986	290.829	0.910656	0.0454998	7.62333e-06	2.08948e-06	0.998964	img_Drone1_3_0_1641237451432741000.png;img_Drone1_3_7_1641237451433337000.png
Drone1	1641237434823	7.80019	290.829	-1.10167	0.0454998	3.50466e-05	2.43372e-06	0.998964	img_Drone1_3_0_1641237451970672000.png;img_Drone1_3_7_1641237451971366000.png
Drone1	1641237435540	7.80037	290.829	-3.96445	0.0454998	4.17885e-05	9.93418e-05	0.998964	img_Drone1_3_0_1641237452711645000.png;img_Drone1_3_7_1641237452712227000.png
Drone1	1641237435810	7.80034	290.829	-4.99578	0.0454998	3.4181e-05	3.91089e-05	0.998964	img_Drone1_3_0_1641237452983087000.png;img_Drone1_3_7_1641237452983691000.png
Drone1	1641237436557	8.93205	291.721	-7.06443	0.0411832	-0.298801	-0.234544	0.924127	img_Drone1_3_0_1641237453738157000.png;img_Drone1_3_7_1641237453738741000.png
Drone1	1641237437052	11.7257	293.817	-8.23829	0.0338054	-0.274828	-0.236438	0.931356	img_Drone1_3_0_1641237454258197000.png;img_Drone1_3_7_1641237454258929000.png
Drone1	1641237437502	15.1085	296.439	-8.49464	-0.0223658	-0.0874929	-0.270079	0.958594	img_Drone1_3_0_1641237454734108000.png;img_Drone1_3_7_1641237454734822000.png
Drone1	1641237438111	19.8853	301.452	-8.1914	-0.0719214	0.0854104	-0.275238	0.95487	img_Drone1_3_0_1641237455347395000.png;img_Drone1_3_7_1641237455348003000.png
Drone1	1641237438508	22.6349	305.532	-7.54057	-0.0774579	0.104027	-0.271821	0.953568	img_Drone1_3_0_1641237455759030000.png;img_Drone1_3_7_1641237455759602000.png
Drone1	1641237439102	26.1168	312.645	-5.74761	-0.0668818	0.0676903	-0.276016	0.956431	img_Drone1_3_0_1641237456379132000.png;img_Drone1_3_7_1641237456383761000.png
Drone1	1641237439549	28.3501	318.782	-3.86411	-0.054508	0.0255043	-0.280352	0.958009	img_Drone1_3_0_1641237456844760000.png;img_Drone1_3_7_1641237456845538000.png
Drone1	1641237440254	31.6026	329.828	-0.198904	-0.0353269	-0.0395788	-0.282936	0.957671	img_Drone1_3_0_1641237457574673000.png;img_Drone1_3_7_1641237457575308000.png
Drone1	1641237440887	34.6916	341.122	3.59264	-0.0206527	-0.088587	-0.28113	0.955349	img_Drone1_3_0_1641237458216328000.png;img_Drone1_3_7_1641237458216958000.png
Drone1	1641237441508	38.2792	353.372	7.58086	-0.0103471	-0.122244	-0.277664	0.952813	img_Drone1_3_0_1641237458840112000.png;img_Drone1_3_7_1641237458840672000.png
Drone1	1641237441910	41.021	361.847	10.26	-0.00688292	-0.133272	-0.275844	0.951894	img_Drone1_3_0_1641237459268276000.png;img_Drone1_3_7_1641237459268833000.png
Drone1	1641237442429	45.0625	373.253	13.9336	-0.00553737	-0.131628	-0.262701	0.955841	img_Drone1_3_0_1641237459801291000.png;img_Drone1_3_7_1641237459802036000.png
Drone1	1641237442870	48.9529	383.303	17.0755	-0.00269253	-0.119116	-0.216993	0.968875	img_Drone1_3_0_1641237460312708000.png;img_Drone1_3_7_1641237460313304000.png
Drone1	1641237443398	54.1519	395.645	20.4426	-0.00564101	-0.0943014	-0.196775	0.975887	img_Drone1_3_0_1641237460873027000.png;img_Drone1_3_7_1641237460873576000.png
Drone1	1641237443923	59.6444	407.931	23.7176	-0.0121619	-0.0630317	-0.199374	0.977819	img_Drone1_3_0_1641237461419249000.png;img_Drone1_3_7_1641237461419711000.png
Drone1	1641237444484	65.6532	421.074	27.1476	-0.0179575	-0.0365854	-0.206011	0.977701	img_Drone1_3_0_1641237461985337000.png;img_Drone1_3_7_1641237461985797000.png
Drone1	1641237444796	68.9924	428.402	29.0299	-0.0197181	-0.0285733	-0.208223	0.977465	img_Drone1_3_0_1641237462308825000.png;img_Drone1_3_7_1641237462309246000.png
Drone1	1641237445435	75.7501	443.453	32.8633	-0.0202616	-0.0260694	-0.208692	0.977424	img_Drone1_3_0_1641237462960916000.png;img_Drone1_3_7_1641237462961565000.png
Drone1	1641237445861	80.1913	453.511	35.4162	-0.0192633	-0.0305663	-0.207109	0.977651	img_Drone1_3_0_1641237463426134000.png;img_Drone1_3_7_1641237463426525000.png
Drone1	1641237446584	87.6657	470.595	39.7461	-0.0172941	-0.0394379	-0.204071	0.978008	img_Drone1_3_0_1641237464174169000.png;img_Drone1_3_7_1641237464175616000.png
Drone1	1641237446986	91.8167	480.094	42.1488	-0.0166394	-0.042393	-0.203103	0.978098	img_Drone1_3_0_1641237464611060000.png;img_Drone1_3_7_1641237464611415000.png
Drone1	1641237447502	97.1597	492.281	45.2266	-0.0164012	-0.0434877	-0.202854	0.978105	img_Drone1_3_0_1641237465155194000.png;img_Drone1_3_7_1641237465155493000.png
Drone1	1641237448129	103.678	507.079	48.9584	-0.0167167	-0.0421042	-0.203527	0.978021	img_Drone1_3_0_1641237465829202000.png;img_Drone1_3_7_1641237465829478000.png
Drone1	1641237448480	107.336	515.361	51.0451	-0.016985	-0.0409149	-0.204034	0.977961	img_Drone1_3_0_1641237466206675000.png;img_Drone1_3_7_1641237466206907000.png
Drone1	1641237448993	112.686	527.468	54.094	-0.0172798	-0.0396076	-0.204591	0.977893	img_Drone1_3_0_1641237466720104000.png;img_Drone1_3_7_1641237466720313000.png
Drone1	1641237449410	117.034	537.309	56.5723	-0.0173998	-0.0390768	-0.204825	0.977863	img_Drone1_3_0_1641237467208633000.png;img_Drone1_3_7_1641237467208834000.png
Drone1	1641237450112	124.346	553.877	60.7457	-0.0174	-0.0390844	-0.204874	0.977853	img_Drone1_3_0_1641237468011584000.png;img_Drone1_3_7_1641237468011784000.png
Drone1	1641237450487	128.248	562.727	62.9754	-0.0173446	-0.0393371	-0.204809	0.977857	img_Drone1_3_0_1641237468435728000.png;img_Drone1_3_7_1641237468435898000.png
Drone1	1641237450910	132.648	572.71	65.4905	-0.0172697	-0.0396784	-0.204721	0.977863	img_Drone1_3_0_1641237468873907000.png;img_Drone1_3_7_1641237468874140000.png
Drone1	1641237451555	139.357	587.932	69.3256	-0.0172042	-0.0399824	-0.204675	0.977862	img_Drone1_3_0_1641237469555013000.png;img_Drone1_3_7_1641237469558458000.png
Drone1	1641237451960	143.569	597.49	71.7337	-0.0171861	-0.0400696	-0.204681	0.977857	img_Drone1_3_0_1641237469962608000.png;img_Drone1_3_7_1641237469962832000.png
Drone1	1641237452758	151.87	616.323	76.4784	-0.0171739	-0.0401354	-0.204727	0.977845	img_Drone1_3_0_1641237470770238000.png;img_Drone1_3_7_1641237470770497000.png
Drone1	1641237453304	157.552	629.209	79.7244	-0.0172035	-0.0400128	-0.204825	0.977829	img_Drone1_3_0_1641237471371266000.png;img_Drone1_3_7_1641237471371614000.png
Drone1	1641237453889	163.613	642.969	83.3204	-0.0309202	0.0203773	-0.232855	0.971806	img_Drone1_3_0_1641237471983727000.png;img_Drone1_3_7_1641237471984104000.png
Drone1	1641237454315	167.565	652.972	85.886	-0.15684	0.244935	0.0820596	0.953244	img_Drone1_3_0_1641237472419456000.png;img_Drone1_3_7_1641237472420030000.png
Drone1	1641237454891	169.74	663.225	85.3582	-0.219487	0.203561	0.300493	0.90559	img_Drone1_3_0_1641237473007048000.png;img_Drone1_3_7_1641237473007192000.png
Drone1	1641237455191	170.013	666.514	84.0206	-0.232324	0.170477	0.304614	0.90784	img_Drone1_3_0_1641237473309743000.png;img_Drone1_3_7_1641237473309907000.png
Drone1	1641237455716	169.951	669.836	81.03	-0.256541	0.101023	0.302882	0.912274	img_Drone1_3_0_1641237473839476000.png;img_Drone1_3_7_1641237473839629000.png
Drone1	1641237456343	169.757	670.523	76.8131	-0.286272	0.00805757	0.291039	0.912841	img_Drone1_3_0_1641237474490537000.png;img_Drone1_3_7_1641237474490718000.png
Drone1	1641237456853	169.909	669.688	74.166	-0.303284	-0.0486863	0.278979	0.909846	img_Drone1_3_0_1641237475006511000.png;img_Drone1_3_7_1641237475006731000.png
Drone1	1641237457327	170.473	668.104	72.5853	-0.310976	-0.0749585	0.271774	0.907642	img_Drone1_3_0_1641237475482202000.png;img_Drone1_3_7_1641237475482393000.png
Drone1	1641237457915	171.862	665.125	71.7454	-0.315919	-0.0728776	0.239465	0.915172	img_Drone1_3_0_1641237476108383000.png;img_Drone1_3_7_1641237476108592000.png
Drone1	1641237458479	173.787	661.451	72.0731	-0.323778	-0.0430948	0.129306	0.936264	img_Drone1_3_0_1641237476718808000.png;img_Drone1_3_7_1641237476719002000.png
Drone1	1641237458728	174.768	659.655	72.3984	-0.325662	-0.0365753	0.0964714	0.93984	img_Drone1_3_0_1641237476998097000.png;img_Drone1_3_7_1641237476998252000.png
Drone1	1641237459514	178.191	653.643	73.5722	-0.327973	-0.0291072	0.0462919	0.943103	img_Drone1_3_0_1641237477844541000.png;img_Drone1_3_7_1641237477844793000.png
Drone1	1641237459922	180.103	650.441	74.1581	-0.328431	-0.0303462	0.0362276	0.943345	img_Drone1_3_0_1641237478287264000.png;img_Drone1_3_7_1641237478287562000.png
Drone1	1641237460378	182.331	646.859	74.7479	-0.328796	-0.0346649	0.0295859	0.943301	img_Drone1_3_0_1641237478773462000.png;img_Drone1_3_7_1641237478773805000.png
Drone1	1641237460870	184.852	643.029	75.2723	-0.329151	-0.0427415	0.0239853	0.943004	img_Drone1_3_0_1641237479301237000.png;img_Drone1_3_7_1641237479301598000.png
Drone1	1641237461701	189.491	636.763	75.7077	-0.329983	-0.0648911	0.00912303	0.94171	img_Drone1_3_0_1641237480156598000.png;img_Drone1_3_7_1641237480157024000.png
Drone1	1641237462190	192.539	633.304	75.5874	-0.330669	-0.0871339	-0.00757124	0.939685	img_Drone1_3_0_1641237480667868000.png;img_Drone1_3_7_1641237480668307000.png
Drone1	1641237462667	195.806	630.22	75.3146	-0.331956	-0.0957277	-0.0267834	0.938043	img_Drone1_3_0_1641237481149469000.png;img_Drone1_3_7_1641237481150273000.png
Drone1	1641237463204	199.9	627.236	74.473	-0.333238	-0.0801916	-0.0309768	0.938915	img_Drone1_3_0_1641237481690090000.png;img_Drone1_3_7_1641237481690577000.png
Drone1	1641237463735	204.219	624.719	73.5087	-0.333523	-0.0483578	-0.0105992	0.941441	img_Drone1_3_0_1641237482279617000.png;img_Drone1_3_7_1641237482280172000.png
Drone1	1641237464236	208.415	622.579	72.5291	-0.33305	-0.0186731	0.0143854	0.942615	img_Drone1_3_0_1641237482795761000.png;img_Drone1_3_7_1641237482796264000.png
Drone1	1641237464896	213.958	619.816	71.1308	-0.332195	0.00701708	0.037175	0.942452	img_Drone1_3_0_1641237483479299000.png;img_Drone1_3_7_1641237483490586000.png
Drone1	1641237465370	217.874	617.739	70.0816	-0.332023	0.0111578	0.0409592	0.942316	img_Drone1_3_0_1641237483985593000.png;img_Drone1_3_7_1641237483986127000.png
Drone1	1641237465817	221.502	615.682	69.0884	-0.332262	0.00569355	0.0369453	0.942446	img_Drone1_3_0_1641237484440445000.png;img_Drone1_3_7_1641237484440836000.png
Drone1	1641237466393	226.108	612.932	67.8133	-0.33273	-0.00623211	0.0279337	0.942588	img_Drone1_3_0_1641237485057143000.png;img_Drone1_3_7_1641237485057698000.png
Drone1	1641237467089	231.638	609.566	66.2698	-0.333099	-0.0172543	0.0194969	0.942532	img_Drone1_3_0_1641237485784299000.png;img_Drone1_3_7_1641237485784753000.png
Drone1	1641237467326	233.525	608.428	65.7426	-0.333152	-0.0190099	0.0181412	0.942507	img_Drone1_3_0_1641237486048271000.png;img_Drone1_3_7_1641237486048632000.png
Drone1	1641237468163	240.23	604.483	63.8775	-0.333111	-0.0176942	0.0193011	0.942524	img_Drone1_3_0_1641237486899483000.png;img_Drone1_3_7_1641237486899802000.png
Drone1	1641237468970	246.741	600.755	62.0772	-0.332931	-0.0122301	0.0238009	0.942571	img_Drone1_3_0_1641237487720186000.png;img_Drone1_3_7_1641237487720547000.png
Drone1	1641237469540	251.342	598.126	60.8045	-0.332854	-0.00998126	0.0256287	0.942577	img_Drone1_3_0_1641237488307641000.png;img_Drone1_3_7_1641237488308175000.png
Drone1	1641237470065	255.572	595.69	59.6322	-0.332849	-0.00984583	0.0257247	0.942578	img_Drone1_3_0_1641237488877989000.png;img_Drone1_3_7_1641237488878631000.png
Drone1	1641237470614	259.962	593.127	58.4067	-0.332889	-0.0109327	0.0248426	0.942575	img_Drone1_3_0_1641237489471144000.png;img_Drone1_3_7_1641237489471852000.png
Drone1	1641237471142	264.226	590.656	57.2284	-0.332932	-0.0121332	0.0238751	0.94257	img_Drone1_3_0_1641237490011631000.png;img_Drone1_3_7_1641237490016311000.png
Drone1	1641237471664	268.416	588.214	56.0641	-0.332957	-0.0128424	0.023311	0.942566	img_Drone1_3_0_1641237490537128000.png;img_Drone1_3_7_1641237490537892000.png
Drone1	1641237472102	271.935	586.164	55.0869	-0.332965	-0.0130665	0.0231155	0.942565	img_Drone1_3_0_1641237491043663000.png;img_Drone1_3_7_1641237491044395000.png
Drone1	1641237472555	275.575	584.047	54.076	-0.332965	-0.0130789	0.0230933	0.942566	img_Drone1_3_0_1641237491515109000.png;img_Drone1_3_7_1641237491515816000.png
Drone1	1641237473365	282.091	580.273	52.2681	-0.332938	-0.0122925	0.0237337	0.94257	img_Drone1_3_0_1641237492341064000.png;img_Drone1_3_7_1641237492341822000.png
Drone1	1641237473860	286.074	577.967	51.163	-0.33293	-0.0120153	0.0239586	0.942571	img_Drone1_3_0_1641237492856575000.png;img_Drone1_3_7_1641237492857288000.png
Drone1	1641237474229	289.044	576.248	50.3392	-0.332926	-0.0119039	0.0240476	0.942571	img_Drone1_3_0_1641237493244703000.png;img_Drone1_3_7_1641237493265883000.png
Drone1	1641237474853	294.06	573.341	48.9464	-0.332926	-0.0119125	0.0240501	0.942571	img_Drone1_3_0_1641237493926041000.png;img_Drone1_3_7_1641237493928003000.png
Drone1	1641237475453	298.882	570.533	47.6075	-0.332946	-0.0124411	0.0235993	0.942568	img_Drone1_3_0_1641237494551472000.png;img_Drone1_3_7_1641237494551956000.png
Drone1	1641237475783	301.534	568.991	46.8711	-0.332956	-0.0126891	0.0233853	0.942567	img_Drone1_3_0_1641237494906928000.png;img_Drone1_3_7_1641237494907777000.png
Drone1	1641237476329	305.923	566.447	45.6526	-0.332948	-0.0124423	0.0236022	0.942568	img_Drone1_3_0_1641237495487981000.png;img_Drone1_3_7_1641237495488525000.png
Drone1	1641237476893	310.461	563.82	44.394	-0.332936	-0.0120694	0.0238921	0.942569	img_Drone1_3_0_1641237496056933000.png;img_Drone1_3_7_1641237496057480000.png
Drone1	1641237477598	316.129	560.535	42.8204	-0.332934	-0.0119788	0.0239792	0.942569	img_Drone1_3_0_1641237496782845000.png;img_Drone1_3_7_1641237496783347000.png
Drone1	1641237477955	318.998	558.865	42.0237	-0.332942	-0.0122055	0.0237878	0.942568	img_Drone1_3_0_1641237497160597000.png;img_Drone1_3_7_1641237497161640000.png
Drone1	1641237478414	322.686	556.719	40.9994	-0.332959	-0.0126276	0.0234218	0.942566	img_Drone1_3_0_1641237497641147000.png;img_Drone1_3_7_1641237497641748000.png
Drone1	1641237479023	327.583	553.881	39.6404	-0.332952	-0.0123949	0.0236244	0.942566	img_Drone1_3_0_1641237498311598000.png;img_Drone1_3_7_1641237498312288000.png
Drone1	1641237479566	331.952	551.351	38.4286	-0.332941	-0.0120484	0.0238926	0.942568	img_Drone1_3_0_1641237498890343000.png;img_Drone1_3_7_1641237498890984000.png
Drone1	1641237480130	336.486	548.724	37.1699	-0.332939	-0.0119631	0.0239697	0.942568	img_Drone1_3_0_1641237499466636000.png;img_Drone1_3_7_1641237499467311000.png
Drone1	1641237480601	340.271	546.521	36.1188	-0.332951	-0.0122883	0.0236963	0.942566	img_Drone1_3_0_1641237499942049000.png;img_Drone1_3_7_1641237499942680000.png
Drone1	1641237481195	345.044	543.747	34.7932	-0.332964	-0.0126126	0.0234195	0.942564	img_Drone1_3_0_1641237500550793000.png;img_Drone1_3_7_1641237500551456000.png
Drone1	1641237481597	348.278	541.874	33.8961	-0.332956	-0.012363	0.0236304	0.942565	img_Drone1_3_0_1641237500989586000.png;img_Drone1_3_7_1641237500990253000.png
Drone1	1641237482344	354.288	538.394	32.2287	-0.332944	-0.0119505	0.0239567	0.942566	img_Drone1_3_0_1641237501748269000.png;img_Drone1_3_7_1641237501748841000.png
Drone1	1641237483058	360.026	535.06	30.6353	-0.332954	-0.0122149	0.0237442	0.942565	img_Drone1_3_0_1641237502472958000.png;img_Drone1_3_7_1641237502473639000.png
Drone1	1641237483496	363.546	533.011	29.6578	-0.33297	-0.0126183	0.0233953	0.942563	img_Drone1_3_0_1641237502925448000.png;img_Drone1_3_7_1641237502926086000.png
Drone1	1641237483970	367.357	530.803	28.6	-0.332965	-0.0124746	0.0235248	0.942563	img_Drone1_3_0_1641237503434371000.png;img_Drone1_3_7_1641237503435010000.png
Drone1	1641237484627	372.643	527.742	27.1336	-0.332952	-0.0120334	0.0238744	0.942565	img_Drone1_3_0_1641237504109588000.png;img_Drone1_3_7_1641237504110186000.png
Drone1	1641237484969	375.394	526.149	26.3702	-0.332949	-0.0119189	0.023967	0.942565	img_Drone1_3_0_1641237504476938000.png;img_Drone1_3_7_1641237504477639000.png
Drone1	1641237485633	380.722	523.051	24.8906	-0.332961	-0.0122717	0.0236775	0.942563	img_Drone1_3_0_1641237505186391000.png;img_Drone1_3_7_1641237505186951000.png
Drone1	1641237486038	383.977	521.157	23.9866	-0.332976	-0.0126325	0.0233683	0.942561	img_Drone1_3_0_1641237505591522000.png;img_Drone1_3_7_1641237505592062000.png
Drone1	1641237486485	387.571	519.074	22.989	-0.332971	-0.0124718	0.0235095	0.942562	img_Drone1_3_0_1641237506045301000.png;img_Drone1_3_7_1641237506045827000.png
Drone1	1641237486956	391.361	516.88	21.9377	-0.33296	-0.0121232	0.023787	0.942563	img_Drone1_3_0_1641237506538736000.png;img_Drone1_3_7_1641237506539320000.png
Drone1	1641237487526	395.946	514.224	20.6654	-0.332954	-0.0118979	0.0239677	0.942563	img_Drone1_3_0_1641237507134096000.png;img_Drone1_3_7_1641237507134624000.png
Drone1	1641237488060	400.238	511.73	19.4736	-0.332964	-0.0121715	0.0237459	0.942562	img_Drone1_3_0_1641237507683712000.png;img_Drone1_3_7_1641237507684229000.png
Drone1	1641237488402	402.986	510.133	18.7104	-0.332971	-0.0123756	0.0235744	0.942561	img_Drone1_3_0_1641237508035479000.png;img_Drone1_3_7_1641237508035984000.png
Drone1	1641237488918	407.133	507.724	17.5589	-0.332975	-0.0124928	0.023477	0.942561	img_Drone1_3_0_1641237508553389000.png;img_Drone1_3_7_1641237508553853000.png
Drone1	1641237489425	411.211	505.356	16.4274	-0.332974	-0.0124666	0.0234836	0.942561	img_Drone1_3_0_1641237509062941000.png;img_Drone1_3_7_1641237509063407000.png
Drone1	1641237490211	417.535	501.692	14.6724	-0.332963	-0.0121124	0.0237694	0.942563	img_Drone1_3_0_1641237509919903000.png;img_Drone1_3_7_1641237509920435000.png
Drone1	1641237490760	421.953	499.13	13.4466	-0.332961	-0.0120234	0.023836	0.942563	img_Drone1_3_0_1641237510500288000.png;img_Drone1_3_7_1641237510500737000.png
Drone1	1641237491231	425.742	496.931	12.3948	-0.332965	-0.0121248	0.0237462	0.942562	img_Drone1_3_0_1641237510979544000.png;img_Drone1_3_7_1641237510979959000.png
Drone1	1641237491645	429.069	494.998	11.4704	-0.332969	-0.01229	0.0236237	0.942562	img_Drone1_3_0_1641237511394566000.png;img_Drone1_3_7_1641237511397637000.png
Drone1	1641237492467	435.682	491.16	9.63533	-0.332972	-0.0123344	0.0235703	0.942562	img_Drone1_3_0_1641237512247800000.png;img_Drone1_3_7_1641237512248205000.png
Drone1	1641237492836	438.651	489.437	8.81129	-0.332972	-0.0122994	0.0235922	0.942561	img_Drone1_3_0_1641237512655488000.png;img_Drone1_3_7_1641237512655903000.png
Drone1	1641237493283	442.248	487.351	7.81293	-0.332972	-0.0122725	0.0236125	0.942561	img_Drone1_3_0_1641237513156895000.png;img_Drone1_3_7_1641237513157304000.png
Drone1	1641237493676	445.41	485.519	6.93528	-0.332968	-0.0121018	0.0237611	0.942561	img_Drone1_3_0_1641237513631116000.png;img_Drone1_3_7_1641237513631526000.png
Drone1	1641237494393	451.179	482.171	5.33403	-0.332967	-0.0121494	0.0237098	0.942562	img_Drone1_3_0_1641237514402476000.png;img_Drone1_3_7_1641237514402976000.png
Drone1	1641237494930	455.5	479.664	4.13465	-0.332968	-0.0122014	0.0236639	0.942562	img_Drone1_3_0_1641237514966238000.png;img_Drone1_3_7_1641237514967110000.png
Drone1	1641237495383	459.145	477.549	3.12287	-0.332968	-0.012223	0.0236447	0.942563	img_Drone1_3_0_1641237515442215000.png;img_Drone1_3_7_1641237515442692000.png
Drone1	1641237495884	463.176	475.21	2.00384	-0.332968	-0.0122339	0.0236333	0.942563	img_Drone1_3_0_1641237515970095000.png;img_Drone1_3_7_1641237515971019000.png
Drone1	1641237496286	466.41	473.333	1.11215	-0.332912	-0.0110596	0.0253714	0.942552	img_Drone1_3_0_1641237516385492000.png;img_Drone1_3_7_1641237516386310000.png
Drone1	1641237496985	471.831	470.207	0.166785	-0.299547	0.0973372	-0.232585	0.920164	img_Drone1_3_0_1641237517101211000.png;img_Drone1_3_7_1641237517101665000.png
Drone1	1641237497285	473.57	469.471	-0.522908	-0.30451	0.134729	-0.247262	0.909936	img_Drone1_3_0_1641237517406547000.png;img_Drone1_3_7_1641237517406853000.png
Drone1	1641237497726	475.121	469.314	-2.02273	-0.309778	0.156239	-0.242461	0.906002	img_Drone1_3_0_1641237517907133000.png;img_Drone1_3_7_1641237517911743000.png
Drone1	1641237498746	476.192	470.981	-3.03395	-0.30439	0.137117	-0.249852	0.908911	img_Drone1_3_0_1641237519009976000.png;img_Drone1_3_7_1641237519010397000.png
Drone1	1641237498995	475.964	471.812	-2.72717	-0.303135	0.132828	-0.251621	0.909479	img_Drone1_3_0_1641237519272860000.png;img_Drone1_3_7_1641237519273257000.png
Drone1	1641237499610	474.63	474.588	-1.0998	-0.309126	0.0970722	-0.186155	0.927558	img_Drone1_3_0_1641237519933965000.png;img_Drone1_3_7_1641237519934305000.png
Drone1	1641237500135	472.864	477.565	1.08316	-0.308249	0.0256844	-0.112201	0.944316	img_Drone1_3_0_1641237520510830000.png;img_Drone1_3_7_1641237520511115000.png
Drone1	1641237500531	471.348	480.105	2.80516	-0.30507	-0.0178562	-0.08398	0.948452	img_Drone1_3_0_1641237520923625000.png;img_Drone1_3_7_1641237520923999000.png
Drone1	1641237501248	468.733	485.254	5.68018	-0.298177	-0.0884219	-0.0539483	0.948874	img_Drone1_3_0_1641237521661770000.png;img_Drone1_3_7_1641237521662379000.png
Drone1	1641237501545	467.861	487.582	6.74538	-0.295185	-0.111608	-0.0398798	0.948061	img_Drone1_3_0_1641237521958910000.png;img_Drone1_3_7_1641237521961454000.png
Drone1	1641237502127	466.718	492.397	8.73447	-0.292929	-0.108159	-0.018039	0.949826	img_Drone1_3_0_1641237522560933000.png;img_Drone1_3_7_1641237522561605000.png
Drone1	1641237502571	466.306	496.204	10.3177	-0.294319	-0.0710249	-0.0165781	0.95292	img_Drone1_3_0_1641237523007890000.png;img_Drone1_3_7_1641237523010285000.png
Drone1	1641237503426	466.102	503.688	13.45	-0.296842	0.00235247	-0.0298891	0.954456	img_Drone1_3_0_1641237523901258000.png;img_Drone1_3_7_1641237523901887000.png
Drone1	1641237503750	466.055	506.555	14.6133	-0.297253	0.0213586	-0.0329914	0.95399	img_Drone1_3_0_1641237524230004000.png;img_Drone1_3_7_1641237524230738000.png
Drone1	1641237504458	465.756	512.839	17.1224	-0.297588	0.0343414	-0.0319462	0.953541	img_Drone1_3_0_1641237524987820000.png;img_Drone1_3_7_1641237524988496000.png
Drone1	1641237504872	465.427	516.508	18.5968	-0.297523	0.0261694	-0.0293215	0.953906	img_Drone1_3_0_1641237525414114000.png;img_Drone1_3_7_1641237525414673000.png
Drone1	1641237505457	464.831	521.678	20.6929	-0.297222	0.00845572	-0.0260201	0.954416	img_Drone1_3_0_1641237526005633000.png;img_Drone1_3_7_1641237526006332000.png
Drone1	1641237506156	464.061	527.855	23.1946	-0.296863	-0.00738308	-0.0231561	0.954611	img_Drone1_3_0_1641237526703945000.png;img_Drone1_3_7_1641237526704502000.png
Drone1	1641237507023	463.208	535.539	26.2892	-0.296808	-0.00946222	-0.0221364	0.954634	img_Drone1_3_0_1641237527569466000.png;img_Drone1_3_7_1641237527577806000.png
Drone1	1641237507458	462.837	539.404	27.8422	-0.296904	-0.00542277	-0.022717	0.954622	img_Drone1_3_0_1641237528019977000.png;img_Drone1_3_7_1641237528020746000.png
Drone1	1641237507824	462.543	542.658	29.1492	-0.296992	-0.00149931	-0.0233943	0.954592	img_Drone1_3_0_1641237528387791000.png;img_Drone1_3_7_1641237528388635000.png
Drone1	1641237508772	461.784	551.087	32.5339	-0.297114	0.00440817	-0.0244572	0.954518	img_Drone1_3_0_1641237529382005000.png;img_Drone1_3_7_1641237529384023000.png
Drone1	1641237509258	461.375	555.408	34.2693	-0.297113	0.00430996	-0.0244263	0.95452	img_Drone1_3_0_1641237529873325000.png;img_Drone1_3_7_1641237529874285000.png
Drone1	1641237509615	461.064	558.582	35.5447	-0.297094	0.00335459	-0.0242518	0.954534	img_Drone1_3_0_1641237530230351000.png;img_Drone1_3_7_1641237530231069000.png
Drone1	1641237510203	460.54	563.81	37.6462	-0.297052	0.00131434	-0.0238935	0.954562	img_Drone1_3_0_1641237530847950000.png;img_Drone1_3_7_1641237530848671000.png
Drone1	1641237510620	460.167	567.517	39.1368	-0.29703	0.000267027	-0.0237105	0.954574	img_Drone1_3_0_1641237531284420000.png;img_Drone1_3_7_1641237531285155000.png
Drone1	1641237511538	459.351	575.679	42.4184	-0.297014	-0.000466227	-0.0235812	0.954582	img_Drone1_3_0_1641237532245342000.png;img_Drone1_3_7_1641237532246040000.png
Drone1	1641237512177	458.794	581.36	44.7024	-0.297027	0.000104757	-0.0236903	0.954575	img_Drone1_3_0_1641237532894428000.png;img_Drone1_3_7_1641237532895187000.png
Drone1	1641237512861	458.203	587.441	47.1468	-0.297043	0.000813798	-0.0238248	0.954566	img_Drone1_3_0_1641237533584655000.png;img_Drone1_3_7_1641237533585370000.png
Drone1	1641237513476	457.671	592.909	49.3445	-0.297049	0.00110062	-0.0238789	0.954563	img_Drone1_3_0_1641237534216175000.png;img_Drone1_3_7_1641237534216859000.png
Drone1	1641237514025	457.195	597.79	51.3063	-0.297051	0.00120067	-0.0239037	0.954562	img_Drone1_3_0_1641237534776379000.png;img_Drone1_3_7_1641237534779085000.png
Drone1	1641237514496	456.783	601.978	52.9897	-0.297047	0.000940881	-0.0238619	0.954564	img_Drone1_3_0_1641237535270684000.png;img_Drone1_3_7_1641237535271448000.png
Drone1	1641237514952	456.384	606.032	54.6195	-0.297044	0.000736307	-0.0238286	0.954566	img_Drone1_3_0_1641237535732479000.png;img_Drone1_3_7_1641237535733167000.png
Drone1	1641237515456	455.943	610.513	56.4208	-0.297041	0.000614463	-0.0238091	0.954568	img_Drone1_3_0_1641237536246709000.png;img_Drone1_3_7_1641237536247376000.png
Drone1	1641237515927	455.531	614.7	58.1041	-0.297042	0.000556491	-0.0237989	0.954568	img_Drone1_3_0_1641237536716651000.png;img_Drone1_3_7_1641237536718198000.png
Drone1	1641237516560	454.979	620.328	60.3664	-0.297042	0.00053495	-0.0237996	0.954568	img_Drone1_3_0_1641237537385045000.png;img_Drone1_3_7_1641237537386112000.png
Drone1	1641237517001	454.597	624.249	61.9422	-0.297046	0.000815939	-0.0238548	0.954565	img_Drone1_3_0_1641237537827767000.png;img_Drone1_3_7_1641237537832085000.png
Drone1	1641237517355	454.291	627.396	63.2072	-0.29705	0.00100829	-0.0238928	0.954563	img_Drone1_3_0_1641237538188371000.png;img_Drone1_3_7_1641237538189080000.png
Drone1	1641237518201	453.551	634.918	66.2304	-0.297045	0.000740152	-0.0238416	0.954566	img_Drone1_3_0_1641237539038150000.png;img_Drone1_3_7_1641237539038863000.png
Drone1	1641237518555	453.241	638.065	67.4956	-0.297042	0.000644314	-0.0238296	0.954567	img_Drone1_3_0_1641237539396142000.png;img_Drone1_3_7_1641237539396912000.png
Drone1	1641237519065	452.795	642.6	69.3183	-0.297042	0.000565411	-0.0238202	0.954567	img_Drone1_3_0_1641237539921944000.png;img_Drone1_3_7_1641237539922662000.png
Drone1	1641237519551	452.373	646.921	71.0551	-0.297044	0.000663268	-0.0238429	0.954566	img_Drone1_3_0_1641237540438595000.png;img_Drone1_3_7_1641237540439261000.png
Drone1	1641237520124	451.877	652.015	73.1026	-0.297049	0.00100341	-0.0239103	0.954562	img_Drone1_3_0_1641237541056692000.png;img_Drone1_3_7_1641237541057524000.png
Drone1	1641237520799	451.287	658.016	75.5151	-0.297045	0.000789144	-0.0238781	0.954565	img_Drone1_3_0_1641237541750578000.png;img_Drone1_3_7_1641237541751160000.png
Drone1	1641237521096	451.027	660.657	76.5766	-0.297042	0.000691037	-0.0238636	0.954566	img_Drone1_3_0_1641237542046733000.png;img_Drone1_3_7_1641237542047315000.png
Drone1	1641237521792	450.418	666.845	79.0641	-0.297041	0.000566304	-0.0238442	0.954567	img_Drone1_3_0_1641237542750679000.png;img_Drone1_3_7_1641237542751941000.png
Drone1	1641237522176	450.084	670.259	80.4364	-0.297043	0.000614413	-0.0238556	0.954566	img_Drone1_3_0_1641237543144518000.png;img_Drone1_3_7_1641237543145146000.png
Drone1	1641237522755	449.584	675.407	82.5053	-0.297048	0.000969553	-0.0239257	0.954562	img_Drone1_3_0_1641237543749135000.png;img_Drone1_3_7_1641237543749977000.png
Drone1	1641237523100	449.282	678.474	83.7383	-0.297047	0.000962887	-0.023927	0.954562	img_Drone1_3_0_1641237544094210000.png;img_Drone1_3_7_1641237544094854000.png
Drone1	1641237523631	448.818	683.195	85.6361	-0.297043	0.000741681	-0.0238922	0.954565	img_Drone1_3_0_1641237544648762000.png;img_Drone1_3_7_1641237544649535000.png
Drone1	1641237524372	448.169	689.783	88.2844	-0.297041	0.000580728	-0.0238667	0.954566	img_Drone1_3_0_1641237545398655000.png;img_Drone1_3_7_1641237545399316000.png
Drone1	1641237524819	447.779	693.757	89.8799	-0.297053	0.00126252	-0.0243374	0.95455	img_Drone1_3_0_1641237545850973000.png;img_Drone1_3_7_1641237545851587000.png
Drone1	1641237525242	447.403	697.521	91.284	-0.297821	0.0231488	-0.00911246	0.954298	img_Drone1_3_0_1641237546276548000.png;img_Drone1_3_7_1641237546277147000.png
Drone1	1641237525752	446.918	701.217	91.7903	-0.310703	0.0536871	0.257527	0.913379	img_Drone1_3_0_1641237546826208000.png;img_Drone1_3_7_1641237546826693000.png
Drone1	1641237526232	446.683	702.685	90.9783	-0.317346	0.0381321	0.197321	0.92677	img_Drone1_3_0_1641237547378242000.png;img_Drone1_3_7_1641237547378738000.png
Drone1	1641237526772	446.648	702.702	88.9247	-0.32301	0.0180384	0.109373	0.939881	img_Drone1_3_0_1641237547956575000.png;img_Drone1_3_7_1641237547957113000.png
Drone1	1641237527360	446.733	701.973	86.7575	-0.325145	0.00556516	0.0434868	0.944647	img_Drone1_3_0_1641237548560299000.png;img_Drone1_3_7_1641237548560794000.png
Drone1	1641237527723	446.818	701.356	85.4748	-0.325481	0.00187513	0.0207744	0.945319	img_Drone1_3_0_1641237548926092000.png;img_Drone1_3_7_1641237548926931000.png
Drone1	1641237528359	446.994	700.176	83.2065	-0.325618	-0.00190081	-0.00347366	0.945493	img_Drone1_3_0_1641237549566013000.png;img_Drone1_3_7_1641237549566507000.png
Drone1	1641237528878	447.14	699.23	81.2841	-0.325589	-0.00446288	-0.0193517	0.945303	img_Drone1_3_0_1641237550087630000.png;img_Drone1_3_7_1641237550088144000.png
Drone1	1641237529340	447.26	698.482	79.4888	-0.325458	-0.00732953	-0.0365423	0.944822	img_Drone1_3_0_1641237550569759000.png;img_Drone1_3_7_1641237550570337000.png
Drone1	1641237529655	447.329	698.062	78.2159	-0.325277	-0.00967103	-0.0507505	0.944206	img_Drone1_3_0_1641237550909119000.png;img_Drone1_3_7_1641237550909674000.png
Drone1	1641237530216	447.411	697.583	75.9012	-0.325101	-0.011225	-0.0633351	0.943489	img_Drone1_3_0_1641237551488402000.png;img_Drone1_3_7_1641237551489036000.png
Drone1	1641237530906	447.433	697.493	73.1157	-0.325622	-0.0057172	-0.0356351	0.944811	img_Drone1_3_0_1641237552181646000.png;img_Drone1_3_7_1641237552182359000.png
Drone1	1641237531275	447.419	697.599	71.652	-0.325813	-0.00245592	-0.0173493	0.945272	img_Drone1_3_0_1641237552565902000.png;img_Drone1_3_7_1641237552566491000.png
Drone1	1641237531752	447.387	697.798	69.7586	-0.325891	0.000958299	0.00291089	0.945402	img_Drone1_3_0_1641237553050669000.png;img_Drone1_3_7_1641237553051431000.png
Drone1	1641237532500	447.342	698.065	66.7715	-0.325849	0.00362508	0.0204145	0.945195	img_Drone1_3_0_1641237553849275000.png;img_Drone1_3_7_1641237553849791000.png
Drone1	1641237532794	447.333	698.116	65.5939	-0.325853	0.00348769	0.0203129	0.945196	img_Drone1_3_0_1641237554143568000.png;img_Drone1_3_7_1641237554144076000.png
Drone1	1641237533406	447.33	698.121	63.1488	-0.325905	0.00182555	0.0114955	0.945331	img_Drone1_3_0_1641237554757656000.png;img_Drone1_3_7_1641237554758433000.png
Drone1	1641237533760	447.336	698.08	61.7366	-0.325927	0.00066322	0.00478225	0.945383	img_Drone1_3_0_1641237555115223000.png;img_Drone1_3_7_1641237555115733000.png
Drone1	1641237534429	447.35	697.985	59.0664	-0.325932	-0.00102372	-0.00479912	0.945381	img_Drone1_3_0_1641237555803900000.png;img_Drone1_3_7_1641237555804469000.png
Drone1	1641237534780	447.357	697.946	57.6645	-0.325929	-0.00137186	-0.00714072	0.945366	img_Drone1_3_0_1641237556166855000.png;img_Drone1_3_7_1641237556167412000.png
Drone1	1641237535386	447.363	697.918	55.2441	-0.325934	-0.00101648	-0.00632955	0.945371	img_Drone1_3_0_1641237556804528000.png;img_Drone1_3_7_1641237556805050000.png
Drone1	1641237536100	447.361	697.939	52.3933	-0.325945	-0.000114426	-0.00153286	0.945387	img_Drone1_3_0_1641237557537506000.png;img_Drone1_3_7_1641237557540860000.png
Drone1	1641237536532	447.357	697.966	50.6685	-0.325946	0.000280744	0.00122649	0.945387	img_Drone1_3_0_1641237557975204000.png;img_Drone1_3_7_1641237557975704000.png
Drone1	1641237537093	447.351	697.989	48.4286	-0.325945	0.000421063	0.00285508	0.945384	img_Drone1_3_0_1641237558546821000.png;img_Drone1_3_7_1641237558547309000.png
Drone1	1641237537438	447.351	697.996	47.0511	-0.325946	0.000444404	0.00268519	0.945385	img_Drone1_3_0_1641237558916314000.png;img_Drone1_3_7_1641237558916893000.png
Drone1	1641237538071	447.351	697.992	44.5237	-0.325947	0.000208925	0.00121722	0.945387	img_Drone1_3_0_1641237559552194000.png;img_Drone1_3_7_1641237559552923000.png
Drone1	1641237538386	447.351	697.985	43.266	-0.325947	-3.19347e-05	0.000300098	0.945388	img_Drone1_3_0_1641237559898461000.png;img_Drone1_3_7_1641237559899030000.png
Drone1	1641237539079	447.351	697.971	40.499	-0.325947	-0.000362621	-0.000905209	0.945387	img_Drone1_3_0_1641237560604873000.png;img_Drone1_3_7_1641237560605428000.png
Drone1	1641237539427	447.352	697.967	39.1096	-0.325947	-0.000403944	-0.00113779	0.945387	img_Drone1_3_0_1641237560966783000.png;img_Drone1_3_7_1641237560967357000.png
Drone1	1641237539940	447.354	697.967	37.0613	-0.325948	-9.1522e-05	-0.000735	0.945388	img_Drone1_3_0_1641237561490614000.png;img_Drone1_3_7_1641237561491122000.png
Drone1	1641237540483	447.354	697.967	34.8933	-0.325948	-3.14158e-05	-0.000347717	0.945388	img_Drone1_3_0_1641237562064233000.png;img_Drone1_3_7_1641237562064770000.png
Drone1	1641237540933	447.354	697.969	33.0965	-0.325948	-2.86447e-06	-0.000142166	0.945388	img_Drone1_3_0_1641237562533589000.png;img_Drone1_3_7_1641237562534166000.png
Drone1	1641237541476	447.354	697.975	30.9285	-0.325948	0.000180085	0.000458784	0.945388	img_Drone1_3_0_1641237563087215000.png;img_Drone1_3_7_1641237563090094000.png
Drone1	1641237541881	447.354	697.975	29.3114	-0.325948	0.000123997	0.000326034	0.945388	img_Drone1_3_0_1641237563553930000.png;img_Drone1_3_7_1641237563554433000.png
Drone1	1641237542406	447.354	697.975	27.2153	-0.325948	6.03619e-05	0.000159868	0.945388	img_Drone1_3_0_1641237564109315000.png;img_Drone1_3_7_1641237564109989000.png
Drone1	1641237543147	447.354	697.975	24.2567	-0.325948	2.06353e-05	5.46477e-05	0.945388	img_Drone1_3_0_1641237564874921000.png;img_Drone1_3_7_1641237564875474000.png
Drone1	1641237543465	447.354	697.975	22.987	-0.325948	1.29892e-05	3.43677e-05	0.945388	img_Drone1_3_0_1641237565254649000.png;img_Drone1_3_7_1641237565255231000.png
Drone1	1641237544083	447.354	697.975	20.5195	-0.325948	5.26941e-06	1.39403e-05	0.945388	img_Drone1_3_0_1641237565880189000.png;img_Drone1_3_7_1641237565887763000.png
Drone1	1641237544398	447.354	697.975	19.2618	-0.325948	3.32558e-06	8.80205e-06	0.945388	img_Drone1_3_0_1641237566229331000.png;img_Drone1_3_7_1641237566229887000.png
Drone1	1641237545076	447.354	697.975	16.5547	-0.325948	1.24166e-06	3.27211e-06	0.945388	img_Drone1_3_0_1641237566936728000.png;img_Drone1_3_7_1641237566937222000.png
Drone1	1641237545577	447.354	697.975	14.5544	-0.325948	6.14865e-07	1.57964e-06	0.945388	img_Drone1_3_0_1641237567440351000.png;img_Drone1_3_7_1641237567440863000.png
Drone1	1641237546009	447.354	697.975	12.8295	-0.325948	3.22553e-07	8.38293e-07	0.945388	img_Drone1_3_0_1641237567874192000.png;img_Drone1_3_7_1641237567875327000.png
Drone1	1641237546927	447.354	697.975	9.1642	-0.325948	3.50907e-08	2.04602e-07	0.945388	img_Drone1_3_0_1641237568800629000.png;img_Drone1_3_7_1641237568816043000.png
Drone1	1641237547452	447.354	697.975	7.06802	-0.325948	6.74681e-08	1.08501e-07	0.945388	img_Drone1_3_0_1641237569364677000.png;img_Drone1_3_7_1641237569365215000.png
Drone1	1641237548136	447.354	697.975	4.33701	-0.325948	-3.0536e-09	2.92078e-08	0.945388	img_Drone1_3_0_1641237570060721000.png;img_Drone1_3_7_1641237570061199000.png
Drone1	1641237548514	447.354	697.975	2.82776	-0.325948	-4.13319e-08	3.02841e-09	0.945388	img_Drone1_3_0_1641237570439932000.png;img_Drone1_3_7_1641237570440459000.png
Drone1	1641237549192	447.354	697.975	0.120698	-0.325948	-1.69177e-08	8.71695e-09	0.945388	img_Drone1_3_0_1641237571136412000.png;img_Drone1_3_7_1641237571136926000.png
Drone1	1641237549654	447.354	697.975	-1.72393	-0.325948	-1.16881e-08	-3.12355e-09	0.945388	img_Drone1_3_0_1641237571606832000.png;img_Drone1_3_7_1641237571607329000.png
Drone1	1641237550470	447.354	697.975	-4.95212	-0.325948	-4.01189e-05	2.30967e-05	0.945388	img_Drone1_3_0_1641237572460423000.png;img_Drone1_3_7_1641237572460874000.png
Drone1	1641237550800	447.334	697.952	-5.7568	-0.317206	0.206284	0.114164	0.918582	img_Drone1_3_0_1641237572790542000.png;img_Drone1_3_7_1641237572791220000.png
Drone1	1641237551487	446.607	697.189	-5.83402	-0.306626	0.259357	0.111344	0.90902	img_Drone1_3_0_1641237573496066000.png;img_Drone1_3_7_1641237573496446000.png
Drone1	1641237551745	445.941	696.534	-5.52075	-0.304227	0.262527	0.103143	0.909883	img_Drone1_3_0_1641237573761876000.png;img_Drone1_3_7_1641237573762324000.png
Drone1	1641237552423	443.157	693.96	-3.89296	-0.309849	0.167945	0.0600952	0.933904	img_Drone1_3_0_1641237574442863000.png;img_Drone1_3_7_1641237574443248000.png
Drone1	1641237552864	440.746	691.811	-2.48371	-0.313259	0.102814	0.0385479	0.943299	img_Drone1_3_0_1641237574885036000.png;img_Drone1_3_7_1641237574885830000.png
Drone1	1641237553248	438.414	689.748	-1.30255	-0.314575	0.0701981	0.0297734	0.946165	img_Drone1_3_0_1641237575308319000.png;img_Drone1_3_7_1641237575308827000.png
Drone1	1641237553866	434.437	686.213	0.494627	-0.315429	0.0430693	0.022923	0.947694	img_Drone1_3_0_1641237575937037000.png;img_Drone1_3_7_1641237575937542000.png
Drone1	1641237554496	430.275	682.455	2.28435	-0.315615	0.0320392	0.0172363	0.94819	img_Drone1_3_0_1641237576582171000.png;img_Drone1_3_7_1641237576582659000.png
Drone1	1641237554883	427.702	680.104	3.38334	-0.315595	0.0294894	0.013813	0.948335	img_Drone1_3_0_1641237576984600000.png;img_Drone1_3_7_1641237576985175000.png
Drone1	1641237555357	424.545	677.204	4.73306	-0.315536	0.0283771	0.0102753	0.948434	img_Drone1_3_0_1641237577517634000.png;img_Drone1_3_7_1641237577518179000.png
Drone1	1641237555996	420.278	673.279	6.55834	-0.315474	0.0280581	0.00743768	0.94849	img_Drone1_3_0_1641237578185618000.png;img_Drone1_3_7_1641237578186156000.png
Drone1	1641237556497	416.922	670.211	7.99241	-0.315475	0.0277086	0.00719001	0.948502	img_Drone1_3_0_1641237578731587000.png;img_Drone1_3_7_1641237578732126000.png
Drone1	1641237557082	412.992	666.636	9.66856	-0.315502	0.0271217	0.00807511	0.948503	img_Drone1_3_0_1641237579350229000.png;img_Drone1_3_7_1641237579350817000.png
Drone1	1641237557586	409.603	663.56	11.1131	-0.315534	0.0266279	0.00908577	0.948497	img_Drone1_3_0_1641237579875348000.png;img_Drone1_3_7_1641237579875918000.png
Drone1	1641237557940	407.223	661.399	12.1278	-0.315548	0.026426	0.00951521	0.948494	img_Drone1_3_0_1641237580292771000.png;img_Drone1_3_7_1641237580293380000.png
Drone1	1641237558645	402.482	657.096	14.1486	-0.31556	0.0262303	0.00993441	0.948491	img_Drone1_3_0_1641237581033860000.png;img_Drone1_3_7_1641237581034547000.png
Drone1	1641237559092	399.48	654.364	15.4298	-0.315558	0.0262551	0.0098694	0.948492	img_Drone1_3_0_1641237581489429000.png;img_Drone1_3_7_1641237581490113000.png
Drone1	1641237559782	394.847	650.138	17.408	-0.315534	0.0265863	0.00907226	0.948498	img_Drone1_3_0_1641237582192266000.png;img_Drone1_3_7_1641237582192894000.png
Drone1	1641237560427	390.517	646.188	19.2578	-0.315525	0.0267439	0.00872183	0.9485	img_Drone1_3_0_1641237582847285000.png;img_Drone1_3_7_1641237582847934000.png
Drone1	1641237560994	386.71	642.719	20.8839	-0.315522	0.0267879	0.00865114	0.9485	img_Drone1_3_0_1641237583437556000.png;img_Drone1_3_7_1641237583438197000.png
Drone1	1641237561615	382.536	638.929	22.6639	-0.315544	0.0265109	0.0093358	0.948494	img_Drone1_3_0_1641237584109982000.png;img_Drone1_3_7_1641237584113580000.png
Drone1	1641237562122	379.13	635.833	24.117	-0.315555	0.0263743	0.00966225	0.948492	img_Drone1_3_0_1641237584672772000.png;img_Drone1_3_7_1641237584687943000.png
Drone1	1641237562812	374.498	631.608	26.0948	-0.315538	0.0266148	0.00906392	0.948496	img_Drone1_3_0_1641237585450904000.png;img_Drone1_3_7_1641237585451592000.png
Drone1	1641237563625	369.039	626.632	28.4262	-0.315529	0.0267729	0.00872083	0.948498	img_Drone1_3_0_1641237586311753000.png;img_Drone1_3_7_1641237586312399000.png
Drone1	1641237564303	364.484	622.494	30.3694	-0.315546	0.0265361	0.0093323	0.948493	img_Drone1_3_0_1641237587064546000.png;img_Drone1_3_7_1641237587065170000.png
Drone1	1641237564861	360.737	619.086	31.9683	-0.315553	0.0264415	0.00956372	0.948491	img_Drone1_3_0_1641237587630937000.png;img_Drone1_3_7_1641237587631699000.png
Drone1	1641237565227	358.28	616.844	33.0172	-0.315545	0.0265592	0.00925201	0.948494	img_Drone1_3_0_1641237588025403000.png;img_Drone1_3_7_1641237588026048000.png
Drone1	1641237565893	353.809	612.766	34.9267	-0.315533	0.0267481	0.00880004	0.948497	img_Drone1_3_0_1641237588697042000.png;img_Drone1_3_7_1641237588697802000.png
Drone1	1641237566265	351.311	610.493	35.9933	-0.315534	0.0267479	0.00883577	0.948496	img_Drone1_3_0_1641237589107640000.png;img_Drone1_3_7_1641237589108317000.png
Drone1	1641237566865	347.283	606.831	37.7126	-0.315546	0.0265853	0.00927969	0.948493	img_Drone1_3_0_1641237589755822000.png;img_Drone1_3_7_1641237589756496000.png
Drone1	1641237567393	343.738	603.609	39.2251	-0.315551	0.0264986	0.00948957	0.948491	img_Drone1_3_0_1641237590309512000.png;img_Drone1_3_7_1641237590310704000.png
Drone1	1641237568050	339.327	599.586	41.1076	-0.315542	0.0266455	0.00907833	0.948494	img_Drone1_3_0_1641237591013604000.png;img_Drone1_3_7_1641237591014320000.png
Drone1	1641237568506	336.265	596.793	42.415	-0.315535	0.026761	0.00880701	0.948496	img_Drone1_3_0_1641237591475817000.png;img_Drone1_3_7_1641237591482313000.png
Drone1	1641237569136	332.036	592.948	44.2208	-0.315543	0.0266515	0.00914802	0.948493	img_Drone1_3_0_1641237592136648000.png;img_Drone1_3_7_1641237592137226000.png
Drone1	1641237569700	328.249	589.505	45.8365	-0.315551	0.0265366	0.00943903	0.948491	img_Drone1_3_0_1641237592735394000.png;img_Drone1_3_7_1641237592735946000.png
Drone1	1641237570258	324.503	586.092	47.435	-0.315548	0.0265873	0.00927743	0.948492	img_Drone1_3_0_1641237593306649000.png;img_Drone1_3_7_1641237593307250000.png
Drone1	1641237570771	321.059	582.95	48.9056	-0.315539	0.0267389	0.0088971	0.948494	img_Drone1_3_0_1641237593863873000.png;img_Drone1_3_7_1641237593864430000.png
Drone1	1641237571089	318.924	581.006	49.8174	-0.315537	0.0267818	0.00881657	0.948494	img_Drone1_3_0_1641237594231015000.png;img_Drone1_3_7_1641237594231805000.png
Drone1	1641237571785	314.251	576.758	51.8118	-0.315549	0.0266121	0.00929659	0.94849	img_Drone1_3_0_1641237595000095000.png;img_Drone1_3_7_1641237595000674000.png
Drone1	1641237572208	311.411	574.176	53.0236	-0.315554	0.0265412	0.00947305	0.948489	img_Drone1_3_0_1641237595428822000.png;img_Drone1_3_7_1641237595429313000.png
Drone1	1641237572805	307.403	570.522	54.734	-0.315547	0.0266474	0.0091677	0.948492	img_Drone1_3_0_1641237596027365000.png;img_Drone1_3_7_1641237596027862000.png
Drone1	1641237573324	303.918	567.343	56.222	-0.315538	0.0267861	0.00883427	0.948494	img_Drone1_3_0_1641237596545097000.png;img_Drone1_3_7_1641237596545612000.png
Drone1	1641237573918	299.93	563.717	57.9246	-0.315545	0.0266979	0.00912018	0.948491	img_Drone1_3_0_1641237597143349000.png;img_Drone1_3_7_1641237597143783000.png
Drone1	1641237574362	296.949	561.007	59.1966	-0.315553	0.0265962	0.0093823	0.948489	img_Drone1_3_0_1641237597587554000.png;img_Drone1_3_7_1641237597588149000.png
Drone1	1641237574812	293.928	558.258	60.4856	-0.315556	0.0265461	0.00949811	0.948488	img_Drone1_3_0_1641237598061840000.png;img_Drone1_3_7_1641237598062189000.png
Drone1	1641237575328	290.463	555.098	61.9642	-0.315547	0.0266963	0.00908978	0.948491	img_Drone1_3_0_1641237598575019000.png;img_Drone1_3_7_1641237598578003000.png
Drone1	1641237576057	285.569	550.64	64.0543	-0.315542	0.0267894	0.00890991	0.948492	img_Drone1_3_0_1641237599301249000.png;img_Drone1_3_7_1641237599309555000.png
Drone1	1641237576483	282.709	548.04	65.2752	-0.31555	0.0266778	0.00922896	0.948489	img_Drone1_3_0_1641237599741064000.png;img_Drone1_3_7_1641237599741407000.png
Drone1	1641237576963	279.486	545.11	66.6497	-0.315556	0.0265797	0.00945665	0.948487	img_Drone1_3_0_1641237600236255000.png;img_Drone1_3_7_1641237600236567000.png
Drone1	1641237577575	275.377	541.366	68.4033	-0.315552	0.0266572	0.00923901	0.948489	img_Drone1_3_0_1641237600886595000.png;img_Drone1_3_7_1641237600886903000.png
Drone1	1641237577845	273.565	539.712	69.1772	-0.315547	0.0267418	0.00902684	0.94849	img_Drone1_3_0_1641237601188912000.png;img_Drone1_3_7_1641237601189422000.png
Drone1	1641237578712	267.744	534.413	71.6627	-0.315548	0.026742	0.00909869	0.948489	img_Drone1_3_0_1641237602114490000.png;img_Drone1_3_7_1641237602114772000.png
Drone1	1641237579244	264.179	531.172	73.1838	-0.315557	0.026622	0.00941191	0.948487	img_Drone1_3_0_1641237602646676000.png;img_Drone1_3_7_1641237602646959000.png
Drone1	1641237579742	260.835	528.129	74.6103	-0.315559	0.026592	0.00945491	0.948486	img_Drone1_3_0_1641237603142632000.png;img_Drone1_3_7_1641237603142975000.png
Drone1	1641237580210	257.693	525.263	75.9516	-0.31555	0.0267427	0.00907117	0.948489	img_Drone1_3_0_1641237603612088000.png;img_Drone1_3_7_1641237603612488000.png
Drone1	1641237580540	255.477	523.242	76.8978	-0.315544	0.0268252	0.00887056	0.94849	img_Drone1_3_0_1641237603941932000.png;img_Drone1_3_7_1641237603942295000.png
Drone1	1641237581461	249.294	517.619	79.5375	-0.315556	0.0266799	0.00932224	0.948486	img_Drone1_3_0_1641237604873050000.png;img_Drone1_3_7_1641237604873349000.png
Drone1	1641237581875	246.514	515.092	80.723	-0.315561	0.026603	0.00949273	0.948485	img_Drone1_3_0_1641237605312095000.png;img_Drone1_3_7_1641237605312382000.png
Drone1	1641237582283	243.775	512.595	81.8921	-0.315558	0.0266468	0.00936039	0.948486	img_Drone1_3_0_1641237605733411000.png;img_Drone1_3_7_1641237605733565000.png
Drone1	1641237582772	240.492	509.605	83.2936	-0.315552	0.0267459	0.00912326	0.948488	img_Drone1_3_0_1641237606227523000.png;img_Drone1_3_7_1641237606227697000.png
Drone1	1641237583480	235.739	505.276	85.3228	-0.315552	0.0267619	0.00911816	0.948487	img_Drone1_3_0_1641237606957669000.png;img_Drone1_3_7_1641237606957833000.png
Drone1	1641237583942	232.637	502.452	86.647	-0.315552	0.0267663	0.00912236	0.948487	img_Drone1_3_0_1641237607425739000.png;img_Drone1_3_7_1641237607425873000.png
Drone1	1641237584599	228.226	498.435	88.53	-0.315552	0.0267725	0.00912764	0.948487	img_Drone1_3_0_1641237608090713000.png;img_Drone1_3_7_1641237608090873000.png
Drone1	1641237585064	225.104	495.592	89.8627	-0.315552	0.0267759	0.00912805	0.948487	img_Drone1_3_0_1641237608562884000.png;img_Drone1_3_7_1641237608563047000.png
Drone1	1641237585706	220.794	491.667	91.7028	-0.315552	0.0267812	0.00912951	0.948487	img_Drone1_3_0_1641237609260489000.png;img_Drone1_3_7_1641237609260669000.png
Drone1	1641237586153	217.793	488.934	92.9839	-0.315552	0.0267843	0.00913042	0.948486	img_Drone1_3_0_1641237609728173000.png;img_Drone1_3_7_1641237609728352000.png
Drone1	1641237586777	213.603	485.119	94.7724	-0.315552	0.0267895	0.00913134	0.948486	img_Drone1_3_0_1641237610367636000.png;img_Drone1_3_7_1641237610367825000.png
Drone1	1641237587164	211.005	482.753	95.8816	-0.315552	0.0267925	0.00913239	0.948486	img_Drone1_3_0_1641237610757251000.png;img_Drone1_3_7_1641237610757423000.png
Drone1	1641237587857	206.351	478.517	97.8672	-0.315548	0.0269251	0.00904829	0.948485	img_Drone1_3_0_1641237611459296000.png;img_Drone1_3_7_1641237611459460000.png
Drone1	1641237588106	204.678	476.994	98.5688	-0.315505	0.0281042	0.00809598	0.948473	img_Drone1_3_0_1641237611754878000.png;img_Drone1_3_7_1641237611755055000.png
Drone1	1641237588628	201.228	473.896	99.3958	-0.302954	-0.206553	-0.10137	0.924813	img_Drone1_3_0_1641237612418193000.png;img_Drone1_3_7_1641237612418344000.png
Drone1	1641237589141	198.822	471.817	99.2612	-0.292889	-0.272598	-0.109373	0.909914	img_Drone1_3_0_1641237612977324000.png;img_Drone1_3_7_1641237612977531000.png
Drone1	1641237589765	196.536	469.822	101.393	-0.282436	-0.324454	-0.108739	0.896178	img_Drone1_3_0_1641237613628721000.png;img_Drone1_3_7_1641237613628919000.png
Drone1	1641237590185	195.6	468.922	104.075	-0.274845	-0.35881	-0.108174	0.885446	img_Drone1_3_0_1641237614049602000.png;img_Drone1_3_7_1641237614049896000.png
Drone1	1641237590671	195.303	468.409	108.33	-0.265517	-0.397947	-0.10738	0.871555	img_Drone1_3_0_1641237614534729000.png;img_Drone1_3_7_1641237614535009000.png
Drone1	1641237591163	195.52	468.368	111.423	-0.252086	-0.457581	-0.10735	0.845901	img_Drone1_3_0_1641237615027094000.png;img_Drone1_3_7_1641237615027360000.png
Drone1	1641237591640	195.481	468.359	110.976	-0.227999	-0.663345	-0.111759	0.703917	img_Drone1_3_0_1641237615503945000.png;img_Drone1_3_7_1641237615504295000.png
Drone1	1641237592192	195.453	468.34	111.166	-0.255773	-0.923688	-0.0739166	0.275529	img_Drone1_3_0_1641237616058441000.png;img_Drone1_3_7_1641237616058919000.png
Drone1	1641237592567	195.468	468.355	110.863	0.999981	0	0	0.00609082	img_Drone1_3_0_1641237616437391000.png;img_Drone1_3_7_1641237616437524000.png
