VehicleName	TimeStamp	POS_X	POS_Y	POS_Z	Q_W	Q_X	Q_Y	Q_Z	ImageFile
Drone1	1641263112252	-2.92684e-07	-1.64606e-17	1.05811	1	-1.42135e-16	5.72581e-08	-5.51083e-11	img_Drone1_3_0_1641263112323283000.png;img_Drone1_3_7_1641263112323410000.png
Drone1	1641263112552	-5.50243e-07	-1.25508e-16	2.58197	1	-2.37258e-16	7.67808e-09	-1.03099e-10	img_Drone1_3_0_1641263112622761000.png;img_Drone1_3_7_1641263112623479000.png
Drone1	1641263113038	-9.8489e-07	-8.95456e-16	5.79496	1	-3.87014e-16	-5.57032e-10	-1.08896e-10	img_Drone1_3_0_1641263113107044000.png;img_Drone1_3_7_1641263113107769000.png
Drone1	1641263113515	-1.40896e-06	-3.06839e-15	9.38666	1	-5.33754e-16	-6.52372e-09	-1.08896e-10	img_Drone1_3_0_1641263113587070000.png;img_Drone1_3_7_1641263113587849000.png
Drone1	1641263114031	-1.83637e-06	-7.93079e-15	13.457	1	-6.92492e-16	-1.29783e-08	-1.08896e-10	img_Drone1_3_0_1641263114101589000.png;img_Drone1_3_7_1641263114102352000.png
Drone1	1641263114562	-2.13623e-06	0	16.304	1	0	0	-1.08896e-10	img_Drone1_3_0_1641263114635732000.png;img_Drone1_3_7_1641263114636516000.png
Drone1	1641263115066	-2.13623e-06	0	16.304	1	0	0	-1.08896e-10	img_Drone1_3_0_1641263115141234000.png;img_Drone1_3_7_1641263115142010000.png
Drone1	1641263120082	-9.74603e-07	0	2.17961	1	-0	1.96695e-06	0	img_Drone1_3_0_1641263120315263000.png;img_Drone1_3_7_1641263120316099000.png
Drone1	1641263120571	-6.10765e-06	0	5.52178	1	-0	1.96695e-06	0	img_Drone1_3_0_1641263120802856000.png;img_Drone1_3_7_1641263120803698000.png
Drone1	1641263121072	-1.86902e-05	0	9.51642	1	-0	1.96695e-06	0	img_Drone1_3_0_1641263121304042000.png;img_Drone1_3_7_1641263121304767000.png
Drone1	1641263121603	-4.17303e-05	0	13.9706	1	-0	1.96695e-06	0	img_Drone1_3_0_1641263121834748000.png;img_Drone1_3_7_1641263121835499000.png
Drone1	1641263122032	-5.76782e-05	0	16.304	1	0	0	0	img_Drone1_3_0_1641263122263364000.png;img_Drone1_3_7_1641263122264079000.png
Drone1	1641263122716	-5.76782e-05	0	16.304	1	0	0	0	img_Drone1_3_0_1641263122967520000.png;img_Drone1_3_7_1641263122968094000.png
Drone1	1641263128038	-3.56456e-08	0	0.30809	1	-0	1.96695e-06	0	img_Drone1_3_0_1641263128413673000.png;img_Drone1_3_7_1641263128414408000.png
Drone1	1641263128548	-1.52023e-06	0	2.74411	1	-0	1.96695e-06	0	img_Drone1_3_0_1641263128928028000.png;img_Drone1_3_7_1641263128928749000.png
Drone1	1641263129145	-1.01538e-05	0	7.08345	1	-0	1.96695e-06	0	img_Drone1_3_0_1641263129527684000.png;img_Drone1_3_7_1641263129528390000.png
Drone1	1641263129574	-2.3335e-05	0	10.5864	1	-0	1.96695e-06	0	img_Drone1_3_0_1641263129960028000.png;img_Drone1_3_7_1641263129960769000.png
Drone1	1641263130150	-5.15712e-05	0	15.4493	1	-0	1.96695e-06	0	img_Drone1_3_0_1641263130545407000.png;img_Drone1_3_7_1641263130546217000.png
Drone1	1641263130669	-5.76782e-05	0	16.3039	1	0	0	0	img_Drone1_3_0_1641263131089280000.png;img_Drone1_3_7_1641263131090189000.png
Drone1	1641263158147	-4.73831e-07	-7.6799e-17	2.09278	1	-2.10008e-16	1.38745e-08	-9.466e-11	img_Drone1_3_0_1641263158905751000.png;img_Drone1_3_7_1641263158906477000.png
Drone1	1641263158648	-9.20127e-07	-7.09999e-16	5.28063	1	-3.64864e-16	3.436e-10	-1.08896e-10	img_Drone1_3_0_1641263159406667000.png;img_Drone1_3_7_1641263159407401000.png
Drone1	1641263159185	-1.39851e-06	-2.98989e-15	9.29357	1	-5.30062e-16	-6.37361e-09	-1.08896e-10	img_Drone1_3_0_1641263159944505000.png;img_Drone1_3_7_1641263159945258000.png
Drone1	1641263159677	-1.80829e-06	-7.48754e-15	13.17	1	-6.81417e-16	-1.25279e-08	-1.08896e-10	img_Drone1_3_0_1641263160437050000.png;img_Drone1_3_7_1641263160437793000.png
Drone1	1641263160160	-2.13623e-06	0	16.3039	1	0	0	-1.08896e-10	img_Drone1_3_0_1641263160921416000.png;img_Drone1_3_7_1641263160922433000.png
Drone1	1641263160691	-2.13623e-06	0	16.3039	1	0	0	-1.08896e-10	img_Drone1_3_0_1641263161455561000.png;img_Drone1_3_7_1641263161456144000.png
Drone1	1641263163232	-2.13623e-06	0	16.0224	1	0	0	-1.08896e-10	img_Drone1_3_0_1641263164031809000.png;img_Drone1_3_7_1641263164036247000.png
Drone1	1641263163859	-2.13623e-06	0	15.7252	1	0	0	-1.08896e-10	img_Drone1_3_0_1641263164670440000.png;img_Drone1_3_7_1641263164671166000.png
Drone1	1641263164456	-2.13623e-06	0	15.4356	1	0	0	-1.08896e-10	img_Drone1_3_0_1641263165281821000.png;img_Drone1_3_7_1641263165282865000.png
Drone1	1641263164972	-2.13623e-06	0	15.1824	1	0	0	-1.08896e-10	img_Drone1_3_0_1641263165804495000.png;img_Drone1_3_7_1641263165805279000.png
Drone1	1641263165392	-2.13623e-06	0	14.9753	1	0	0	-1.08896e-10	img_Drone1_3_0_1641263166241018000.png;img_Drone1_3_7_1641263166242079000.png
Drone1	1641263165830	-2.13623e-06	0	14.7716	1	0	0	-1.08896e-10	img_Drone1_3_0_1641263166679208000.png;img_Drone1_3_7_1641263166679998000.png
Drone1	1641263166256	-2.13623e-06	0	14.7869	1	0	0	-1.08896e-10	img_Drone1_3_0_1641263167105641000.png;img_Drone1_3_7_1641263167106484000.png
Drone1	1641263166742	-2.13623e-06	0	14.798	1	0	0	-1.08896e-10	img_Drone1_3_0_1641263167594088000.png;img_Drone1_3_7_1641263167594895000.png
Drone1	1641263167297	-2.13623e-06	0	14.5784	1	0	0	-1.08896e-10	img_Drone1_3_0_1641263168173382000.png;img_Drone1_3_7_1641263168174264000.png
Drone1	1641263167756	-2.13623e-06	0	14.1235	1	0	0	-1.08896e-10	img_Drone1_3_0_1641263168653878000.png;img_Drone1_3_7_1641263168654723000.png
Drone1	1641263168347	-2.13623e-06	0	13.5361	1	0	0	-1.08896e-10	img_Drone1_3_0_1641263169269733000.png;img_Drone1_3_7_1641263169270586000.png
Drone1	1641263168962	-2.13623e-06	0	12.9241	1	0	0	-1.08896e-10	img_Drone1_3_0_1641263169887046000.png;img_Drone1_3_7_1641263169888831000.png
Drone1	1641263169343	-2.13623e-06	0	12.5447	1	0	0	-1.08896e-10	img_Drone1_3_0_1641263170272979000.png;img_Drone1_3_7_1641263170273742000.png
Drone1	1641263169979	-2.13623e-06	0	11.9111	1	0	0	-1.08896e-10	img_Drone1_3_0_1641263170916575000.png;img_Drone1_3_7_1641263170917329000.png
Drone1	1641263170450	-2.13623e-06	0	11.4418	1	0	0	-1.08896e-10	img_Drone1_3_0_1641263171409730000.png;img_Drone1_3_7_1641263171413215000.png
Drone1	1641263170918	-2.13623e-06	0	10.9754	1	0	0	-1.08896e-10	img_Drone1_3_0_1641263171879777000.png;img_Drone1_3_7_1641263171880573000.png
Drone1	1641263171311	-2.13623e-06	0	10.5837	1	0	0	-1.08896e-10	img_Drone1_3_0_1641263172275898000.png;img_Drone1_3_7_1641263172276697000.png
Drone1	1641263172010	-2.13623e-06	0	9.88709	1	0	0	-1.08896e-10	img_Drone1_3_0_1641263172985359000.png;img_Drone1_3_7_1641263172986311000.png
Drone1	1641263172403	-2.13623e-06	0	9.49543	1	0	0	-1.08896e-10	img_Drone1_3_0_1641263173381191000.png;img_Drone1_3_7_1641263173382878000.png
Drone1	1641263172988	-2.13623e-06	0	8.91243	1	0	0	-1.08896e-10	img_Drone1_3_0_1641263173987005000.png;img_Drone1_3_7_1641263173987775000.png
Drone1	1641263173570	-2.13623e-06	0	8.33241	1	0	0	-1.08896e-10	img_Drone1_3_0_1641263174577002000.png;img_Drone1_3_7_1641263174578977000.png
Drone1	1641263174065	-2.13623e-06	0	7.83908	1	0	0	-1.08896e-10	img_Drone1_3_0_1641263175074917000.png;img_Drone1_3_7_1641263175075788000.png
Drone1	1641263174581	-2.13623e-06	0	7.32475	1	0	0	-1.08896e-10	img_Drone1_3_0_1641263175604730000.png;img_Drone1_3_7_1641263175605617000.png
Drone1	1641263175133	-2.13623e-06	0	6.77455	1	0	0	-1.08896e-10	img_Drone1_3_0_1641263176170746000.png;img_Drone1_3_7_1641263176171523000.png
Drone1	1641263175637	-2.13623e-06	0	6.27219	1	0	0	-1.08896e-10	img_Drone1_3_0_1641263176682346000.png;img_Drone1_3_7_1641263176683131000.png
Drone1	1641263175949	-2.13623e-06	0	5.9612	1	0	0	-1.08896e-10	img_Drone1_3_0_1641263177001380000.png;img_Drone1_3_7_1641263177002161000.png
Drone1	1641263176465	-2.13623e-06	0	5.44688	1	0	0	-1.08896e-10	img_Drone1_3_0_1641263177525279000.png;img_Drone1_3_7_1641263177526137000.png
Drone1	1641263177032	-2.13623e-06	0	4.88172	1	0	0	-1.08896e-10	img_Drone1_3_0_1641263178104843000.png;img_Drone1_3_7_1641263178105594000.png
Drone1	1641263177479	-2.13623e-06	0	4.43618	1	0	0	-1.08896e-10	img_Drone1_3_0_1641263178589980000.png;img_Drone1_3_7_1641263178590707000.png
Drone1	1641263178070	-2.13623e-06	0	3.84711	1	0	0	-1.08896e-10	img_Drone1_3_0_1641263179186553000.png;img_Drone1_3_7_1641263179187282000.png
Drone1	1641263178517	-2.13623e-06	0	3.4016	1	0	0	-1.08896e-10	img_Drone1_3_0_1641263179635927000.png;img_Drone1_3_7_1641263179636683000.png
Drone1	1641263179081	-2.13623e-06	0	2.83948	1	0	0	-1.08896e-10	img_Drone1_3_0_1641263180207598000.png;img_Drone1_3_7_1641263180208345000.png
Drone1	1641263179528	-2.13623e-06	0	2.39397	1	0	0	-1.08896e-10	img_Drone1_3_0_1641263180685762000.png;img_Drone1_3_7_1641263180686595000.png
Drone1	1641263180113	-2.13623e-06	0	1.81091	1	0	0	-1.08896e-10	img_Drone1_3_0_1641263181274482000.png;img_Drone1_3_7_1641263181275286000.png
Drone1	1641263180587	-2.13623e-06	0	1.33847	1	0	0	-1.08896e-10	img_Drone1_3_0_1641263181759221000.png;img_Drone1_3_7_1641263181759929000.png
Drone1	1641263181058	-2.13623e-06	0	0.869021	1	0	0	-1.08896e-10	img_Drone1_3_0_1641263182257842000.png;img_Drone1_3_7_1641263182258586000.png
Drone1	1641263181415	-2.13623e-06	0	0.513203	1	0	0	-1.08896e-10	img_Drone1_3_0_1641263182723515000.png;img_Drone1_3_7_1641263182724233000.png
Drone1	1641263182087	-2.13623e-06	0	-0.156572	1	0	0	-1.08896e-10	img_Drone1_3_0_1641263183465095000.png;img_Drone1_3_7_1641263183465809000.png
Drone1	1641263182657	-2.13623e-06	0	-0.724684	1	0	0	-1.08896e-10	img_Drone1_3_0_1641263184136679000.png;img_Drone1_3_7_1641263184137380000.png
Drone1	1641263183017	-2.13623e-06	0	-1.08349	1	0	0	-1.08896e-10	img_Drone1_3_0_1641263184508783000.png;img_Drone1_3_7_1641263184509537000.png
Drone1	1641263183488	-2.13623e-06	0	-1.55292	1	0	0	-1.08896e-10	img_Drone1_3_0_1641263185044547000.png;img_Drone1_3_7_1641263185045421000.png
Drone1	1641263184379	-2.13623e-06	0	-2.44095	1	0	0	-1.08896e-10	img_Drone1_3_0_1641263186026450000.png;img_Drone1_3_7_1641263186027173000.png
Drone1	1641263184766	-2.13623e-06	0	-2.82667	1	0	0	-1.08896e-10	img_Drone1_3_0_1641263186455069000.png;img_Drone1_3_7_1641263186455831000.png
Drone1	1641263185399	-2.13623e-06	0	-3.45756	1	0	0	-1.08896e-10	img_Drone1_3_0_1641263187123692000.png;img_Drone1_3_7_1641263187124521000.png
Drone1	1641263185846	-2.13623e-06	0	-3.90307	1	0	0	-1.08896e-10	img_Drone1_3_0_1641263187590439000.png;img_Drone1_3_7_1641263187591170000.png
Drone1	1641263186386	-2.13623e-06	0	-4.4413	1	0	0	-1.08896e-10	img_Drone1_3_0_1641263188164001000.png;img_Drone1_3_7_1641263188168558000.png
Drone1	1641263186734	-2.13623e-06	0	-4.78817	1	0	0	-1.08896e-10	img_Drone1_3_0_1641263188519714000.png;img_Drone1_3_7_1641263188520463000.png
Drone1	1641263187376	-2.13623e-06	0	-5.42809	1	0	0	-1.08896e-10	img_Drone1_3_0_1641263189173824000.png;img_Drone1_3_7_1641263189174603000.png
Drone1	1641263187778	-2.13623e-06	0	-5.82878	1	0	0	-1.08896e-10	img_Drone1_3_0_1641263189584713000.png;img_Drone1_3_7_1641263189585511000.png
Drone1	1641263188501	-2.13623e-06	0	-6.54943	1	0	0	-1.08896e-10	img_Drone1_3_0_1641263190323843000.png;img_Drone1_3_7_1641263190324665000.png
Drone1	1641263189140	-2.13623e-06	0	-7.18635	1	0	0	-1.08896e-10	img_Drone1_3_0_1641263190966858000.png;img_Drone1_3_7_1641263190967993000.png
Drone1	1641263189590	-2.13623e-06	0	-7.63489	1	0	0	-1.08896e-10	img_Drone1_3_0_1641263191447139000.png;img_Drone1_3_7_1641263191447877000.png
Drone1	1641263190226	-2.13623e-06	0	-8.26878	1	0	0	-1.08896e-10	img_Drone1_3_0_1641263192137819000.png;img_Drone1_3_7_1641263192138541000.png
Drone1	1641263190631	-2.13623e-06	0	-8.67239	1	0	0	-1.08896e-10	img_Drone1_3_0_1641263192602797000.png;img_Drone1_3_7_1641263192603552000.png
Drone1	1641263191063	-2.13623e-06	0	-9.10292	1	0	0	-1.08896e-10	img_Drone1_3_0_1641263193097301000.png;img_Drone1_3_7_1641263193099374000.png
Drone1	1641263191711	-2.13623e-06	0	-9.63381	1	0	0	-1.08896e-10	img_Drone1_3_0_1641263193793502000.png;img_Drone1_3_7_1641263193794279000.png
Drone1	1641263192107	-2.13623e-06	0	-9.60785	1	0	0	-1.08896e-10	img_Drone1_3_0_1641263194204998000.png;img_Drone1_3_7_1641263194205775000.png
Drone1	1641263192578	-2.13623e-06	0	-9.60129	1	0	0	-1.08896e-10	img_Drone1_3_0_1641263194679544000.png;img_Drone1_3_7_1641263194680613000.png
Drone1	1641263193016	-2.13623e-06	0	-9.6052	1	0	0	-1.08896e-10	img_Drone1_3_0_1641263195124080000.png;img_Drone1_3_7_1641263195124857000.png
Drone1	1641263193559	-2.13623e-06	0	-9.61226	1	0	0	-1.08896e-10	img_Drone1_3_0_1641263195666627000.png;img_Drone1_3_7_1641263195667381000.png
Drone1	1641263194183	-2.13623e-06	0	-9.61879	1	0	0	-1.08896e-10	img_Drone1_3_0_1641263196321689000.png;img_Drone1_3_7_1641263196332891000.png
Drone1	1641263194570	-8.98614e-09	0	0.0831747	1	-0	1.96695e-06	0	img_Drone1_3_0_1641263196732759000.png;img_Drone1_3_7_1641263196733511000.png
Drone1	1641263195020	-7.17816e-07	0	1.85582	1	-0	1.96695e-06	0	img_Drone1_3_0_1641263197200175000.png;img_Drone1_3_7_1641263197200888000.png
Drone1	1641263195557	-5.95585e-06	0	5.45366	1	-0	1.96695e-06	0	img_Drone1_3_0_1641263197775523000.png;img_Drone1_3_7_1641263197776268000.png
Drone1	1641263196043	-1.7892e-05	0	9.31863	1	-0	1.96695e-06	0	img_Drone1_3_0_1641263198315795000.png;img_Drone1_3_7_1641263198316547000.png
Drone1	1641263196529	-3.81444e-05	0	13.386	1	-0	1.96695e-06	0	img_Drone1_3_0_1641263198809004000.png;img_Drone1_3_7_1641263198809754000.png
Drone1	1641263197021	-5.76782e-05	0	16.3039	1	0	0	0	img_Drone1_3_0_1641263199309229000.png;img_Drone1_3_7_1641263199310024000.png
Drone1	1641263197531	-5.76782e-05	0	16.3039	1	0	0	0	img_Drone1_3_0_1641263199825430000.png;img_Drone1_3_7_1641263199826045000.png
Drone1	1641263202017	-3.29905e-07	-2.40166e-17	1.25513	1	-1.56484e-16	4.26343e-08	-6.26664e-11	img_Drone1_3_0_1641263204412883000.png;img_Drone1_3_7_1641263204413638000.png
Drone1	1641263202518	-7.69249e-07	-3.86179e-16	4.1246	1	-3.13182e-16	2.44507e-09	-1.08896e-10	img_Drone1_3_0_1641263204918472000.png;img_Drone1_3_7_1641263204919200000.png
Drone1	1641263203019	-1.21871e-06	-1.85766e-15	7.72872	1	-4.67305e-16	-3.82182e-09	-1.08896e-10	img_Drone1_3_0_1641263205426849000.png;img_Drone1_3_7_1641263205427575000.png
Drone1	1641263203559	-1.68319e-06	-5.75803e-15	11.9304	1	-6.33427e-16	-1.05766e-08	-1.08896e-10	img_Drone1_3_0_1641263205967607000.png;img_Drone1_3_7_1641263205968431000.png
Drone1	1641263204051	-2.05674e-06	-1.23227e-14	15.8583	1	-7.84781e-16	-1.67309e-08	-1.08896e-10	img_Drone1_3_0_1641263206488075000.png;img_Drone1_3_7_1641263206488898000.png
Drone1	1641263204522	-2.13623e-06	0	16.304	1	0	0	-1.08896e-10	img_Drone1_3_0_1641263206961034000.png;img_Drone1_3_7_1641263206961618000.png
Drone1	1641263210039	-2.7316e-07	-1.3252e-17	0.958232	1	-1.34485e-16	6.70533e-08	-5.16594e-11	img_Drone1_3_0_1641263212557554000.png;img_Drone1_3_7_1641263212558306000.png
Drone1	1641263210546	-7.12881e-07	-2.98509e-16	3.71023	1	-2.93801e-16	3.23312e-09	-1.08896e-10	img_Drone1_3_0_1641263213068297000.png;img_Drone1_3_7_1641263213069002000.png
Drone1	1641263211122	-1.22938e-06	-1.91424e-15	7.81971	1	-4.70997e-16	-3.97192e-09	-1.08896e-10	img_Drone1_3_0_1641263213651768000.png;img_Drone1_3_7_1641263213652465000.png
Drone1	1641263211611	-1.65112e-06	-5.37225e-15	11.6217	1	-6.21429e-16	-1.00887e-08	-1.08896e-10	img_Drone1_3_0_1641263214160359000.png;img_Drone1_3_7_1641263214161115000.png
Drone1	1641263212112	-2.0359e-06	-1.18248e-14	15.6176	1	-7.75553e-16	-1.63556e-08	-1.08896e-10	img_Drone1_3_0_1641263214661989000.png;img_Drone1_3_7_1641263214662797000.png
Drone1	1641263212541	-2.13623e-06	0	16.304	1	0	0	-1.08896e-10	img_Drone1_3_0_1641263215092976000.png;img_Drone1_3_7_1641263215093592000.png
Drone1	1641263218559	-4.84632e-07	0	1.50441	1	-0	1.96695e-06	0	img_Drone1_3_0_1641263221203489000.png;img_Drone1_3_7_1641263221204226000.png
Drone1	1641263219066	-4.4846e-06	0	4.73883	1	-0	1.96695e-06	0	img_Drone1_3_0_1641263221710463000.png;img_Drone1_3_7_1641263221711249000.png
Drone1	1641263219672	-1.86902e-05	0	9.51642	1	-0	1.96695e-06	0	img_Drone1_3_0_1641263222324265000.png;img_Drone1_3_7_1641263222325057000.png
Drone1	1641263220092	-3.60493e-05	0	13.0307	1	-0	1.96695e-06	0	img_Drone1_3_0_1641263222753363000.png;img_Drone1_3_7_1641263222754120000.png
Drone1	1641263220626	-5.79834e-05	0	16.3039	1	0	0	0	img_Drone1_3_0_1641263223294802000.png;img_Drone1_3_7_1641263223295514000.png
Drone1	1641263221070	-5.79834e-05	0	16.3039	1	0	0	0	img_Drone1_3_0_1641263223740392000.png;img_Drone1_3_7_1641263223740970000.png
