VehicleName	TimeStamp	POS_X	POS_Y	POS_Z	Q_W	Q_X	Q_Y	Q_Z	ImageFile
Drone1	1640953118600	-0.104277	7.46051e-08	0.531198	3.5777e-07	0.0179329	-6.99439e-09	0.999839	img_Drone1_0_0_1640953118678162000.png;img_Drone1_0_7_1640953118678286000.png
Drone1	1640953119434	-0.351384	2.56204e-07	5.42494	3.58118e-07	6.40323e-05	-2.50629e-09	1	img_Drone1_0_0_1640953119518149000.png;img_Drone1_0_7_1640953119518781000.png
Drone1	1640953120412	-0.645316	5.09703e-07	12.9585	3.58584e-07	1.05782e-07	-4.71798e-09	1	img_Drone1_0_0_1640953120501631000.png;img_Drone1_0_7_1640953120502272000.png
Drone1	1640953121681	-1.0259	9.72509e-07	23.1652	3.5901e-07	1.03959e-07	-7.61744e-09	1	img_Drone1_0_0_1640953121813778000.png;img_Drone1_0_7_1640953121814495000.png
Drone1	1640953122479	-1.02088	9.64999e-07	23.03	3.13916e-07	0	0	1	img_Drone1_0_0_1640953122612681000.png;img_Drone1_0_7_1640953122613236000.png
Drone1	1640953148523	-0.23787	1.71148e-07	2.87471	3.57976e-07	0.000823403	-1.91444e-09	1	img_Drone1_0_0_1640953149484386000.png;img_Drone1_0_7_1640953149485035000.png
Drone1	1640953149465	-0.40841	3.33978e-07	5.3986	3.55713e-07	-0.00652095	-1.42251e-09	0.999979	img_Drone1_0_0_1640953150461330000.png;img_Drone1_0_7_1640953150461980000.png
Drone1	1640953150512	-0.403354	4.53884e-07	4.10986	3.53036e-07	-0.00260222	1.02716e-08	0.999997	img_Drone1_0_0_1640953151524541000.png;img_Drone1_0_7_1640953151525187000.png
Drone1	1640953151691	-0.326065	3.72753e-07	2.84095	3.50521e-07	-0.00122592	2.25676e-09	0.999999	img_Drone1_0_0_1640953152750402000.png;img_Drone1_0_7_1640953152751027000.png
Drone1	1640953152627	-0.248671	2.69343e-07	1.88496	3.46052e-07	0.00328313	6.63876e-10	0.999995	img_Drone1_0_0_1640953153705935000.png;img_Drone1_0_7_1640953153706620000.png
Drone1	1640953153530	-0.219412	2.36646e-07	0.976112	3.41298e-07	0.00278816	-3.06017e-09	0.999996	img_Drone1_0_0_1640953154622287000.png;img_Drone1_0_7_1640953154623154000.png
Drone1	1640953154664	-0.237967	2.29537e-07	-0.157359	3.37853e-07	-0.000197432	2.3569e-09	1	img_Drone1_0_0_1640953155832862000.png;img_Drone1_0_7_1640953155833561000.png
Drone1	1640953155639	-0.255727	2.60018e-07	-1.13014	3.31474e-07	-0.00102464	-7.68911e-09	1	img_Drone1_0_0_1640953156851660000.png;img_Drone1_0_7_1640953156852541000.png
Drone1	1640953156566	-0.257011	3.28962e-07	-2.05438	3.30806e-07	-0.000429097	1.11843e-08	1	img_Drone1_0_0_1640953157813781000.png;img_Drone1_0_7_1640953157814877000.png
Drone1	1640953157691	-0.249804	2.27345e-07	-3.17577	3.31755e-07	0.000250194	2.84416e-09	1	img_Drone1_0_0_1640953158981510000.png;img_Drone1_0_7_1640953158982176000.png
Drone1	1640953158714	-0.247088	7.27227e-08	-4.19543	3.36524e-07	0.000219709	5.57131e-10	1	img_Drone1_0_0_1640953160043480000.png;img_Drone1_0_7_1640953160044309000.png
Drone1	1640953159683	-0.383175	0.136658	-4.51881	0.184024	0.182065	-0.1189	0.958567	img_Drone1_0_0_1640953161048106000.png;img_Drone1_0_7_1640953161048762000.png
Drone1	1640953160739	-2.58379	2.3134	-3.73817	0.361398	0.0593067	-0.0274235	0.930119	img_Drone1_0_0_1640953162172790000.png;img_Drone1_0_7_1640953162193293000.png
Drone1	1640953161657	-5.35159	5.08159	-2.52621	0.388532	0.0202764	-0.00854334	0.921173	img_Drone1_0_0_1640953163201351000.png;img_Drone1_0_7_1640953163201988000.png
Drone1	1640953162650	-8.56896	8.30695	-1.20118	0.383627	0.00984999	-0.00412197	0.923427	img_Drone1_0_0_1640953164215236000.png;img_Drone1_0_7_1640953164215862000.png
Drone1	1640953163709	-12.0601	11.8084	0.206344	0.383181	0.00745584	-0.0030626	0.923638	img_Drone1_0_0_1640953165293140000.png;img_Drone1_0_7_1640953165293781000.png
Drone1	1640953164669	-15.2374	14.9943	1.47998	0.3832	0.00698639	-0.00285491	0.923634	img_Drone1_0_0_1640953166280784000.png;img_Drone1_0_7_1640953166281518000.png
Drone1	1640953165662	-18.5272	18.292	2.79621	0.383143	0.00687016	-0.00281055	0.923659	img_Drone1_0_0_1640953167365205000.png;img_Drone1_0_7_1640953167365854000.png
Drone1	1640953166760	-22.1663	21.9389	4.25069	0.383083	0.00683971	-0.00280597	0.923685	img_Drone1_0_0_1640953168560601000.png;img_Drone1_0_7_1640953168561654000.png
Drone1	1640953167654	-25.1298	24.9081	5.43442	0.383048	0.00683197	-0.00280871	0.923699	img_Drone1_0_0_1640953169533202000.png;img_Drone1_0_7_1640953169533866000.png
Drone1	1640953168749	-28.7602	28.5443	6.88377	0.383024	0.00682702	-0.0028163	0.923709	img_Drone1_0_0_1640953170653465000.png;img_Drone1_0_7_1640953170654133000.png
Drone1	1640953169724	-31.993	31.782	8.17393	0.383007	0.00682535	-0.00281913	0.923716	img_Drone1_0_0_1640953171652724000.png;img_Drone1_0_7_1640953171653381000.png
Drone1	1640953170660	-35.097	34.8907	9.41226	0.382992	0.00682557	-0.00281972	0.923722	img_Drone1_0_0_1640953172649822000.png;img_Drone1_0_7_1640953172651419000.png
Drone1	1640953171788	-38.8377	38.6357	10.9043	0.382995	0.00682237	-0.00282796	0.923721	img_Drone1_0_0_1640953173834596000.png;img_Drone1_0_7_1640953173835235000.png
Drone1	1640953172646	-41.683	41.4843	12.0391	0.382999	0.00682274	-0.0028299	0.923719	img_Drone1_0_0_1640953174741360000.png;img_Drone1_0_7_1640953174741989000.png
Drone1	1640953173748	-45.3342	45.1408	13.495	0.382988	0.00682478	-0.00282479	0.923724	img_Drone1_0_0_1640953175867524000.png;img_Drone1_0_7_1640953175868156000.png
Drone1	1640953174735	-48.6073	48.4177	14.8003	0.382991	0.00682419	-0.00282944	0.923723	img_Drone1_0_0_1640953176878265000.png;img_Drone1_0_7_1640953176878865000.png
Drone1	1640953175737	-51.9302	51.7444	16.1251	0.382997	0.00682385	-0.00283182	0.92372	img_Drone1_0_0_1640953177914570000.png;img_Drone1_0_7_1640953177915166000.png
Drone1	1640953176808	-55.4819	55.3012	17.5413	0.382985	0.00682692	-0.00282617	0.923725	img_Drone1_0_0_1640953179025531000.png;img_Drone1_0_7_1640953179026310000.png
Drone1	1640953177888	-59.0635	58.8869	18.9689	0.382989	0.00682535	-0.00283025	0.923723	img_Drone1_0_0_1640953180145970000.png;img_Drone1_0_7_1640953180146760000.png
Drone1	1640953178689	-61.7198	61.5462	20.0277	0.382993	0.00682529	-0.00283204	0.923722	img_Drone1_0_0_1640953180980438000.png;img_Drone1_0_7_1640953180981023000.png
Drone1	1640953179667	-64.9631	64.7936	21.3205	0.382997	0.0068269	-0.00283258	0.92372	img_Drone1_0_0_1640953182051457000.png;img_Drone1_0_7_1640953182052051000.png
Drone1	1640953180822	-68.7933	68.6297	22.8475	0.382978	0.00683028	-0.00282552	0.923728	img_Drone1_0_0_1640953183228266000.png;img_Drone1_0_7_1640953183229016000.png
Drone1	1640953181683	-71.6486	71.4894	23.9858	0.382964	0.00683168	-0.00282379	0.923734	img_Drone1_0_0_1640953184139801000.png;img_Drone1_0_7_1640953184140409000.png
Drone1	1640953182703	-75.0312	74.8771	25.3344	0.382947	0.00683355	-0.00282355	0.923741	img_Drone1_0_0_1640953185209886000.png;img_Drone1_0_7_1640953185210470000.png
Drone1	1640953183840	-78.8017	78.6535	26.8376	0.382928	0.0068345	-0.0028238	0.923749	img_Drone1_0_0_1640953186392636000.png;img_Drone1_0_7_1640953186393228000.png
Drone1	1640953184860	-82.1843	82.0412	28.1861	0.382912	0.00683541	-0.00282409	0.923755	img_Drone1_0_0_1640953187494283000.png;img_Drone1_0_7_1640953187494892000.png
Drone1	1640953185826	-85.3878	85.2481	29.4631	0.382911	0.00683268	-0.0028327	0.923756	img_Drone1_0_0_1640953188470869000.png;img_Drone1_0_7_1640953188471538000.png
Drone1	1640953186843	-88.7604	88.6244	30.8073	0.382933	0.00683129	-0.00283716	0.923747	img_Drone1_0_0_1640953189488341000.png;img_Drone1_0_7_1640953189488979000.png
Drone1	1640953187806	-91.954	91.8229	32.0804	0.382914	0.00683554	-0.00282821	0.923754	img_Drone1_0_0_1640953190458193000.png;img_Drone1_0_7_1640953190458845000.png
Drone1	1640953188913	-95.625	95.4973	33.5443	0.382934	0.00683374	-0.00284022	0.923746	img_Drone1_0_0_1640953191577604000.png;img_Drone1_0_7_1640953191578253000.png
Drone1	1640953189702	-98.2416	98.1178	34.5877	0.382921	0.00683771	-0.00283225	0.923752	img_Drone1_0_0_1640953192385249000.png;img_Drone1_0_7_1640953192385914000.png
Drone1	1640953190953	-102.39	102.271	36.2416	0.382913	0.0068371	-0.00283499	0.923755	img_Drone1_0_0_1640953193686139000.png;img_Drone1_0_7_1640953193686797000.png
Drone1	1640953191649	-104.698	104.582	37.1615	0.382934	0.00683503	-0.00284028	0.923746	img_Drone1_0_0_1640953194397321000.png;img_Drone1_0_7_1640953194398110000.png
Drone1	1640953192717	-108.24	108.129	38.5735	0.382915	0.00684006	-0.00283028	0.923754	img_Drone1_0_0_1640953195499133000.png;img_Drone1_0_7_1640953195499946000.png
Drone1	1640953193803	-111.841	111.733	40.0088	0.382934	0.00683629	-0.00284175	0.923746	img_Drone1_0_0_1640953196625773000.png;img_Drone1_0_7_1640953196626402000.png
Drone1	1640953194793	-115.125	115.022	41.3176	0.382923	0.00684059	-0.00283322	0.923751	img_Drone1_0_0_1640953197675579000.png;img_Drone1_0_7_1640953197679340000.png
Drone1	1640953195774	-118.378	118.278	42.6143	0.382921	0.00683982	-0.00283757	0.923751	img_Drone1_0_0_1640953198700352000.png;img_Drone1_0_7_1640953198701187000.png
Drone1	1640953196887	-122.069	121.974	44.0855	0.382934	0.00684111	-0.00283691	0.923746	img_Drone1_0_0_1640953199846281000.png;img_Drone1_0_7_1640953199856280000.png
Drone1	1640953197766	-124.984	124.893	45.2476	0.382919	0.00684392	-0.00283269	0.923752	img_Drone1_0_0_1640953200800206000.png;img_Drone1_0_7_1640953200800846000.png
Drone1	1640953198843	-128.555	128.468	46.6711	0.382946	0.00684048	-0.00284269	0.923741	img_Drone1_0_0_1640953201877903000.png;img_Drone1_0_7_1640953201878570000.png
Drone1	1640953199716	-131.45	131.367	47.8252	0.382928	0.00684501	-0.0028337	0.923748	img_Drone1_0_0_1640953202797318000.png;img_Drone1_0_7_1640953202797979000.png
Drone1	1640953200796	-135.032	134.954	49.2531	0.382911	0.00684726	-0.00283028	0.923755	img_Drone1_0_0_1640953203976257000.png;img_Drone1_0_7_1640953203976995000.png
Drone1	1640953201849	-138.524	138.452	50.6452	0.382894	0.00684978	-0.00282999	0.923763	img_Drone1_0_0_1640953205066088000.png;img_Drone1_0_7_1640953205066876000.png
Drone1	1640953202800	-141.678	141.61	51.9025	0.382878	0.00685067	-0.00283003	0.923769	img_Drone1_0_0_1640953206022950000.png;img_Drone1_0_7_1640953206023638000.png
Drone1	1640953203736	-144.782	144.719	53.14	0.382863	0.00685147	-0.00283036	0.923775	img_Drone1_0_0_1640953207080313000.png;img_Drone1_0_7_1640953207080951000.png
Drone1	1640953204870	-148.542	148.486	54.6392	0.382844	0.00685237	-0.00283064	0.923783	img_Drone1_0_0_1640953208231583000.png;img_Drone1_0_7_1640953208232256000.png
Drone1	1640953205833	-151.736	151.684	55.9124	0.382828	0.0068533	-0.00283073	0.92379	img_Drone1_0_0_1640953209220697000.png;img_Drone1_0_7_1640953209221353000.png
Drone1	1640953206832	-155.049	155.002	57.2331	0.382812	0.00685416	-0.00283098	0.923797	img_Drone1_0_0_1640953210232712000.png;img_Drone1_0_7_1640953210233377000.png
Drone1	1640953207726	-158.014	157.971	58.4151	0.382797	0.00685499	-0.00283118	0.923803	img_Drone1_0_0_1640953211239217000.png;img_Drone1_0_7_1640953211239898000.png
Drone1	1640953208947	-162.063	162.027	60.0294	0.382777	0.00685609	-0.00283148	0.923811	img_Drone1_0_0_1640953212637115000.png;img_Drone1_0_7_1640953212637752000.png
Drone1	1640953209742	-164.699	164.667	61.0804	0.382764	0.00685685	-0.0028317	0.923816	img_Drone1_0_0_1640953213451346000.png;img_Drone1_0_7_1640953213451951000.png
Drone1	1640953210666	-167.763	167.733	62.3015	0.382786	0.00684973	-0.00285074	0.923807	img_Drone1_0_0_1640953214425908000.png;img_Drone1_0_7_1640953214426486000.png
Drone1	1640953211938	-171.982	171.957	63.983	0.382782	0.00685538	-0.00283814	0.923809	img_Drone1_0_0_1640953215724958000.png;img_Drone1_0_7_1640953215725621000.png
Drone1	1640953212880	-175.105	175.086	65.2287	0.38277	0.00685833	-0.00283433	0.923814	img_Drone1_0_0_1640953216694661000.png;img_Drone1_0_7_1640953216695261000.png
Drone1	1640953213753	-178.001	177.983	66.3832	0.382779	0.00685475	-0.00284921	0.92381	img_Drone1_0_0_1640953217570561000.png;img_Drone1_0_7_1640953217571166000.png
Drone1	1640953214911	-181.841	181.829	67.9146	0.382781	0.00685911	-0.00284039	0.923809	img_Drone1_0_0_1640953218776926000.png;img_Drone1_0_7_1640953218777704000.png
Drone1	1640953215838	-184.915	184.908	69.1405	0.38277	0.00686166	-0.00283604	0.923814	img_Drone1_0_0_1640953219752061000.png;img_Drone1_0_7_1640953219752638000.png
Drone1	1640953216879	-188.37	188.366	70.4513	0.382741	0.00891632	-0.00368695	0.923805	img_Drone1_0_0_1640953220850124000.png;img_Drone1_0_7_1640953220850697000.png
Drone1	1640953218010	-192.174	192.172	70.9861	0.382825	0.00412445	-0.00175308	0.92381	img_Drone1_0_0_1640953222041171000.png;img_Drone1_0_7_1640953222041911000.png
Drone1	1640953218799	-193.932	193.927	69.7925	0.765563	-0.247641	-0.0259843	0.593222	img_Drone1_0_0_1640953222871999000.png;img_Drone1_0_7_1640953222872567000.png
Drone1	1640953219921	-192.278	192.23	66.3849	0.864827	-0.0181659	-0.0714391	-0.49663	img_Drone1_0_0_1640953224070792000.png;img_Drone1_0_7_1640953224071497000.png
Drone1	1640953220810	-189.862	189.826	64.1965	0.934844	-0.00987962	-0.0215142	-0.354268	img_Drone1_0_0_1640953224989174000.png;img_Drone1_0_7_1640953224989816000.png
Drone1	1640953221857	-186.734	186.707	61.7073	0.924846	-0.00344584	-0.00802086	-0.380242	img_Drone1_0_0_1640953226051031000.png;img_Drone1_0_7_1640953226051703000.png
Drone1	1640953222763	-183.98	183.959	59.5515	0.923705	-0.00227659	-0.00535774	-0.38306	img_Drone1_0_0_1640953226994638000.png;img_Drone1_0_7_1640953226995333000.png
Drone1	1640953224011	-180.191	180.177	56.5411	0.923949	-0.00197515	-0.00465707	-0.382482	img_Drone1_0_0_1640953228252104000.png;img_Drone1_0_7_1640953228252769000.png
Drone1	1640953224815	-177.761	177.75	54.5747	0.923961	-0.00196076	-0.004642	-0.382454	img_Drone1_0_0_1640953229053338000.png;img_Drone1_0_7_1640953229054457000.png
Drone1	1640953225787	-174.835	174.827	52.1722	0.923931	-0.00198379	-0.00472029	-0.382524	img_Drone1_0_0_1640953230085965000.png;img_Drone1_0_7_1640953230086647000.png
Drone1	1640953226825	-171.722	171.717	49.5813	0.923913	-0.00201932	-0.00482238	-0.382566	img_Drone1_0_0_1640953231131186000.png;img_Drone1_0_7_1640953231131943000.png
Drone1	1640953227890	-168.54	168.535	46.9013	0.923899	-0.00205237	-0.00492083	-0.382599	img_Drone1_0_0_1640953232209514000.png;img_Drone1_0_7_1640953232210235000.png
Drone1	1640953228880	-165.588	165.586	44.3946	0.923891	-0.002082	-0.00499591	-0.382616	img_Drone1_0_0_1640953233220645000.png;img_Drone1_0_7_1640953233221305000.png
Drone1	1640953229912	-162.519	162.517	41.7691	0.923884	-0.00210667	-0.0050606	-0.382633	img_Drone1_0_0_1640953234302467000.png;img_Drone1_0_7_1640953234303168000.png
Drone1	1640953230887	-159.622	159.621	39.2796	0.92388	-0.00212076	-0.00511121	-0.382643	img_Drone1_0_0_1640953235312725000.png;img_Drone1_0_7_1640953235313439000.png
Drone1	1640953231703	-157.202	157.201	37.1908	0.923873	-0.00213717	-0.00514673	-0.38266	img_Drone1_0_0_1640953236247040000.png;img_Drone1_0_7_1640953236247723000.png
Drone1	1640953232666	-154.347	154.346	34.7209	0.923874	-0.0021448	-0.00517505	-0.382655	img_Drone1_0_0_1640953237248381000.png;img_Drone1_0_7_1640953237249190000.png
Drone1	1640953233875	-150.767	150.767	31.614	0.923869	-0.00216084	-0.00521066	-0.382668	img_Drone1_0_0_1640953238499734000.png;img_Drone1_0_7_1640953238500547000.png
Drone1	1640953234934	-147.632	147.632	28.8887	0.923869	-0.00216562	-0.00522691	-0.382667	img_Drone1_0_0_1640953239582514000.png;img_Drone1_0_7_1640953239583188000.png
Drone1	1640953235822	-145.004	145.003	26.601	0.923869	-0.00216862	-0.0052354	-0.382667	img_Drone1_0_0_1640953240485604000.png;img_Drone1_0_7_1640953240486244000.png
Drone1	1640953236923	-141.749	141.749	23.7624	0.923863	-0.00217995	-0.00525509	-0.382681	img_Drone1_0_0_1640953241618487000.png;img_Drone1_0_7_1640953241619169000.png
Drone1	1640953237853	-139	139.001	21.3635	0.923864	-0.00218207	-0.00526567	-0.382678	img_Drone1_0_0_1640953242552038000.png;img_Drone1_0_7_1640953242552756000.png
Drone1	1640953239002	-135.605	135.605	18.3984	0.923864	-0.00218308	-0.00527013	-0.382678	img_Drone1_0_0_1640953243710240000.png;img_Drone1_0_7_1640953243711045000.png
Drone1	1640953239782	-133.3	133.3	16.385	0.923864	-0.00218374	-0.0052718	-0.382678	img_Drone1_0_0_1640953244512492000.png;img_Drone1_0_7_1640953244513186000.png
Drone1	1640953240745	-130.454	130.454	13.8985	0.923864	-0.00218453	-0.00527385	-0.382678	img_Drone1_0_0_1640953245489445000.png;img_Drone1_0_7_1640953245490152000.png
Drone1	1640953241738	-127.52	127.52	11.3339	0.923864	-0.00218446	-0.00527379	-0.382678	img_Drone1_0_0_1640953246622194000.png;img_Drone1_0_7_1640953246622886000.png
Drone1	1640953242821	-124.319	124.319	8.53643	0.923864	-0.00218497	-0.00527497	-0.382678	img_Drone1_0_0_1640953247742985000.png;img_Drone1_0_7_1640953247743715000.png
Drone1	1640953243763	-121.536	121.536	6.1027	0.923864	-0.00218466	-0.00527421	-0.382678	img_Drone1_0_0_1640953248784572000.png;img_Drone1_0_7_1640953248787900000.png
Drone1	1640953245071	-117.67	117.67	2.7229	0.923864	-0.00218532	-0.00527581	-0.382678	img_Drone1_0_0_1640953250194907000.png;img_Drone1_0_7_1640953250195716000.png
Drone1	1640953245812	-115.481	115.481	0.807979	0.923864	-0.00218478	-0.0052745	-0.382678	img_Drone1_0_0_1640953250944873000.png;img_Drone1_0_7_1640953250945692000.png
Drone1	1640953246823	-112.493	112.493	-1.8049	0.923864	-0.00218414	-0.00527298	-0.382678	img_Drone1_0_0_1640953252002972000.png;img_Drone1_0_7_1640953252003633000.png
Drone1	1640953247756	-109.736	109.736	-4.21639	0.923864	-0.00218402	-0.00527267	-0.382678	img_Drone1_0_0_1640953253045550000.png;img_Drone1_0_7_1640953253046193000.png
Drone1	1640953248914	-106.314	106.314	-7.20963	0.923864	-0.00218431	-0.00527339	-0.382678	img_Drone1_0_0_1640953254222139000.png;img_Drone1_0_7_1640953254222802000.png
Drone1	1640953249946	-103.264	103.264	-9.87739	0.923864	-0.00218428	-0.0052733	-0.382678	img_Drone1_0_0_1640953255258028000.png;img_Drone1_0_7_1640953255261816000.png
Drone1	1640953250744	-100.906	100.906	-11.9403	0.923864	-0.00218378	-0.00527209	-0.382678	img_Drone1_0_0_1640953256109587000.png;img_Drone1_0_7_1640953256110243000.png
Drone1	1640953251794	-97.8031	97.8032	-14.6546	0.923864	-0.00218318	-0.00527064	-0.382678	img_Drone1_0_0_1640953257208402000.png;img_Drone1_0_7_1640953257209066000.png
Drone1	1640953252754	-94.9662	94.9663	-17.1365	0.923864	-0.00218265	-0.00526935	-0.382678	img_Drone1_0_0_1640953258174095000.png;img_Drone1_0_7_1640953258174765000.png
Drone1	1640953253813	-91.8367	91.8368	-19.8742	0.923864	-0.00218208	-0.00526809	-0.382678	img_Drone1_0_0_1640953259247218000.png;img_Drone1_0_7_1640953259247902000.png
Drone1	1640953254953	-88.4679	88.468	-22.8219	0.923864	-0.00218213	-0.00526813	-0.382678	img_Drone1_0_0_1640953260449917000.png;img_Drone1_0_7_1640953260462189000.png
Drone1	1640953255973	-85.4536	85.4538	-25.4593	0.923864	-0.00218209	-0.00526804	-0.382678	img_Drone1_0_0_1640953261548649000.png;img_Drone1_0_7_1640953261549360000.png
Drone1	1640953256885	-82.7586	82.7587	-27.8175	0.923864	-0.00218209	-0.00526804	-0.382678	img_Drone1_0_0_1640953262489343000.png;img_Drone1_0_7_1640953262491034000.png
Drone1	1640953257746	-80.2142	80.2143	-30.0438	0.923864	-0.00218192	-0.00526762	-0.382678	img_Drone1_0_0_1640953263404215000.png;img_Drone1_0_7_1640953263404887000.png
Drone1	1640953258865	-76.9074	76.9075	-32.9369	0.923864	-0.0021813	-0.0052661	-0.382678	img_Drone1_0_0_1640953264562211000.png;img_Drone1_0_7_1640953264563193000.png
Drone1	1640953259837	-74.0351	74.0352	-35.4497	0.923864	-0.00217984	-0.00526257	-0.382678	img_Drone1_0_0_1640953265628007000.png;img_Drone1_0_7_1640953265628913000.png
Drone1	1640953260857	-71.0208	71.021	-38.0865	0.923864	-0.00217832	-0.00525888	-0.382678	img_Drone1_0_0_1640953266763431000.png;img_Drone1_0_7_1640953266764142000.png
Drone1	1640953261748	-68.3878	68.3879	-40.39	0.923864	-0.00217803	-0.00525822	-0.382678	img_Drone1_0_0_1640953267674729000.png;img_Drone1_0_7_1640953267675469000.png
Drone1	1640953262900	-64.9835	64.9836	-43.3687	0.923864	-0.00217799	-0.00525812	-0.382678	img_Drone1_0_0_1640953268905030000.png;img_Drone1_0_7_1640953268907212000.png
Drone1	1640953264040	-61.6157	61.6158	-46.316	0.923864	-0.00217879	-0.00526003	-0.382678	img_Drone1_0_0_1640953270078109000.png;img_Drone1_0_7_1640953270081205000.png
Drone1	1640953265051	-58.6294	58.6295	-48.9295	0.923864	-0.00217828	-0.0052588	-0.382678	img_Drone1_0_0_1640953271103116000.png;img_Drone1_0_7_1640953271103832000.png
Drone1	1640953266119	-55.4747	55.4748	-51.6904	0.923864	-0.00217779	-0.00525763	-0.382678	img_Drone1_0_0_1640953272188404000.png;img_Drone1_0_7_1640953272189172000.png
Drone1	1640953266872	-53.2504	53.2505	-53.637	0.923864	-0.00217748	-0.00525679	-0.382678	img_Drone1_0_0_1640953272962533000.png;img_Drone1_0_7_1640953272963230000.png
Drone1	1640953267905	-50.2021	50.2022	-56.3048	0.923864	-0.00217694	-0.00525572	-0.382679	img_Drone1_0_0_1640953274044717000.png;img_Drone1_0_7_1640953274045517000.png
Drone1	1640953268895	-47.2778	47.2779	-58.864	0.923864	-0.00217643	-0.00525454	-0.382679	img_Drone1_0_0_1640953275126150000.png;img_Drone1_0_7_1640953275129724000.png
Drone1	1640953269918	-44.256	44.2561	-61.5086	0.923864	-0.00217601	-0.00525349	-0.382679	img_Drone1_0_0_1640953276191770000.png;img_Drone1_0_7_1640953276192673000.png
Drone1	1640953270914	-41.3139	41.314	-64.0833	0.923864	-0.00217555	-0.0052523	-0.382679	img_Drone1_0_0_1640953277217202000.png;img_Drone1_0_7_1640953277217904000.png
Drone1	1640953271886	-38.4428	38.4429	-66.5952	0.923864	-0.00217434	-0.0052496	-0.382679	img_Drone1_0_0_1640953278212910000.png;img_Drone1_0_7_1640953278213624000.png
Drone1	1640953272999	-35.1552	35.1553	-69.4719	0.923864	-0.00217427	-0.00524944	-0.382679	img_Drone1_0_0_1640953279375642000.png;img_Drone1_0_7_1640953279376493000.png
Drone1	1640953273971	-32.284	32.2841	-71.984	0.923864	-0.00217391	-0.00524833	-0.382679	img_Drone1_0_0_1640953280389455000.png;img_Drone1_0_7_1640953280390547000.png
Drone1	1640953274913	-29.501	29.5011	-74.4191	0.923864	-0.00217338	-0.00524699	-0.382679	img_Drone1_0_0_1640953281404753000.png;img_Drone1_0_7_1640953281408790000.png
Drone1	1640953275789	-26.9128	26.9129	-76.6838	0.923864	-0.00217301	-0.00524608	-0.382679	img_Drone1_0_0_1640953282362046000.png;img_Drone1_0_7_1640953282363085000.png
Drone1	1640953276785	-23.9702	23.9703	-79.2586	0.923864	-0.0021725	-0.00524487	-0.382679	img_Drone1_0_0_1640953283475491000.png;img_Drone1_0_7_1640953283476187000.png
Drone1	1640953278129	-19.9993	19.9995	-82.733	0.923864	-0.00217179	-0.00524313	-0.382679	img_Drone1_0_0_1640953284867029000.png;img_Drone1_0_7_1640953284868856000.png
Drone1	1640953279059	-17.2517	17.2518	-85.1372	0.923864	-0.00217127	-0.00524189	-0.382679	img_Drone1_0_0_1640953285797823000.png;img_Drone1_0_7_1640953285798570000.png
Drone1	1640953279914	-14.7256	14.7257	-87.3474	0.923864	-0.00217084	-0.00524088	-0.382679	img_Drone1_0_0_1640953286713732000.png;img_Drone1_0_7_1640953286714469000.png
Drone1	1640953280814	-12.0666	12.0667	-89.674	0.923864	-0.0021706	-0.00524026	-0.382679	img_Drone1_0_0_1640953287621274000.png;img_Drone1_0_7_1640953287621982000.png
Drone1	1640953282017	-8.5114	8.51148	-92.7756	0.923863	-0.00228829	-0.00552427	-0.382678	img_Drone1_0_0_1640953288860198000.png;img_Drone1_0_7_1640953288865214000.png
Drone1	1640953282893	-5.91925	5.9193	-95.0203	0.923861	-0.00236161	-0.00570145	-0.382677	img_Drone1_0_0_1640953289747718000.png;img_Drone1_0_7_1640953289748460000.png
Drone1	1640953283871	-3.01915	3.01918	-97.5045	0.923859	-0.00250628	-0.00605069	-0.382676	img_Drone1_0_0_1640953290732989000.png;img_Drone1_0_7_1640953290733704000.png
Drone1	1640953284951	0.192601	-0.192602	-100.022	0.914498	0.0543945	0.131319	-0.378801	img_Drone1_0_0_1640953291840689000.png;img_Drone1_0_7_1640953291841688000.png
Drone1	1640953285887	1.85928	-1.85929	-100.185	0.917058	0.0464118	0.112048	-0.379863	img_Drone1_0_0_1640953292877865000.png;img_Drone1_0_7_1640953292878480000.png
Drone1	1640953287084	2.05523	-2.05525	-99.2611	0.923618	0.00909248	0.0219513	-0.382578	img_Drone1_0_0_1640953294138426000.png;img_Drone1_0_7_1640953294141360000.png
Drone1	1640953288149	1.71504	-1.71505	-98.3813	0.923869	0.00175267	0.00423117	-0.382682	img_Drone1_0_0_1640953295219519000.png;img_Drone1_0_7_1640953295220582000.png
Drone1	1640953288878	1.424	-1.42402	-97.782	0.923878	0.000300535	0.000725484	-0.382686	img_Drone1_0_0_1640953296003892000.png;img_Drone1_0_7_1640953296004596000.png
Drone1	1640953290054	0.947606	-0.947615	-96.7961	0.923877	-0.000686131	-0.00165647	-0.382685	img_Drone1_0_0_1640953297185008000.png;img_Drone1_0_7_1640953297185768000.png
Drone1	1640953290930	0.613984	-0.61399	-96.0281	0.923872	-0.00143076	-0.00345416	-0.382683	img_Drone1_0_0_1640953298105721000.png;img_Drone1_0_7_1640953298106507000.png
Drone1	1640953291971	0.274664	-0.274666	-95.054	0.923846	-0.00321365	-0.0077584	-0.382672	img_Drone1_0_0_1640953299240422000.png;img_Drone1_0_7_1640953299241235000.png
Drone1	1640953293225	0.0457398	-0.0457398	-93.8092	0.9238	-0.00497066	-0.0120002	-0.382654	img_Drone1_0_0_1640953300543257000.png;img_Drone1_0_7_1640953300544037000.png
Drone1	1640953294038	0.0385755	-0.0385753	-93.0024	0.923864	-0.0020993	-0.00506812	-0.382681	img_Drone1_0_0_1640953301388008000.png;img_Drone1_0_7_1640953301388708000.png
Drone1	1640953294905	0.0863368	-0.0863371	-92.1366	0.923878	0.000486575	0.00117474	-0.382686	img_Drone1_0_0_1640953302283606000.png;img_Drone1_0_7_1640953302284310000.png
Drone1	1640953295901	0.127765	-0.127766	-91.1386	0.923873	0.00133781	0.0032297	-0.382684	img_Drone1_0_0_1640953303289525000.png;img_Drone1_0_7_1640953303290235000.png
Drone1	1640953296948	0.126003	-0.126004	-90.0895	0.923878	0.000370597	0.00089468	-0.382686	img_Drone1_0_0_1640953304347770000.png;img_Drone1_0_7_1640953304348477000.png
Drone1	1640953298070	0.107223	-0.107224	-88.9653	0.923878	-0.000363807	-0.000878318	-0.382686	img_Drone1_0_0_1640953305478818000.png;img_Drone1_0_7_1640953305479726000.png
Drone1	1640953299042	0.101267	-0.101268	-87.9914	0.923878	-0.000256902	-0.000620105	-0.382686	img_Drone1_0_0_1640953306508218000.png;img_Drone1_0_7_1640953306508939000.png
Drone1	1640953299927	0.103371	-0.103372	-87.1046	0.923878	4.89252e-06	1.17346e-05	-0.382686	img_Drone1_0_0_1640953307394852000.png;img_Drone1_0_7_1640953307395780000.png
Drone1	1640953300932	0.105876	-0.105877	-86.0976	0.923878	0.000112211	0.000270868	-0.382686	img_Drone1_0_0_1640953308425350000.png;img_Drone1_0_7_1640953308426052000.png
Drone1	1640953301940	0.104832	-0.104833	-85.0876	0.923878	4.20646e-05	0.000101605	-0.382686	img_Drone1_0_0_1640953309474236000.png;img_Drone1_0_7_1640953309474972000.png
Drone1	1640953302864	0.102407	-0.102408	-84.1618	0.923878	-2.27912e-05	-5.50514e-05	-0.382686	img_Drone1_0_0_1640953310491403000.png;img_Drone1_0_7_1640953310492099000.png
Drone1	1640953303983	0.100246	-0.100246	-83.0405	0.923878	-2.51679e-05	-6.0716e-05	-0.382686	img_Drone1_0_0_1640953311655516000.png;img_Drone1_0_7_1640953311656182000.png
Drone1	1640953304877	0.0993175	-0.0993182	-82.1447	0.923878	-2.12272e-06	-5.16208e-06	-0.382686	img_Drone1_0_0_1640953312591458000.png;img_Drone1_0_7_1640953312592287000.png
Drone1	1640953305942	0.0983014	-0.0983021	-81.0776	0.923878	9.58588e-06	2.31273e-05	-0.382686	img_Drone1_0_0_1640953313785720000.png;img_Drone1_0_7_1640953313786411000.png
Drone1	1640953307019	0.0969391	-0.0969396	-79.9985	0.923878	3.46117e-06	8.39292e-06	-0.382686	img_Drone1_0_0_1640953314871124000.png;img_Drone1_0_7_1640953314871931000.png
Drone1	1640953308000	0.0955591	-0.0955598	-79.0155	0.923878	-2.1623e-06	-5.25634e-06	-0.382686	img_Drone1_0_0_1640953315865375000.png;img_Drone1_0_7_1640953315866108000.png
Drone1	1640953309008	0.0942023	-0.0942029	-78.0055	0.923878	-2.2263e-06	-5.36082e-06	-0.382686	img_Drone1_0_0_1640953316880047000.png;img_Drone1_0_7_1640953316890340000.png
Drone1	1640953309899	0.0930678	-0.0930684	-77.1127	0.923878	-2.61017e-07	-6.08436e-07	-0.382686	img_Drone1_0_0_1640953317793695000.png;img_Drone1_0_7_1640953317794471000.png
Drone1	1640953311093	0.0915568	-0.0915575	-75.9163	0.923878	8.16784e-07	1.95789e-06	-0.382686	img_Drone1_0_0_1640953318997160000.png;img_Drone1_0_7_1640953318997921000.png
Drone1	1640953312020	0.0903596	-0.0903602	-74.9875	0.923878	3.35625e-07	8.20647e-07	-0.382686	img_Drone1_0_0_1640953319985251000.png;img_Drone1_0_7_1640953319985984000.png
Drone1	1640953313145	0.0888938	-0.0888943	-73.8603	0.923878	-1.87155e-07	-4.71899e-07	-0.382686	img_Drone1_0_0_1640953321136866000.png;img_Drone1_0_7_1640953321137595000.png
Drone1	1640953314207	0.0875162	-0.0875165	-72.7961	0.923878	-2.23525e-07	-5.40317e-07	-0.382686	img_Drone1_0_0_1640953322203302000.png;img_Drone1_0_7_1640953322204001000.png
Drone1	1640953315132	0.0863241	-0.0863239	-71.8703	0.923878	-1.79017e-08	7.08376e-08	-0.382686	img_Drone1_0_0_1640953323138968000.png;img_Drone1_0_7_1640953323139740000.png
Drone1	1640953316173	0.0849795	-0.0849803	-70.8272	0.923878	1.15124e-07	1.86129e-07	-0.382686	img_Drone1_0_0_1640953324193870000.png;img_Drone1_0_7_1640953324194594000.png
Drone1	1640953317055	0.0838383	-0.0838393	-69.9435	0.923878	4.46443e-08	3.84023e-08	-0.382686	img_Drone1_0_0_1640953325102731000.png;img_Drone1_0_7_1640953325103469000.png
Drone1	1640953318078	0.0825146	-0.0825156	-68.9184	0.923878	7.71058e-10	-1.67859e-08	-0.382686	img_Drone1_0_0_1640953326137566000.png;img_Drone1_0_7_1640953326138291000.png
Drone1	1640953319032	0.0812802	-0.0812812	-67.9625	0.923878	-1.86127e-08	-5.23533e-08	-0.382686	img_Drone1_0_0_1640953327128520000.png;img_Drone1_0_7_1640953327129434000.png
Drone1	1640953320031	0.0799876	-0.0799886	-66.9615	0.923878	-3.89107e-08	-8.95982e-08	-0.382686	img_Drone1_0_0_1640953328143433000.png;img_Drone1_0_7_1640953328144152000.png
Drone1	1640953321117	0.0785844	-0.0785834	-65.8734	0.923878	2.18505e-08	6.98733e-08	-0.382686	img_Drone1_0_0_1640953329272048000.png;img_Drone1_0_7_1640953329273501000.png
Drone1	1640953322308	0.0770434	-0.0770423	-64.68	0.923878	-9.39574e-09	8.45705e-09	-0.382686	img_Drone1_0_0_1640953330505027000.png;img_Drone1_0_7_1640953330505752000.png
Drone1	1640953323166	0.0759332	-0.0759321	-63.82	0.923878	-1.22245e-08	1.17268e-08	-0.382686	img_Drone1_0_0_1640953331382020000.png;img_Drone1_0_7_1640953331385983000.png
Drone1	1640953324087	0.0747415	-0.0747404	-62.896	0.923878	-5.54281e-10	5.07411e-08	-0.382686	img_Drone1_0_0_1640953332321130000.png;img_Drone1_0_7_1640953332321828000.png
Drone1	1640953324993	0.0735689	-0.0735681	-61.9871	0.923878	1.34123e-08	9.51224e-08	-0.382686	img_Drone1_0_0_1640953333314571000.png;img_Drone1_0_7_1640953333315218000.png
Drone1	1640953325974	0.0722972	-0.0722986	-61.0029	0.923878	7.83018e-08	-7.71171e-09	-0.382686	img_Drone1_0_0_1640953334358868000.png;img_Drone1_0_7_1640953334367613000.png
Drone1	1640953327171	0.0707465	-0.0707469	-59.802	0.923878	-1.34054e-08	-4.20654e-08	-0.382686	img_Drone1_0_0_1640953335580944000.png;img_Drone1_0_7_1640953335581683000.png
Drone1	1640953328068	0.0695858	-0.0695845	-58.902	0.923878	-1.20639e-07	-4.71968e-08	-0.382686	img_Drone1_0_0_1640953336506792000.png;img_Drone1_0_7_1640953336507470000.png
Drone1	1640953329061	0.0683003	-0.0682996	-57.9058	0.923878	-2.76167e-08	1.00471e-07	-0.382686	img_Drone1_0_0_1640953337516049000.png;img_Drone1_0_7_1640953337516751000.png
Drone1	1640953330096	0.0669585	-0.0669603	-56.8674	0.923878	1.01217e-07	-2.37524e-08	-0.382686	img_Drone1_0_0_1640953338558159000.png;img_Drone1_0_7_1640953338558950000.png
Drone1	1640953331221	0.0655013	-0.0655019	-55.7387	0.923878	-4.22045e-09	-2.42135e-08	-0.382686	img_Drone1_0_0_1640953339696518000.png;img_Drone1_0_7_1640953339700019000.png
Drone1	1640953332103	0.0643601	-0.0643585	-54.8539	0.923878	-1.47951e-07	5.6317e-09	-0.382686	img_Drone1_0_0_1640953340574437000.png;img_Drone1_0_7_1640953340575145000.png
Drone1	1640953333126	0.0630352	-0.0630347	-53.8275	0.923878	-4.51195e-08	6.38782e-08	-0.382686	img_Drone1_0_0_1640953341622428000.png;img_Drone1_0_7_1640953341623115000.png
Drone1	1640953334068	0.0618142	-0.0618157	-52.8824	0.923878	1.02568e-07	-3.0054e-08	-0.382686	img_Drone1_0_0_1640953342594841000.png;img_Drone1_0_7_1640953342595516000.png
Drone1	1640953335085	0.060497	-0.0604985	-51.8621	0.923878	2.52683e-08	-1.39095e-08	-0.382686	img_Drone1_0_0_1640953343715529000.png;img_Drone1_0_7_1640953343716206000.png
Drone1	1640953336129	0.0591455	-0.0591458	-50.8147	0.923878	-1.49237e-08	-7.92393e-09	-0.382686	img_Drone1_0_0_1640953344772031000.png;img_Drone1_0_7_1640953344772704000.png
Drone1	1640953337143	0.0578326	-0.0578325	-49.7974	0.923878	-3.9465e-08	3.28852e-08	-0.382686	img_Drone1_0_0_1640953345811390000.png;img_Drone1_0_7_1640953345812075000.png
Drone1	1640953338160	0.0565151	-0.0565153	-48.7771	0.923878	-9.63137e-09	1.025e-08	-0.382686	img_Drone1_0_0_1640953346853454000.png;img_Drone1_0_7_1640953346854176000.png
Drone1	1640953338940	0.0555042	-0.0555051	-47.9945	0.923878	4.44368e-08	-2.3725e-08	-0.382686	img_Drone1_0_0_1640953347720365000.png;img_Drone1_0_7_1640953347727397000.png
Drone1	1640953339960	0.0541832	-0.054184	-46.9712	0.923878	9.22796e-09	-1.89234e-08	-0.382686	img_Drone1_0_0_1640953348773808000.png;img_Drone1_0_7_1640953348774670000.png
Drone1	1640953341253	0.0525085	-0.0525094	-45.674	0.923878	-1.64285e-08	-2.06965e-08	-0.382686	img_Drone1_0_0_1640953350123421000.png;img_Drone1_0_7_1640953350124102000.png
Drone1	1640953342102	0.0514098	-0.0514098	-44.8222	0.923878	-1.03738e-10	1.56723e-08	-0.382686	img_Drone1_0_0_1640953350993961000.png;img_Drone1_0_7_1640953350994675000.png
Drone1	1640953343008	0.0502368	-0.0502364	-43.9133	0.923878	6.62505e-10	2.8186e-08	-0.382686	img_Drone1_0_0_1640953351917949000.png;img_Drone1_0_7_1640953351918629000.png
Drone1	1640953343989	0.0489662	-0.0489658	-42.9291	0.923878	-1.5121e-08	1.62852e-09	-0.382686	img_Drone1_0_0_1640953352908399000.png;img_Drone1_0_7_1640953352909107000.png
Drone1	1640953345024	0.0476257	-0.0476254	-41.8907	0.923878	-1.65289e-08	1.04115e-08	-0.382686	img_Drone1_0_0_1640953354042894000.png;img_Drone1_0_7_1640953354043569000.png
Drone1	1640953346014	0.0463435	-0.0463432	-40.8974	0.923878	-1.61796e-08	1.26876e-08	-0.382686	img_Drone1_0_0_1640953355176701000.png;img_Drone1_0_7_1640953355178152000.png
Drone1	1640953347151	0.0448703	-0.0448706	-39.7567	0.923878	2.54962e-08	-1.79499e-09	-0.382686	img_Drone1_0_0_1640953356317043000.png;img_Drone1_0_7_1640953356317780000.png
Drone1	1640953348060	0.043693	-0.0436933	-38.8448	0.923878	3.62069e-09	-1.57505e-08	-0.382686	img_Drone1_0_0_1640953357257811000.png;img_Drone1_0_7_1640953357258475000.png
Drone1	1640953349278	0.0421155	-0.0421158	-37.6228	0.923878	-2.63104e-08	-7.36736e-08	-0.382686	img_Drone1_0_0_1640953358548475000.png;img_Drone1_0_7_1640953358549495000.png
Drone1	1640953349998	0.0411838	-0.0411839	-36.9004	0.923878	2.84189e-08	6.69281e-08	-0.382686	img_Drone1_0_0_1640953359292662000.png;img_Drone1_0_7_1640953359293477000.png
Drone1	1640953351246	0.0395677	-0.0395676	-35.6484	0.923878	4.89982e-09	2.48377e-08	-0.382686	img_Drone1_0_0_1640953360551626000.png;img_Drone1_0_7_1640953360552340000.png
Drone1	1640953352338	0.0381534	-0.0381533	-34.5528	0.923878	-1.13263e-08	-1.48186e-09	-0.382686	img_Drone1_0_0_1640953361655884000.png;img_Drone1_0_7_1640953361656550000.png
Drone1	1640953352953	0.0373569	-0.0373568	-33.9358	0.923878	-1.03283e-08	8.16614e-09	-0.382686	img_Drone1_0_0_1640953362315517000.png;img_Drone1_0_7_1640953362316179000.png
Drone1	1640953354054	0.0359303	-0.0359308	-32.8312	0.923878	2.45222e-08	-1.47709e-08	-0.382686	img_Drone1_0_0_1640953363488095000.png;img_Drone1_0_7_1640953363488828000.png
Drone1	1640953355071	0.0346131	-0.0346136	-31.811	0.923878	5.07745e-10	-1.45776e-08	-0.382686	img_Drone1_0_0_1640953364626019000.png;img_Drone1_0_7_1640953364634163000.png
Drone1	1640953356034	0.0333659	-0.0333664	-30.8455	0.923878	-1.02311e-08	-1.93655e-08	-0.382686	img_Drone1_0_0_1640953365768361000.png;img_Drone1_0_7_1640953365769037000.png
Drone1	1640953357096	0.0319912	-0.0319914	-29.7807	0.923878	-5.9657e-08	-8.92732e-08	-0.382686	img_Drone1_0_0_1640953366875478000.png;img_Drone1_0_7_1640953366876155000.png
Drone1	1640953358110	0.0306796	-0.03068	-28.764	0.923878	4.26953e-08	8.14826e-08	-0.382686	img_Drone1_0_0_1640953367931732000.png;img_Drone1_0_7_1640953367933070000.png
Drone1	1640953359019	0.0295035	-0.0295038	-27.8526	0.923878	1.9452e-08	5.94283e-08	-0.382686	img_Drone1_0_0_1640953368855495000.png;img_Drone1_0_7_1640953368856209000.png
Drone1	1640953360339	0.0277946	-0.0277947	-26.5291	0.923878	-4.49241e-09	8.08621e-09	-0.382686	img_Drone1_0_0_1640953370264016000.png;img_Drone1_0_7_1640953370264665000.png
Drone1	1640953361077	0.0268387	-0.0268353	-25.7862	0.923878	3.10938e-09	-2.00063e-08	-0.382686	img_Drone1_0_0_1640953371011991000.png;img_Drone1_0_7_1640953371012659000.png
Drone1	1640953362272	0.0252931	-0.0252935	-24.5921	0.923878	-1.67591e-08	-5.18685e-08	-0.382686	img_Drone1_0_0_1640953372239449000.png;img_Drone1_0_7_1640953372240169000.png
Drone1	1640953362983	0.0243731	-0.0243734	-23.8792	0.923878	-4.42187e-08	-6.44283e-08	-0.382686	img_Drone1_0_0_1640953373038626000.png;img_Drone1_0_7_1640953373039403000.png
Drone1	1640953364150	0.0228636	-0.0228638	-22.7091	0.923878	2.0367e-08	7.02417e-08	-0.382686	img_Drone1_0_0_1640953374274994000.png;img_Drone1_0_7_1640953374275659000.png
Drone1	1640953365143	0.0215783	-0.0215785	-21.7135	0.923878	1.14499e-08	1.27961e-08	-0.382686	img_Drone1_0_0_1640953375304448000.png;img_Drone1_0_7_1640953375305148000.png
Drone1	1640953366256	0.0201375	-0.0201377	-20.5976	0.923878	-2.43231e-09	-7.61794e-09	-0.382686	img_Drone1_0_0_1640953376480335000.png;img_Drone1_0_7_1640953376481026000.png
Drone1	1640953367120	0.019019	-0.0190192	-19.7313	0.923878	-1.2634e-08	-2.20772e-08	-0.382686	img_Drone1_0_0_1640953377350425000.png;img_Drone1_0_7_1640953377351124000.png
Drone1	1640953368074	0.0177842	-0.0177844	-18.7748	0.923878	-2.38983e-08	-3.80427e-08	-0.382686	img_Drone1_0_0_1640953378340767000.png;img_Drone1_0_7_1640953378341916000.png
Drone1	1640953369052	0.0165187	-0.016519	-17.7942	0.923878	1.87209e-08	3.16216e-08	-0.382686	img_Drone1_0_0_1640953379362735000.png;img_Drone1_0_7_1640953379363469000.png
Drone1	1640953370204	0.0150277	-0.0150278	-16.6392	0.923878	-5.29269e-09	6.29193e-09	-0.382686	img_Drone1_0_0_1640953380543137000.png;img_Drone1_0_7_1640953380543808000.png
Drone1	1640953371176	0.0137694	-0.0137695	-15.6646	0.923878	-1.38115e-09	7.04895e-09	-0.382686	img_Drone1_0_0_1640953381554551000.png;img_Drone1_0_7_1640953381555240000.png
Drone1	1640953372109	0.0125616	-0.0125617	-14.7292	0.923878	8.96387e-09	5.04577e-09	-0.382686	img_Drone1_0_0_1640953382544883000.png;img_Drone1_0_7_1640953382545764000.png
Drone1	1640953373321	0.0109924	-0.0109925	-13.514	0.923878	-4.28338e-08	-8.56106e-08	-0.382686	img_Drone1_0_0_1640953383892302000.png;img_Drone1_0_7_1640953383893157000.png
Drone1	1640953374122	0.00995575	-0.00995593	-12.7109	0.923878	-1.04757e-08	-4.88505e-08	-0.382686	img_Drone1_0_0_1640953384708511000.png;img_Drone1_0_7_1640953384709211000.png
Drone1	1640953375079	0.00871777	-0.00871794	-11.7514	0.923878	2.00412e-08	3.66087e-08	-0.382686	img_Drone1_0_0_1640953385759238000.png;img_Drone1_0_7_1640953385764311000.png
Drone1	1640953376180	0.00729317	-0.0072932	-10.6475	0.923878	1.48415e-08	3.70149e-08	-0.382686	img_Drone1_0_0_1640953386910034000.png;img_Drone1_0_7_1640953386919822000.png
Drone1	1640953377299	0.00584465	-0.00584453	-9.52554	0.923878	-7.89444e-09	-4.70305e-09	-0.382686	img_Drone1_0_0_1640953388102269000.png;img_Drone1_0_7_1640953388104206000.png
Drone1	1640953378142	0.00475339	-0.00475328	-8.68032	0.923878	-2.50225e-08	-3.61313e-08	-0.382686	img_Drone1_0_0_1640953388986864000.png;img_Drone1_0_7_1640953388987645000.png
Drone1	1640953379252	0.0033169	-0.00331704	-7.56733	0.923878	2.25499e-08	3.87016e-08	-0.382686	img_Drone1_0_0_1640953390120444000.png;img_Drone1_0_7_1640953390121151000.png
Drone1	1640953380140	0.00216752	-0.00216772	-6.67686	0.923878	2.11553e-08	2.53475e-08	-0.382686	img_Drone1_0_0_1640953391041233000.png;img_Drone1_0_7_1640953391041979000.png
Drone1	1640953381286	0.000683832	-0.000683939	-5.52766	0.923878	7.00571e-09	2.94444e-08	-0.382686	img_Drone1_0_0_1640953392229168000.png;img_Drone1_0_7_1640953392229845000.png
Drone1	1640953382144	-0.000123249	0.000123117	-5.31924	0.923878	-2.08177e-05	-5.02648e-05	-0.382686	img_Drone1_0_0_1640953393095914000.png;img_Drone1_0_7_1640953393100526000.png
Drone1	1640953383131	-0.000405294	0.000405196	-5.14167	0.923878	-5.15633e-06	-1.24237e-05	-0.382686	img_Drone1_0_0_1640953394091834000.png;img_Drone1_0_7_1640953394092496000.png
Drone1	1640953384370	-0.000478674	0.000478468	-4.8988	0.923878	-8.28291e-07	-2.01873e-06	-0.382686	img_Drone1_0_0_1640953395364710000.png;img_Drone1_0_7_1640953395365355000.png
Drone1	1640953385069	-0.000487855	0.000487645	-4.75849	0.923878	-3.146e-07	-7.57741e-07	-0.382686	img_Drone1_0_0_1640953396160521000.png;img_Drone1_0_7_1640953396161224000.png
Drone1	1640953386335	-0.000491887	0.000491552	-4.50252	0.923878	-3.44337e-08	-9.33748e-08	-0.382686	img_Drone1_0_0_1640953397459008000.png;img_Drone1_0_7_1640953397459663000.png
Drone1	1640953387157	-0.000492099	0.000491659	-4.33585	0.923878	-2.20769e-08	-5.6893e-08	-0.382686	img_Drone1_0_0_1640953398326968000.png;img_Drone1_0_7_1640953398327626000.png
Drone1	1640953388207	-0.000491787	0.000491259	-4.12277	0.923878	7.38038e-09	2.65791e-08	-0.382686	img_Drone1_0_0_1640953399400241000.png;img_Drone1_0_7_1640953399400918000.png
Drone1	1640953389323	-0.00049177	0.000491046	-3.89625	0.923878	9.33785e-09	-1.34275e-09	-0.382686	img_Drone1_0_0_1640953400635415000.png;img_Drone1_0_7_1640953400636222000.png
Drone1	1640953390184	-0.000491784	0.000490938	-3.72149	0.923878	-7.74014e-09	-2.50985e-09	-0.382686	img_Drone1_0_0_1640953401513110000.png;img_Drone1_0_7_1640953401513786000.png
Drone1	1640953391285	-0.000491748	0.000490772	-3.49801	0.923878	6.59342e-09	2.60722e-09	-0.382686	img_Drone1_0_0_1640953402652496000.png;img_Drone1_0_7_1640953402654092000.png
Drone1	1640953392143	-0.000491704	0.00049075	-3.32386	0.923878	3.78378e-09	5.92162e-09	-0.382686	img_Drone1_0_0_1640953403543166000.png;img_Drone1_0_7_1640953403543910000.png
Drone1	1640953393334	-0.000491751	0.000490853	-3.08212	0.923878	-1.89575e-09	6.22634e-09	-0.382686	img_Drone1_0_0_1640953404756974000.png;img_Drone1_0_7_1640953404768926000.png
Drone1	1640953394099	-0.000491844	0.000490911	-2.92685	0.923878	-1.74337e-08	-2.22824e-08	-0.382686	img_Drone1_0_0_1640953405584382000.png;img_Drone1_0_7_1640953405585615000.png
Drone1	1640953395065	-0.000491803	0.000490687	-2.73077	0.923878	7.16095e-09	4.14112e-09	-0.382686	img_Drone1_0_0_1640953406550848000.png;img_Drone1_0_7_1640953406551534000.png
Drone1	1640953396253	-0.000491743	0.000490508	-2.48964	0.923878	2.80497e-09	9.83627e-10	-0.382686	img_Drone1_0_0_1640953407816148000.png;img_Drone1_0_7_1640953407816854000.png
Drone1	1640953397195	-0.000491733	0.000490414	-2.29844	0.923878	-1.28117e-09	-7.44153e-09	-0.382686	img_Drone1_0_0_1640953408795504000.png;img_Drone1_0_7_1640953408796319000.png
Drone1	1640953398284	-0.000491694	0.00049028	-2.0774	0.923878	6.56403e-09	3.92634e-09	-0.382686	img_Drone1_0_0_1640953409958837000.png;img_Drone1_0_7_1640953409962778000.png
Drone1	1640953399223	-0.000491613	0.000490276	-1.88679	0.923878	7.01811e-09	3.50679e-09	-0.382686	img_Drone1_0_0_1640953410927569000.png;img_Drone1_0_7_1640953410928211000.png
Drone1	1640953400186	-0.000491463	0.000490352	-1.69128	0.923878	4.24676e-09	-8.58867e-09	-0.382686	img_Drone1_0_0_1640953411905515000.png;img_Drone1_0_7_1640953411906172000.png
Drone1	1640953401218	-0.000491153	0.00049049	-1.48177	0.923878	5.8827e-09	1.04027e-09	-0.382686	img_Drone1_0_0_1640953412966205000.png;img_Drone1_0_7_1640953412966968000.png
Drone1	1640953402478	-0.000490698	0.000490735	-1.22598	0.923878	-6.61769e-09	7.59017e-09	-0.382686	img_Drone1_0_0_1640953414293215000.png;img_Drone1_0_7_1640953414293887000.png
Drone1	1640953403219	-0.000490508	0.000490813	-1.07554	0.923878	-1.73173e-08	3.35891e-09	-0.382686	img_Drone1_0_0_1640953415048164000.png;img_Drone1_0_7_1640953415048873000.png
Drone1	1640953404530	-0.000490514	0.000490671	-0.809394	0.923878	2.54333e-09	-9.23752e-09	-0.382686	img_Drone1_0_0_1640953416367678000.png;img_Drone1_0_7_1640953416373512000.png
Drone1	1640953405340	-0.000490552	0.000490546	-0.644953	0.923878	7.77418e-09	-6.33797e-10	-0.382686	img_Drone1_0_0_1640953417227281000.png;img_Drone1_0_7_1640953417228023000.png
Drone1	1640953406216	-0.000490583	0.000490459	-0.467115	0.923878	3.36054e-09	-1.9185e-09	-0.382686	img_Drone1_0_0_1640953418137568000.png;img_Drone1_0_7_1640953418138286000.png
Drone1	1640953407302	-0.000490572	0.000490377	-0.246653	0.923878	3.11862e-09	-5.67744e-09	-0.382686	img_Drone1_0_0_1640953419296803000.png;img_Drone1_0_7_1640953419297697000.png
Drone1	1640953408239	-0.000490451	0.000490325	-0.0566422	0.923878	8.95741e-09	3.16556e-09	-0.382686	img_Drone1_0_0_1640953420293565000.png;img_Drone1_0_7_1640953420294251000.png
Drone1	1640953409259	-0.000490253	0.000490395	0.150419	0.923878	9.9228e-09	3.0046e-09	-0.382686	img_Drone1_0_0_1640953421353853000.png;img_Drone1_0_7_1640953421354500000.png
Drone1	1640953410156	-0.000490056	0.000490571	0.332513	0.923878	-1.2085e-08	-8.59738e-09	-0.382686	img_Drone1_0_0_1640953422263807000.png;img_Drone1_0_7_1640953422264513000.png
Drone1	1640953411287	-0.000489893	0.000490553	0.562107	0.923878	-1.74904e-08	1.40316e-08	-0.382686	img_Drone1_0_0_1640953423404529000.png;img_Drone1_0_7_1640953423405192000.png
Drone1	1640953412211	-0.000489979	0.000490413	0.749673	0.923878	2.9324e-09	-8.9048e-09	-0.382686	img_Drone1_0_0_1640953424340185000.png;img_Drone1_0_7_1640953424340890000.png
Drone1	1640953413456	-0.000489926	0.000490283	1.0024	0.923878	7.54349e-09	1.0277e-09	-0.382686	img_Drone1_0_0_1640953425620583000.png;img_Drone1_0_7_1640953425621324000.png
Drone1	1640953414290	-0.000489911	0.000490258	1.17171	0.923878	-1.2272e-09	3.53852e-09	-0.382686	img_Drone1_0_0_1640953426461408000.png;img_Drone1_0_7_1640953426462117000.png
Drone1	1640953415241	-0.000489955	0.000490227	1.36478	0.923878	-9.77415e-10	5.56059e-11	-0.382686	img_Drone1_0_0_1640953427421555000.png;img_Drone1_0_7_1640953427423276000.png
Drone1	1640953416222	-0.000490004	0.000490183	1.56394	0.923878	-2.14376e-09	-2.94732e-09	-0.382686	img_Drone1_0_0_1640953428465817000.png;img_Drone1_0_7_1640953428466532000.png
Drone1	1640953417290	-0.000490001	0.000490079	1.78075	0.923878	2.68936e-09	-8.74452e-09	-0.382686	img_Drone1_0_0_1640953429550090000.png;img_Drone1_0_7_1640953429550728000.png
Drone1	1640953418232	-0.000489878	0.000490021	1.97199	0.923878	8.8517e-09	8.45806e-10	-0.382686	img_Drone1_0_0_1640953430498256000.png;img_Drone1_0_7_1640953430499037000.png
Drone1	1640953419315	-0.000489644	0.0004901	2.19182	0.923878	9.1513e-09	2.68655e-09	-0.382686	img_Drone1_0_0_1640953431611058000.png;img_Drone1_0_7_1640953431611806000.png
Drone1	1640953420290	-0.000489315	0.00049027	2.38972	0.923878	3.16428e-09	-2.84788e-09	-0.382686	img_Drone1_0_0_1640953432621062000.png;img_Drone1_0_7_1640953432621728000.png
Drone1	1640953421112	-0.00048903	0.000490438	2.55656	0.923878	-2.49492e-08	1.03897e-08	-0.382686	img_Drone1_0_0_1640953433513086000.png;img_Drone1_0_7_1640953433513751000.png
Drone1	1640953422174	-0.000489041	0.000490306	2.77212	0.923878	4.42632e-09	6.83297e-09	-0.382686	img_Drone1_0_0_1640953434632033000.png;img_Drone1_0_7_1640953434632717000.png
Drone1	1640953423263	-0.000489215	0.000490137	2.99316	0.923878	4.78175e-09	-2.38363e-09	-0.382686	img_Drone1_0_0_1640953435784513000.png;img_Drone1_0_7_1640953435785185000.png
Drone1	1640953424358	-0.000489303	0.000490052	3.21541	0.923878	-6.62538e-09	-1.54974e-09	-0.382686	img_Drone1_0_0_1640953436892483000.png;img_Drone1_0_7_1640953436893765000.png
Drone1	1640953425186	-0.00048934	0.000489931	3.38348	0.923878	1.75701e-09	-7.96422e-09	-0.382686	img_Drone1_0_0_1640953437750905000.png;img_Drone1_0_7_1640953437751573000.png
Drone1	1640953426263	-0.000489285	0.000489775	3.60208	0.923878	-1.93409e-09	1.01385e-08	-0.382686	img_Drone1_0_0_1640953438860627000.png;img_Drone1_0_7_1640953438861314000.png
Drone1	1640953427259	-0.000489331	0.000489661	3.80424	0.923878	1.85089e-09	2.2149e-09	-0.382686	img_Drone1_0_0_1640953439894089000.png;img_Drone1_0_7_1640953439894788000.png
Drone1	1640953428174	-0.000489416	0.000489617	3.98996	0.923878	1.04014e-08	2.44458e-09	-0.382686	img_Drone1_0_0_1640953440817977000.png;img_Drone1_0_7_1640953440818952000.png
Drone1	1640953429185	-0.000489465	0.000489709	4.19517	0.923878	8.25456e-09	-3.56275e-09	-0.382686	img_Drone1_0_0_1640953441916904000.png;img_Drone1_0_7_1640953441917572000.png
Drone1	1640953430283	-0.000489403	0.000489919	4.41803	0.923878	3.59697e-09	-5.53533e-09	-0.382686	img_Drone1_0_0_1640953443076322000.png;img_Drone1_0_7_1640953443076953000.png
Drone1	1640953431330	-0.000489201	0.000490145	4.63055	0.923878	4.35918e-09	-9.57158e-09	-0.382686	img_Drone1_0_0_1640953444174409000.png;img_Drone1_0_7_1640953444175061000.png
Drone1	1640953432272	-0.000488832	0.000490364	4.82175	0.923878	-6.14956e-10	1.70701e-09	-0.382686	img_Drone1_0_0_1640953445134977000.png;img_Drone1_0_7_1640953445135914000.png
Drone1	1640953433442	-0.000488573	0.000490486	5.05923	0.923878	-3.86271e-08	2.15272e-08	-0.382686	img_Drone1_0_0_1640953446448705000.png;img_Drone1_0_7_1640953446449431000.png
Drone1	1640953434321	-0.000488795	0.000490244	5.23764	0.923878	1.08775e-08	-1.80257e-08	-0.382686	img_Drone1_0_0_1640953447366789000.png;img_Drone1_0_7_1640953447367443000.png
Drone1	1640953435386	-0.000488797	0.000490053	5.45381	0.923878	4.30129e-09	4.07708e-09	-0.382686	img_Drone1_0_0_1640953448505254000.png;img_Drone1_0_7_1640953448506624000.png
Drone1	1640953436394	-0.000488822	0.000489987	5.65841	0.923878	3.25283e-09	-1.12029e-08	-0.382686	img_Drone1_0_0_1640953449551408000.png;img_Drone1_0_7_1640953449552145000.png
Drone1	1640953437294	-0.000488822	0.000489881	5.84108	0.923878	-1.7981e-09	7.00879e-09	-0.382686	img_Drone1_0_0_1640953450551763000.png;img_Drone1_0_7_1640953450552653000.png
Drone1	1640953438407	-0.000488867	0.000489752	6.06699	0.923878	1.76326e-09	-1.34785e-08	-0.382686	img_Drone1_0_0_1640953451671560000.png;img_Drone1_0_7_1640953451672182000.png
Drone1	1640953439577	-0.000488762	0.000489717	6.30447	0.923878	7.69945e-09	3.88057e-09	-0.382686	img_Drone1_0_0_1640953452884603000.png;img_Drone1_0_7_1640953452885270000.png
Drone1	1640953440345	-0.00048868	0.000489829	6.46036	0.923878	-6.85844e-09	7.18156e-09	-0.382686	img_Drone1_0_0_1640953453653373000.png;img_Drone1_0_7_1640953453654038000.png
Drone1	1640953441356	-0.000488782	0.000489863	6.66556	0.923878	8.09194e-10	4.12894e-10	-0.382686	img_Drone1_0_0_1640953454688582000.png;img_Drone1_0_7_1640953454689301000.png
Drone1	1640953442121	-0.000488979	0.000489786	8.20265	0.923878	-2.72658e-09	-8.41025e-10	-0.382686	img_Drone1_0_0_1640953455478885000.png;img_Drone1_0_7_1640953455479527000.png
Drone1	1640953443270	-0.000489322	0.000489589	16.4101	0.923878	-3.0133e-08	6.42813e-09	-0.382686	img_Drone1_0_0_1640953456681791000.png;img_Drone1_0_7_1640953456682389000.png
Drone1	1640953444239	-0.000489807	0.000489129	23.1997	0.923878	0	0	-0.382686	img_Drone1_0_0_1640953457653096000.png;img_Drone1_0_7_1640953457653776000.png
Drone1	1640953445157	-0.000489807	0.000489129	23.1997	0.923878	0	0	-0.382686	img_Drone1_0_0_1640953458569195000.png;img_Drone1_0_7_1640953458569827000.png
