VehicleName	TimeStamp	POS_X	POS_Y	POS_Z	Q_W	Q_X	Q_Y	Q_Z	ImageFile
Drone1	1641363684657	0.104277	-6.39656e-13	0.531198	0.999839	-1.75888e-10	-0.0179329	-1.31113e-10	img_Drone1_3_7_1641363684964838000.png;img_Drone1_3_0_1641363684964978000.png
Drone1	1641363684975	0.196683	-1.27356e-10	2.05746	0.999998	-3.81327e-10	-0.00209196	-1.92568e-10	img_Drone1_3_7_1641363685281332000.png;img_Drone1_3_0_1641363685281443000.png
Drone1	1641363685482	0.348678	-1.37214e-09	5.3603	1	-7.10886e-10	-6.80501e-05	-3.27606e-10	img_Drone1_3_7_1641363685788903000.png;img_Drone1_3_0_1641363685789022000.png
Drone1	1641363685959	0.492098	-5.15862e-09	8.94042	1	-1.02129e-09	-2.71123e-06	-4.7244e-10	img_Drone1_3_7_1641363686267604000.png;img_Drone1_3_0_1641363686267722000.png
Drone1	1641363686472	0.646218	-1.39734e-08	12.9824	1	-1.35513e-09	-1.01887e-07	-5.81799e-10	img_Drone1_3_7_1641363686781589000.png;img_Drone1_3_0_1641363686781704000.png
Drone1	1641363686958	0.761685	-2.5034e-08	16.0623	1	0	0	-6.40155e-10	img_Drone1_3_7_1641363687269177000.png;img_Drone1_3_0_1641363687269296000.png
Drone1	1641363687453	0.761685	-2.5034e-08	16.0623	1	0	0	-6.40155e-10	img_Drone1_3_7_1641363687771106000.png;img_Drone1_3_0_1641363687771253000.png
Drone1	1641363737548	0.681043	1.1176e-10	-0.633323	0.997902	-3.5052e-10	0.0647495	3.76589e-09	img_Drone1_3_7_1641363738392342000.png;img_Drone1_3_0_1641363738392464000.png
Drone1	1641363738130	1.01241	-3.28068e-09	-0.940743	0.999208	-6.4039e-10	0.0397973	8.60475e-09	img_Drone1_3_7_1641363738978826000.png;img_Drone1_3_0_1641363738978946000.png
Drone1	1641363738673	1.07774	-1.20934e-08	-1.16825	0.999773	-8.15759e-10	0.0213293	1.21943e-08	img_Drone1_3_7_1641363739540237000.png;img_Drone1_3_0_1641363739540357000.png
Drone1	1641363739090	1.03821	-2.30254e-08	-1.32443	0.999916	-9.66018e-10	0.0129863	1.45806e-08	img_Drone1_3_7_1641363739979209000.png;img_Drone1_3_0_1641363739979326000.png
Drone1	1641363739708	0.902167	-4.65675e-08	-1.54291	0.999981	-1.22765e-09	0.0061863	1.7787e-08	img_Drone1_3_7_1641363740598885000.png;img_Drone1_3_0_1641363740599010000.png
Drone1	1641363740104	0.787549	-6.68151e-08	-1.67872	0.999993	-1.405e-09	0.00386615	2.10377e-08	img_Drone1_3_7_1641363741006105000.png;img_Drone1_3_0_1641363741006214000.png
Drone1	1641363740623	0.619839	-1.00333e-07	-1.85402	0.999998	-1.63563e-09	0.00212368	2.76375e-08	img_Drone1_3_7_1641363741550715000.png;img_Drone1_3_0_1641363741550853000.png
Drone1	1641363741139	0.442086	-1.39192e-07	-1.9491	0.999981	7.02883e-09	-0.00609446	3.20847e-08	img_Drone1_3_7_1641363742073204000.png;img_Drone1_3_0_1641363742073330000.png
Drone1	1641363741715	0.300268	-1.68961e-07	-2.33763	0.999861	3.57187e-09	-0.0166498	3.46876e-08	img_Drone1_3_7_1641363742657645000.png;img_Drone1_3_0_1641363742657768000.png
Drone1	1641363742231	0.266133	-1.84357e-07	-2.8517	0.999936	3.75201e-09	-0.0113223	3.34218e-08	img_Drone1_3_7_1641363743177809000.png;img_Drone1_3_0_1641363743177937000.png
Drone1	1641363742714	0.288236	-1.81857e-07	-3.32903	0.999985	-4.61189e-09	-0.00547506	3.37351e-08	img_Drone1_3_7_1641363743672740000.png;img_Drone1_3_0_1641363743672856000.png
Drone1	1641363743101	0.325577	-1.92427e-07	-3.71195	0.999999	-1.13013e-08	-0.00153149	3.46905e-08	img_Drone1_3_7_1641363744080815000.png;img_Drone1_3_0_1641363744080931000.png
Drone1	1641363743590	0.378438	-2.41655e-07	-4.19794	0.999998	4.52672e-09	0.00213243	3.54438e-08	img_Drone1_3_7_1641363744647564000.png;img_Drone1_3_0_1641363744647687000.png
Drone1	1641363744199	0.430046	-2.82266e-07	-4.80538	0.999991	1.05675e-08	0.0043249	3.65362e-08	img_Drone1_3_7_1641363745261257000.png;img_Drone1_3_0_1641363745261386000.png
Drone1	1641363744718	0.4507	-2.59892e-07	-5.32295	0.999992	8.71072e-10	0.0039123	3.821e-08	img_Drone1_3_7_1641363745796914000.png;img_Drone1_3_0_1641363745797028000.png
Drone1	1641363745051	0.452885	-2.3101e-07	-5.65472	0.999996	4.60171e-09	0.00293938	3.83482e-08	img_Drone1_3_7_1641363746130216000.png;img_Drone1_3_0_1641363746130329000.png
Drone1	1641363745603	0.443632	-1.66261e-07	-6.20451	0.999999	-1.02839e-08	0.00105473	4.0338e-08	img_Drone1_3_7_1641363746681234000.png;img_Drone1_3_0_1641363746681347000.png
Drone1	1641363746110	0.429111	-1.57367e-07	-6.70967	1	-2.06444e-08	-0.00034324	4.45688e-08	img_Drone1_3_7_1641363747229677000.png;img_Drone1_3_0_1641363747229799000.png
Drone1	1641363746770	0.413013	-2.45467e-07	-7.3675	0.999999	9.07625e-09	-0.00120067	5.19784e-08	img_Drone1_3_7_1641363747889160000.png;img_Drone1_3_0_1641363747889282000.png
Drone1	1641363747304	0.40689	-2.69085e-07	-7.89976	0.999999	9.71771e-09	-0.00111653	5.67012e-08	img_Drone1_3_7_1641363748439167000.png;img_Drone1_3_0_1641363748439286000.png
Drone1	1641363747826	0.406792	-2.41975e-07	-8.41998	1	3.19503e-09	-0.000659726	6.19793e-08	img_Drone1_3_7_1641363748961748000.png;img_Drone1_3_0_1641363748961866000.png
Drone1	1641363748159	0.408743	-2.13458e-07	-8.75184	1	4.51539e-10	-0.000325349	6.63735e-08	img_Drone1_3_7_1641363749297458000.png;img_Drone1_3_0_1641363749297568000.png
Drone1	1641363748714	0.413278	-1.69529e-07	-9.30495	1	-8.97454e-09	0.000123777	7.38281e-08	img_Drone1_3_7_1641363749885335000.png;img_Drone1_3_0_1641363749885450000.png
Drone1	1641363749299	0.413478	0.0042519	-9.607	0.984203	0.126341	0.124024	-0.000943567	img_Drone1_3_7_1641363750510291000.png;img_Drone1_3_0_1641363750510407000.png
Drone1	1641363749902	-0.881876	1.09316	-10.1358	0.945752	0.151753	0.286377	0.022648	img_Drone1_3_7_1641363751119023000.png;img_Drone1_3_0_1641363751119285000.png
Drone1	1641363750361	-3.18332	2.72315	-10.1949	0.972113	0.0914056	0.213762	0.0307843	img_Drone1_3_7_1641363751596383000.png;img_Drone1_3_0_1641363751596510000.png
Drone1	1641363750925	-6.71056	4.99952	-9.20957	0.992752	0.0516293	0.104461	0.0294212	img_Drone1_3_7_1641363752170384000.png;img_Drone1_3_0_1641363752170511000.png
Drone1	1641363751258	-9.08567	6.4718	-8.55019	0.996458	0.0405437	0.0678727	0.028647	img_Drone1_3_7_1641363752510880000.png;img_Drone1_3_0_1641363752510998000.png
Drone1	1641363751972	-14.5246	9.85559	-7.33832	0.998666	0.0312586	0.0303428	0.027721	img_Drone1_3_7_1641363753227471000.png;img_Drone1_3_0_1641363753227597000.png
Drone1	1641363752368	-17.6211	11.8337	-6.75798	0.99899	0.0274255	0.022513	0.0275864	img_Drone1_3_7_1641363753653449000.png;img_Drone1_3_0_1641363753653579000.png
Drone1	1641363752938	-22.0992	14.77	-5.97287	0.999215	0.0205616	0.0195493	0.0276527	img_Drone1_3_7_1641363754234000000.png;img_Drone1_3_0_1641363754234132000.png
Drone1	1641363753439	-26.0394	17.4034	-5.30419	0.999296	0.0145622	0.0205889	0.0277917	img_Drone1_3_7_1641363754739323000.png;img_Drone1_3_0_1641363754739455000.png
Drone1	1641363753802	-28.8978	19.3233	-4.82561	0.999313	0.0112057	0.0217083	0.027878	img_Drone1_3_7_1641363755141880000.png;img_Drone1_3_0_1641363755142008000.png
Drone1	1641363754339	-33.1367	22.1616	-4.12238	0.999318	0.00852751	0.0225891	0.0279468	img_Drone1_3_7_1641363755736560000.png;img_Drone1_3_0_1641363755736678000.png
Drone1	1641363754906	-37.6288	25.1426	-3.38272	0.999328	0.00844617	0.0221674	0.0279456	img_Drone1_3_7_1641363756309414000.png;img_Drone1_3_0_1641363756309526000.png
Drone1	1641363755356	-41.2039	27.4962	-2.79659	0.999339	0.00953141	0.0212465	0.0279142	img_Drone1_3_7_1641363756758426000.png;img_Drone1_3_0_1641363756758604000.png
Drone1	1641363755986	-46.2165	30.7821	-1.97686	0.999349	0.0112664	0.0199457	0.0278653	img_Drone1_3_7_1641363757390219000.png;img_Drone1_3_0_1641363757390342000.png
Drone1	1641363756493	-50.2508	33.4267	-1.31774	0.999352	0.0120813	0.0193441	0.0278425	img_Drone1_3_7_1641363757900486000.png;img_Drone1_3_0_1641363757900612000.png
Drone1	1641363756895	-53.4476	35.527	-0.79538	0.999353	0.0122252	0.0192248	0.0278383	img_Drone1_3_7_1641363758306207000.png;img_Drone1_3_0_1641363758306314000.png
Drone1	1641363757525	-58.4534	38.8252	0.0229953	0.999352	0.011822	0.0194838	0.0278492	img_Drone1_3_7_1641363758942358000.png;img_Drone1_3_0_1641363758942487000.png
Drone1	1641363757849	-61.0264	40.5238	0.443799	0.999352	0.0114945	0.0197043	0.0278582	img_Drone1_3_7_1641363759267459000.png;img_Drone1_3_0_1641363759267581000.png
Drone1	1641363758569	-66.743	44.2999	1.37881	0.99935	0.0109135	0.0200992	0.0278743	img_Drone1_3_7_1641363759982904000.png;img_Drone1_3_0_1641363759983035000.png
Drone1	1641363758998	-70.15	46.5489	1.93588	0.999349	0.0107942	0.0201806	0.0278776	img_Drone1_3_7_1641363760424027000.png;img_Drone1_3_0_1641363760424152000.png
Drone1	1641363759520	-74.2966	49.2837	2.61372	0.99935	0.0108515	0.0201417	0.027876	img_Drone1_3_7_1641363760983609000.png;img_Drone1_3_0_1641363760983738000.png
Drone1	1641363760009	-78.1818	51.8442	3.2487	0.99935	0.010999	0.0200421	0.027872	img_Drone1_3_7_1641363761490872000.png;img_Drone1_3_0_1641363761490994000.png
Drone1	1641363760654	-83.3078	55.2208	4.08626	0.999351	0.0112009	0.019905	0.0278666	img_Drone1_3_7_1641363762148942000.png;img_Drone1_3_0_1641363762149089000.png
Drone1	1641363761272	-88.2184	58.4562	4.88878	0.999351	0.0112742	0.019857	0.0278646	img_Drone1_3_7_1641363762770947000.png;img_Drone1_3_0_1641363762771094000.png
Drone1	1641363761824	-92.6039	61.3469	5.60552	0.999351	0.0112367	0.0198845	0.0278656	img_Drone1_3_7_1641363763325253000.png;img_Drone1_3_0_1641363763325383000.png
Drone1	1641363762262	-96.0837	63.641	6.17423	0.999351	0.0111915	0.0199163	0.0278669	img_Drone1_3_7_1641363763788626000.png;img_Drone1_3_0_1641363763788756000.png
Drone1	1641363762796	-100.326	66.4384	6.86764	0.99935	0.0111364	0.0199554	0.0278684	img_Drone1_3_7_1641363764344302000.png;img_Drone1_3_0_1641363764344432000.png
Drone1	1641363763168	-103.282	68.3873	7.3507	0.99935	0.0111048	0.0199783	0.0278692	img_Drone1_3_7_1641363764717159000.png;img_Drone1_3_0_1641363764717277000.png
Drone1	1641363763768	-108.049	71.5292	8.12981	0.99935	0.0111313	0.0199625	0.0278686	img_Drone1_3_7_1641363765313753000.png;img_Drone1_3_0_1641363765313863000.png
Drone1	1641363764269	-112.029	74.1526	8.78031	0.99935	0.0111679	0.019939	0.0278676	img_Drone1_3_7_1641363765833373000.png;img_Drone1_3_0_1641363765833504000.png
Drone1	1641363764824	-116.438	77.0588	9.50092	0.99935	0.0111883	0.0199266	0.0278671	img_Drone1_3_7_1641363766394883000.png;img_Drone1_3_0_1641363766395018000.png
Drone1	1641363765283	-120.085	79.4625	10.0969	0.99935	0.0111943	0.0199237	0.027867	img_Drone1_3_7_1641363766858157000.png;img_Drone1_3_0_1641363766858282000.png
Drone1	1641363765814	-124.303	82.2443	10.7864	0.99935	0.0111395	0.0199625	0.0278686	img_Drone1_3_7_1641363767403507000.png;img_Drone1_3_0_1641363767403645000.png
Drone1	1641363766216	-127.497	84.35	11.3084	0.99935	0.0111125	0.0199827	0.0278693	img_Drone1_3_7_1641363767807887000.png;img_Drone1_3_0_1641363767808003000.png
Drone1	1641363766849	-132.526	87.6645	12.1303	0.99935	0.0111599	0.0199525	0.027868	img_Drone1_3_7_1641363768442253000.png;img_Drone1_3_0_1641363768442385000.png
Drone1	1641363767392	-136.84	90.5079	12.8353	0.99935	0.0111862	0.0199362	0.0278674	img_Drone1_3_7_1641363768990652000.png;img_Drone1_3_0_1641363768990783000.png
Drone1	1641363767821	-140.249	92.7542	13.3924	0.99935	0.0111974	0.0199299	0.0278672	img_Drone1_3_7_1641363769436506000.png;img_Drone1_3_0_1641363769436626000.png
Drone1	1641363768430	-145.087	95.9446	14.1832	0.99935	0.0111468	0.0199664	0.0278687	img_Drone1_3_7_1641363770059106000.png;img_Drone1_3_0_1641363770059277000.png
Drone1	1641363769048	-149.997	99.1814	14.9856	0.99935	0.011127	0.0199823	0.0278692	img_Drone1_3_7_1641363770675127000.png;img_Drone1_3_0_1641363770679298000.png
Drone1	1641363769393	-152.738	100.988	15.4336	0.99935	0.0111547	0.019964	0.0278685	img_Drone1_3_7_1641363771039520000.png;img_Drone1_3_0_1641363771039642000.png
Drone1	1641363770107	-158.41	104.727	16.3606	0.99935	0.0111919	0.0199404	0.0278676	img_Drone1_3_7_1641363771781196000.png;img_Drone1_3_0_1641363771781329000.png
Drone1	1641363770413	-160.841	106.329	16.7579	0.99935	0.0111995	0.0199359	0.0278674	img_Drone1_3_7_1641363772118434000.png;img_Drone1_3_0_1641363772118561000.png
Drone1	1641363771100	-166.299	109.928	17.65	0.99935	0.0111498	0.019972	0.0278689	img_Drone1_3_7_1641363772817321000.png;img_Drone1_3_0_1641363772817449000.png
Drone1	1641363771655	-170.709	112.835	18.3706	0.99935	0.0111285	0.0199894	0.0278695	img_Drone1_3_7_1641363773371967000.png;img_Drone1_3_0_1641363773372101000.png
Drone1	1641363772084	-174.117	115.081	18.9276	0.99935	0.0111627	0.0199672	0.0278686	img_Drone1_3_7_1641363773812361000.png;img_Drone1_3_0_1641363773812491000.png
Drone1	1641363772583	-178.073	117.689	19.5742	0.99935	0.0111896	0.0199502	0.0278678	img_Drone1_3_7_1641363774348713000.png;img_Drone1_3_0_1641363774348842000.png
Drone1	1641363773084	-182.054	120.312	20.2247	0.99935	0.0112038	0.0199422	0.0278675	img_Drone1_3_7_1641363774921531000.png;img_Drone1_3_0_1641363774921650000.png
Drone1	1641363773588	-186.058	122.952	20.8792	0.99935	0.0111689	0.0199678	0.0278686	img_Drone1_3_7_1641363775430651000.png;img_Drone1_3_0_1641363775430811000.png
Drone1	1641363774155	-190.563	125.922	21.6154	0.99935	0.0111248	0.0200002	0.0278698	img_Drone1_3_7_1641363776031190000.png;img_Drone1_3_0_1641363776031315000.png
Drone1	1641363774482	-193.161	127.635	22.04	0.99935	0.0111482	0.0199854	0.0278692	img_Drone1_3_7_1641363776360072000.png;img_Drone1_3_0_1641363776360204000.png
Drone1	1641363775241	-199.191	131.611	23.0256	0.99935	0.0111224	0.0200053	0.0278699	img_Drone1_3_7_1641363777181853000.png;img_Drone1_3_0_1641363777182206000.png
Drone1	1641363775592	-201.979	133.45	23.4814	0.999349	0.0111026	0.0200203	0.0278705	img_Drone1_3_7_1641363777542109000.png;img_Drone1_3_0_1641363777542241000.png
Drone1	1641363776384	-208.271	137.595	24.5097	0.99935	0.0112223	0.0199409	0.0278672	img_Drone1_3_7_1641363778360927000.png;img_Drone1_3_0_1641363778361063000.png
Drone1	1641363776804	-211.608	139.795	25.055	0.99935	0.0112523	0.0199211	0.0278665	img_Drone1_3_7_1641363778783944000.png;img_Drone1_3_0_1641363778784111000.png
Drone1	1641363777380	-216.184	142.812	25.8029	0.99935	0.0111651	0.0199829	0.0278688	img_Drone1_3_7_1641363779384065000.png;img_Drone1_3_0_1641363779384195000.png
Drone1	1641363777689	-218.639	144.431	26.2042	0.999349	0.0111335	0.0200056	0.0278697	img_Drone1_3_7_1641363779700621000.png;img_Drone1_3_0_1641363779700751000.png
Drone1	1641363778292	-223.43	147.59	26.9873	0.999349	0.0110991	0.0200312	0.0278708	img_Drone1_3_7_1641363780312414000.png;img_Drone1_3_0_1641363780312543000.png
Drone1	1641363778955	-228.697	151.06	27.848	0.99935	0.0112243	0.0199474	0.0278674	img_Drone1_3_7_1641363780980204000.png;img_Drone1_3_0_1641363780980347000.png
Drone1	1641363779375	-232.034	153.259	28.3933	0.99935	0.0112584	0.0199247	0.0278665	img_Drone1_3_7_1641363781404343000.png;img_Drone1_3_0_1641363781404480000.png
Drone1	1641363779843	-235.752	155.711	29.001	0.999349	0.0111854	0.0199763	0.0278685	img_Drone1_3_7_1641363781895317000.png;img_Drone1_3_0_1641363781895448000.png
Drone1	1641363780446	-240.543	158.87	29.784	0.999349	0.0111245	0.0200205	0.0278702	img_Drone1_3_7_1641363782512432000.png;img_Drone1_3_0_1641363782512564000.png
Drone1	1641363780878	-243.975	161.133	30.345	0.999349	0.0111028	0.0200369	0.0278709	img_Drone1_3_7_1641363782964093000.png;img_Drone1_3_0_1641363782964663000.png
Drone1	1641363781640	-250.029	165.121	31.3343	0.999349	0.0112441	0.0199425	0.027867	img_Drone1_3_7_1641363783748737000.png;img_Drone1_3_0_1641363783748875000.png
Drone1	1641363782081	-253.533	167.431	31.9069	0.999349	0.0112468	0.0199414	0.0278669	img_Drone1_3_7_1641363784197845000.png;img_Drone1_3_0_1641363784197979000.png
Drone1	1641363782474	-256.655	169.49	32.4171	0.999349	0.0111842	0.0199856	0.0278687	img_Drone1_3_7_1641363784599028000.png;img_Drone1_3_0_1641363784599222000.png
Drone1	1641363783143	-261.97	172.995	33.2858	0.999349	0.0111213	0.0200303	0.0278704	img_Drone1_3_7_1641363785279087000.png;img_Drone1_3_0_1641363785279239000.png
Drone1	1641363783479	-264.639	174.755	33.7221	0.999349	0.0111057	0.0200427	0.0278709	img_Drone1_3_7_1641363785629007000.png;img_Drone1_3_0_1641363785629227000.png
Drone1	1641363784133	-269.835	178.178	34.5712	0.999349	0.0112323	0.0199581	0.0278675	img_Drone1_3_7_1641363786339982000.png;img_Drone1_3_0_1641363786340105000.png
Drone1	1641363784535	-273.029	180.283	35.0931	0.999349	0.0112669	0.0199351	0.0278666	img_Drone1_3_7_1641363786746903000.png;img_Drone1_3_0_1641363786747033000.png
Drone1	1641363785225	-278.511	183.898	35.9891	0.999349	0.0111658	0.0200071	0.0278694	img_Drone1_3_7_1641363787462033000.png;img_Drone1_3_0_1641363787462169000.png
Drone1	1641363785759	-282.753	186.695	36.6825	0.999349	0.0111232	0.0200384	0.0278706	img_Drone1_3_7_1641363788024855000.png;img_Drone1_3_0_1641363788024977000.png
Drone1	1641363786254	-286.686	189.287	37.3253	0.999349	0.0111323	0.0200343	0.0278705	img_Drone1_3_7_1641363788557470000.png;img_Drone1_3_0_1641363788557621000.png
Drone1	1641363786851	-291.429	192.412	38.1004	0.999349	0.0112599	0.0199481	0.027867	img_Drone1_3_7_1641363789165396000.png;img_Drone1_3_0_1641363789166067000.png
Drone1	1641363787391	-295.719	195.241	38.8015	0.999349	0.0112297	0.0199697	0.0278678	img_Drone1_3_7_1641363789725149000.png;img_Drone1_3_0_1641363789725278000.png
Drone1	1641363787874	-299.557	197.771	39.4287	0.999349	0.0111632	0.0200174	0.0278697	img_Drone1_3_7_1641363790212958000.png;img_Drone1_3_0_1641363790213088000.png
Drone1	1641363788453	-304.157	200.804	40.1806	0.999349	0.0111216	0.0200481	0.0278709	img_Drone1_3_7_1641363790801849000.png;img_Drone1_3_0_1641363790801981000.png
Drone1	1641363789023	-308.685	203.788	40.9206	0.999349	0.0111725	0.0200152	0.0278695	img_Drone1_3_7_1641363791371657000.png;img_Drone1_3_0_1641363791371794000.png
Drone1	1641363789392	-311.617	205.72	41.3997	0.999349	0.0112519	0.0199615	0.0278673	img_Drone1_3_7_1641363791762557000.png;img_Drone1_3_0_1641363791762691000.png
Drone1	1641363789992	-316.383	208.862	42.1787	0.999349	0.0112349	0.0199747	0.0278678	img_Drone1_3_7_1641363792380112000.png;img_Drone1_3_0_1641363792380245000.png
Drone1	1641363790421	-319.792	211.11	42.7358	0.999349	0.0111737	0.0200182	0.0278695	img_Drone1_3_7_1641363792822560000.png;img_Drone1_3_0_1641363792823245000.png
Drone1	1641363791036	-324.678	214.332	43.5345	0.999349	0.0111267	0.0200528	0.0278709	img_Drone1_3_7_1641363793469268000.png;img_Drone1_3_0_1641363793469403000.png
Drone1	1641363791543	-328.706	216.986	44.1927	0.999349	0.0111553	0.0200353	0.0278702	img_Drone1_3_7_1641363793976675000.png;img_Drone1_3_0_1641363793976834000.png
Drone1	1641363792071	-332.901	219.75	44.8782	0.999349	0.0112674	0.0199594	0.0278671	img_Drone1_3_7_1641363794506861000.png;img_Drone1_3_0_1641363794506992000.png
Drone1	1641363792608	-337.167	222.563	45.5755	0.999349	0.0112379	0.0199812	0.0278679	img_Drone1_3_7_1641363795046630000.png;img_Drone1_3_0_1641363795046779000.png
Drone1	1641363793055	-340.718	224.905	46.1559	0.999349	0.011175	0.0200261	0.0278697	img_Drone1_3_7_1641363795493821000.png;img_Drone1_3_0_1641363795493947000.png
Drone1	1641363793523	-344.436	227.356	46.7637	0.999348	0.0111368	0.0200538	0.0278707	img_Drone1_3_7_1641363795963274000.png;img_Drone1_3_0_1641363795963403000.png
Drone1	1641363793865	-347.153	229.148	47.2078	0.999348	0.011121	0.0200656	0.0278712	img_Drone1_3_7_1641363796305751000.png;img_Drone1_3_0_1641363796305876000.png
Drone1	1641363794441	-351.73	232.163	47.9556	0.999349	0.0112256	0.0199957	0.0278684	img_Drone1_3_7_1641363796949466000.png;img_Drone1_3_0_1641363796949597000.png
Drone1	1641363794996	-356.139	235.069	48.6762	0.999349	0.0112764	0.019962	0.027867	img_Drone1_3_7_1641363797518375000.png;img_Drone1_3_0_1641363797518504000.png
Drone1	1641363795434	-359.619	237.363	49.245	0.999348	0.0112075	0.0200109	0.0278689	img_Drone1_3_7_1641363797958121000.png;img_Drone1_3_0_1641363797958244000.png
Drone1	1641363796040	-364.433	240.538	50.0319	0.999348	0.011146	0.0200552	0.0278706	img_Drone1_3_7_1641363798567406000.png;img_Drone1_3_0_1641363798567544000.png
Drone1	1641363796463	-367.794	242.754	50.5812	0.999348	0.0111251	0.0200715	0.0278712	img_Drone1_3_7_1641363798993659000.png;img_Drone1_3_0_1641363798993794000.png
Drone1	1641363797009	-372.132	245.612	51.29	0.999348	0.0112197	0.0200083	0.0278687	img_Drone1_3_7_1641363799543411000.png;img_Drone1_3_0_1641363799543540000.png
Drone1	1641363797420	-375.397	247.763	51.8236	0.999349	0.0112923	0.0199593	0.0278667	img_Drone1_3_7_1641363799955668000.png;img_Drone1_3_0_1641363799955797000.png
Drone1	1641363797918	-379.354	250.372	52.4702	0.999348	0.0112303	0.0200033	0.0278684	img_Drone1_3_7_1641363800484847000.png;img_Drone1_3_0_1641363800484975000.png
Drone1	1641363798497	-383.954	253.405	53.2213	0.999346	0.0108346	0.0203153	0.0278798	img_Drone1_3_7_1641363801067830000.png;img_Drone1_3_0_1641363801067950000.png
Drone1	1641363798929	-387.399	255.67	53.3692	0.99653	-0.0610483	-0.0488713	0.0285176	img_Drone1_3_7_1641363801503646000.png;img_Drone1_3_0_1641363801503774000.png
Drone1	1641363799400	-390.423	257.49	52.7536	0.927381	-0.238627	-0.286706	0.0286382	img_Drone1_3_7_1641363801997086000.png;img_Drone1_3_0_1641363801997211000.png
Drone1	1641363799913	-391.443	257.691	51.4004	0.923615	-0.236773	-0.299911	0.0304417	img_Drone1_3_7_1641363802521081000.png;img_Drone1_3_0_1641363802521213000.png
Drone1	1641363800471	-390.111	256.022	49.6811	0.943721	-0.255766	-0.209691	0.00187101	img_Drone1_3_7_1641363803087971000.png;img_Drone1_3_0_1641363803088101000.png
Drone1	1641363801029	-387.78	253.278	49.1685	0.976294	-0.200467	-0.0778083	-0.0246931	img_Drone1_3_7_1641363803658303000.png;img_Drone1_3_0_1641363803658887000.png
Drone1	1641363801455	-385.786	250.601	49.4151	0.989998	-0.136346	-0.0109164	-0.0345545	img_Drone1_3_7_1641363804100635000.png;img_Drone1_3_0_1641363804100893000.png
Drone1	1641363801896	-383.721	247.362	49.6719	0.99478	-0.0919604	0.0208036	-0.0390193	img_Drone1_3_7_1641363804570782000.png;img_Drone1_3_0_1641363804570911000.png
Drone1	1641363802511	-381.063	242.322	49.5554	0.997037	-0.0578587	0.0299873	-0.0408681	img_Drone1_3_7_1641363805194656000.png;img_Drone1_3_0_1641363805194787000.png
Drone1	1641363803099	-378.789	237.24	49.1566	0.998407	-0.0352442	0.0164064	-0.0408997	img_Drone1_3_7_1641363805793835000.png;img_Drone1_3_0_1641363805793969000.png
Drone1	1641363803717	-376.578	231.788	48.2942	0.998933	-0.0216772	-0.00587685	-0.0403584	img_Drone1_3_7_1641363806423246000.png;img_Drone1_3_0_1641363806423376000.png
Drone1	1641363804095	-375.234	228.46	47.7002	0.998927	-0.0174162	-0.0152648	-0.0401205	img_Drone1_3_7_1641363806815300000.png;img_Drone1_3_0_1641363806815435000.png
Drone1	1641363804608	-373.36	223.976	46.851	0.998877	-0.0158081	-0.0198693	-0.0400101	img_Drone1_3_7_1641363807346295000.png;img_Drone1_3_0_1641363807346423000.png
Drone1	1641363805229	-370.993	218.607	45.7936	0.998903	-0.0187728	-0.0151536	-0.0401445	img_Drone1_3_7_1641363808007020000.png;img_Drone1_3_0_1641363808007201000.png
Drone1	1641363805673	-369.253	214.794	45.0296	0.998902	-0.0220738	-0.00912293	-0.0403062	img_Drone1_3_7_1641363808470293000.png;img_Drone1_3_0_1641363808470434000.png
Drone1	1641363806081	-367.643	211.297	44.3241	0.998869	-0.0246276	-0.00432546	-0.0404325	img_Drone1_3_7_1641363808879812000.png;img_Drone1_3_0_1641363808880058000.png
Drone1	1641363806735	-365.076	205.689	43.1888	0.998827	-0.0265076	-0.000821805	-0.040524	img_Drone1_3_7_1641363809578823000.png;img_Drone1_3_0_1641363809578963000.png
Drone1	1641363807152	-363.46	202.104	42.4643	0.99883	-0.0263829	-0.00124617	-0.0405126	img_Drone1_3_7_1641363810011407000.png;img_Drone1_3_0_1641363810011525000.png
Drone1	1641363807542	-361.964	198.747	41.7869	0.998846	-0.025727	-0.00274508	-0.0404727	img_Drone1_3_7_1641363810434893000.png;img_Drone1_3_0_1641363810435021000.png
Drone1	1641363808124	-359.746	193.73	40.776	0.998868	-0.0245409	-0.00539332	-0.0404018	img_Drone1_3_7_1641363811051097000.png;img_Drone1_3_0_1641363811051237000.png
Drone1	1641363808649	-357.748	189.204	39.8642	0.998877	-0.0238146	-0.0069988	-0.0403588	img_Drone1_3_7_1641363811579926000.png;img_Drone1_3_0_1641363811580078000.png
Drone1	1641363809078	-356.11	185.508	39.119	0.998879	-0.0236422	-0.00738451	-0.0403484	img_Drone1_3_7_1641363812012047000.png;img_Drone1_3_0_1641363812012182000.png
Drone1	1641363809645	-353.937	180.628	38.1338	0.998876	-0.0238499	-0.00694736	-0.0403603	img_Drone1_3_7_1641363812595647000.png;img_Drone1_3_0_1641363812595820000.png
Drone1	1641363810221	-351.722	175.673	37.1325	0.998871	-0.0242528	-0.00609774	-0.0403833	img_Drone1_3_7_1641363813176257000.png;img_Drone1_3_0_1641363813176386000.png
Drone1	1641363810641	-350.103	172.061	36.4025	0.998867	-0.0245199	-0.00552277	-0.0403989	img_Drone1_3_7_1641363813595494000.png;img_Drone1_3_0_1641363813595632000.png
Drone1	1641363811115	-348.28	167.984	35.5786	0.998866	-0.0246472	-0.00524436	-0.0404064	img_Drone1_3_7_1641363814087431000.png;img_Drone1_3_0_1641363814090130000.png
Drone1	1641363811757	-345.812	162.46	34.4626	0.998866	-0.024625	-0.00527995	-0.0404057	img_Drone1_3_7_1641363814742701000.png;img_Drone1_3_0_1641363814742838000.png
Drone1	1641363812171	-344.224	158.897	33.743	0.998868	-0.0245043	-0.00553821	-0.0403989	img_Drone1_3_7_1641363815163542000.png;img_Drone1_3_0_1641363815163676000.png
Drone1	1641363812594	-342.602	155.256	33.0077	0.998869	-0.0244026	-0.00576	-0.0403931	img_Drone1_3_7_1641363815606085000.png;img_Drone1_3_0_1641363815606221000.png
Drone1	1641363813119	-340.588	150.738	32.0951	0.99887	-0.0243346	-0.00590757	-0.0403891	img_Drone1_3_7_1641363816135365000.png;img_Drone1_3_0_1641363816135499000.png
Drone1	1641363813557	-338.909	146.969	31.334	0.998871	-0.0243023	-0.00596846	-0.0403876	img_Drone1_3_7_1641363816574599000.png;img_Drone1_3_0_1641363816574733000.png
Drone1	1641363814181	-336.513	141.599	30.2496	0.998871	-0.0243157	-0.00592439	-0.0403889	img_Drone1_3_7_1641363817247471000.png;img_Drone1_3_0_1641363817247599000.png
Drone1	1641363814760	-334.287	136.616	29.243	0.998869	-0.0244513	-0.00562688	-0.0403967	img_Drone1_3_7_1641363817888156000.png;img_Drone1_3_0_1641363817888289000.png
Drone1	1641363815261	-332.362	132.304	28.3719	0.998868	-0.0244985	-0.00553047	-0.0403994	img_Drone1_3_7_1641363818401932000.png;img_Drone1_3_0_1641363818402105000.png
Drone1	1641363815582	-331.131	129.542	27.8139	0.998869	-0.024434	-0.00566934	-0.0403957	img_Drone1_3_7_1641363818798252000.png;img_Drone1_3_0_1641363818798392000.png
Drone1	1641363816086	-329.198	125.204	26.9378	0.99887	-0.0243456	-0.00585503	-0.0403906	img_Drone1_3_7_1641363819377026000.png;img_Drone1_3_0_1641363819377200000.png
Drone1	1641363816698	-326.85	119.937	25.8742	0.998871	-0.0242954	-0.0059521	-0.0403879	img_Drone1_3_7_1641363819996424000.png;img_Drone1_3_0_1641363819996551000.png
Drone1	1641363817214	-324.866	115.497	24.9772	0.998869	-0.0244053	-0.00570651	-0.0403944	img_Drone1_3_7_1641363820514694000.png;img_Drone1_3_0_1641363820514825000.png
Drone1	1641363817625	-323.285	111.96	24.2626	0.998868	-0.0244767	-0.00555073	-0.0403986	img_Drone1_3_7_1641363820953090000.png;img_Drone1_3_0_1641363820953270000.png
Drone1	1641363818174	-321.18	107.235	23.3082	0.998869	-0.0244156	-0.00568461	-0.040395	img_Drone1_3_7_1641363821550605000.png;img_Drone1_3_0_1641363821550735000.png
Drone1	1641363818546	-319.753	104.034	22.6616	0.99887	-0.0243493	-0.00582475	-0.0403912	img_Drone1_3_7_1641363822047124000.png;img_Drone1_3_0_1641363822047291000.png
Drone1	1641363819059	-317.786	99.6188	21.77	0.998871	-0.0242942	-0.0059365	-0.0403881	img_Drone1_3_7_1641363822672294000.png;img_Drone1_3_0_1641363822672415000.png
Drone1	1641363819762	-315.087	93.5774	20.5498	0.99887	-0.0244036	-0.00568784	-0.0403947	img_Drone1_3_7_1641363823443719000.png;img_Drone1_3_0_1641363823444297000.png
Drone1	1641363820353	-312.816	88.4913	19.5222	0.998869	-0.024472	-0.00554315	-0.0403986	img_Drone1_3_7_1641363824047813000.png;img_Drone1_3_0_1641363824047938000.png
Drone1	1641363820896	-310.734	83.8183	18.5783	0.99887	-0.024366	-0.0057689	-0.0403925	img_Drone1_3_7_1641363824612832000.png;img_Drone1_3_0_1641363824612961000.png
Drone1	1641363821358	-308.962	79.8423	17.7754	0.998871	-0.0243041	-0.0058974	-0.0403889	img_Drone1_3_7_1641363825080262000.png;img_Drone1_3_0_1641363825080382000.png
Drone1	1641363821841	-307.119	75.6857	16.9359	0.998871	-0.0242969	-0.00590393	-0.0403888	img_Drone1_3_7_1641363825567285000.png;img_Drone1_3_0_1641363825567409000.png
Drone1	1641363822171	-305.839	72.8457	16.3623	0.99887	-0.024377	-0.00572842	-0.0403935	img_Drone1_3_7_1641363825904909000.png;img_Drone1_3_0_1641363825905042000.png
Drone1	1641363822717	-303.74	68.1468	15.413	0.998869	-0.024467	-0.00552755	-0.0403989	img_Drone1_3_7_1641363826480302000.png;img_Drone1_3_0_1641363826480424000.png
Drone1	1641363823380	-301.197	62.4409	14.2605	0.99887	-0.0243574	-0.00576419	-0.0403926	img_Drone1_3_7_1641363827176631000.png;img_Drone1_3_0_1641363827176765000.png
Drone1	1641363823884	-299.264	58.103	13.3844	0.998871	-0.0242825	-0.00591781	-0.0403885	img_Drone1_3_7_1641363827681580000.png;img_Drone1_3_0_1641363827681702000.png
Drone1	1641363824256	-297.836	54.9016	12.7379	0.998872	-0.0242778	-0.00592331	-0.0403884	img_Drone1_3_7_1641363828055481000.png;img_Drone1_3_0_1641363828055610000.png
Drone1	1641363824766	-295.875	50.5125	11.8513	0.99887	-0.0243947	-0.00566461	-0.0403952	img_Drone1_3_7_1641363828570377000.png;img_Drone1_3_0_1641363828570498000.png
Drone1	1641363825300	-293.823	45.9169	10.9228	0.998869	-0.0244574	-0.00552824	-0.0403989	img_Drone1_3_7_1641363829107674000.png;img_Drone1_3_0_1641363829107813000.png
Drone1	1641363825846	-291.729	41.2174	9.97367	0.998871	-0.0243452	-0.00576748	-0.0403925	img_Drone1_3_7_1641363829680754000.png;img_Drone1_3_0_1641363829680859000.png
Drone1	1641363826371	-289.715	36.6987	9.06109	0.998872	-0.0242679	-0.00592582	-0.0403881	img_Drone1_3_7_1641363830262201000.png;img_Drone1_3_0_1641363830262324000.png
Drone1	1641363826743	-288.287	33.4973	8.41447	0.998872	-0.0242754	-0.00590581	-0.0403887	img_Drone1_3_7_1641363830639185000.png;img_Drone1_3_0_1641363830639310000.png
Drone1	1641363827367	-285.887	28.1272	7.32964	0.99887	-0.0244137	-0.00560212	-0.0403966	img_Drone1_3_7_1641363831286257000.png;img_Drone1_3_0_1641363831286387000.png
Drone1	1641363827793	-284.251	24.4609	6.58895	0.998869	-0.0244453	-0.00553448	-0.0403985	img_Drone1_3_7_1641363831719001000.png;img_Drone1_3_0_1641363831719143000.png
Drone1	1641363828273	-282.41	20.3295	5.75489	0.998867	-0.0245298	-0.00551569	-0.0403994	img_Drone1_3_7_1641363832202142000.png;img_Drone1_3_0_1641363832202267000.png
Drone1	1641363828702	-280.767	16.6418	5.14299	0.998631	-0.0325212	0.00465678	-0.0407053	img_Drone1_3_7_1641363832634362000.png;img_Drone1_3_0_1641363832634493000.png
Drone1	1641363829290	-278.587	12.2145	4.62852	0.960666	0.271511	0.0150801	-0.0563474	img_Drone1_3_7_1641363833237611000.png;img_Drone1_3_0_1641363833237736000.png
Drone1	1641363829722	-277.02	10.7071	3.3523	0.956698	0.282802	0.0515758	-0.0457377	img_Drone1_3_7_1641363833673191000.png;img_Drone1_3_0_1641363833673318000.png
Drone1	1641363830382	-274.939	10.7231	1.41819	0.956392	0.282544	0.0601855	-0.0431454	img_Drone1_3_7_1641363834338736000.png;img_Drone1_3_0_1641363834338865000.png
Drone1	1641363830754	-273.897	11.4507	1.1164	0.957022	0.28242	0.0458487	-0.0473995	img_Drone1_3_7_1641363834708853000.png;img_Drone1_3_0_1641363834709374000.png
Drone1	1641363831459	-272.062	14.3535	1.8674	0.967508	0.245311	-0.000165536	-0.0612443	img_Drone1_3_7_1641363835418405000.png;img_Drone1_3_0_1641363835418536000.png
Drone1	1641363831780	-271.218	16.2472	2.75875	0.982748	0.172264	-0.0138499	-0.0658785	img_Drone1_3_7_1641363835740284000.png;img_Drone1_3_0_1641363835740410000.png
Drone1	1641363832455	-269.299	20.9694	5.07332	0.993845	0.0734903	-0.0402055	-0.0724895	img_Drone1_3_7_1641363836413848000.png;img_Drone1_3_0_1641363836413982000.png
Drone1	1641363832926	-267.744	24.5783	6.60933	0.994401	0.036691	-0.0638432	-0.0757987	img_Drone1_3_7_1641363836886243000.png;img_Drone1_3_0_1641363836886374000.png
Drone1	1641363833358	-266.063	27.933	7.83241	0.99293	0.00798633	-0.0886542	-0.0785287	img_Drone1_3_7_1641363837343193000.png;img_Drone1_3_0_1641363837343339000.png
Drone1	1641363833979	-263.04	32.5784	9.22589	0.990059	-0.0303896	-0.110027	-0.0821844	img_Drone1_3_7_1641363837980216000.png;img_Drone1_3_0_1641363837980341000.png
Drone1	1641363834387	-260.629	35.3938	9.99996	0.991276	-0.0345607	-0.0961528	-0.0832627	img_Drone1_3_7_1641363838419293000.png;img_Drone1_3_0_1641363838419433000.png
Drone1	1641363834975	-256.719	39.122	11.1369	0.99493	-0.0106784	-0.056056	-0.0828144	img_Drone1_3_7_1641363839025237000.png;img_Drone1_3_0_1641363839025408000.png
Drone1	1641363835371	-253.913	41.4988	11.9066	0.996109	0.0106668	-0.0303278	-0.0820553	img_Drone1_3_7_1641363839475200000.png;img_Drone1_3_0_1641363839475333000.png
Drone1	1641363835806	-250.775	44.0837	12.7205	0.996211	0.0299188	-0.00777037	-0.0812907	img_Drone1_3_7_1641363839910932000.png;img_Drone1_3_0_1641363839911059000.png
Drone1	1641363836457	-246.125	48.0532	13.8792	0.9958	0.0422274	0.00962932	-0.0806604	img_Drone1_3_7_1641363840559814000.png;img_Drone1_3_0_1641363840559948000.png
Drone1	1641363836961	-242.633	51.2619	14.7658	0.99598	0.0381329	0.00716418	-0.0807406	img_Drone1_3_7_1641363841065588000.png;img_Drone1_3_0_1641363841065712000.png
Drone1	1641363837300	-240.335	53.477	15.3665	0.996195	0.032257	0.000906487	-0.0809583	img_Drone1_3_7_1641363841404467000.png;img_Drone1_3_0_1641363841404997000.png
Drone1	1641363837933	-236.105	57.6786	16.4904	0.996387	0.0210419	-0.0120682	-0.0813934	img_Drone1_3_7_1641363842039766000.png;img_Drone1_3_0_1641363842039892000.png
Drone1	1641363838335	-233.424	60.3554	17.2007	0.996379	0.0160802	-0.0177363	-0.0815779	img_Drone1_3_7_1641363842443547000.png;img_Drone1_3_0_1641363842443676000.png
Drone1	1641363839013	-228.862	64.833	18.3935	0.996362	0.0135104	-0.0202731	-0.0816667	img_Drone1_3_7_1641363843130416000.png;img_Drone1_3_0_1641363843130546000.png
Drone1	1641363839409	-226.168	67.4195	19.0897	0.996381	0.0148749	-0.018508	-0.081617	img_Drone1_3_7_1641363843527389000.png;img_Drone1_3_0_1641363843527517000.png
Drone1	1641363839952	-222.448	70.9411	20.0442	0.996401	0.0181347	-0.0146502	-0.0815016	img_Drone1_3_7_1641363844081011000.png;img_Drone1_3_0_1641363844081144000.png
Drone1	1641363840417	-219.253	73.9479	20.8614	0.996398	0.0206174	-0.0117583	-0.0814132	img_Drone1_3_7_1641363844587771000.png;img_Drone1_3_0_1641363844587908000.png
Drone1	1641363840936	-215.691	77.3087	21.7731	0.99639	0.0220165	-0.0101091	-0.0813625	img_Drone1_3_7_1641363845104772000.png;img_Drone1_3_0_1641363845104895000.png
Drone1	1641363841422	-212.366	80.4666	22.6269	0.99639	0.0219916	-0.0101197	-0.0813632	img_Drone1_3_7_1641363845592495000.png;img_Drone1_3_0_1641363845592625000.png
Drone1	1641363841959	-208.703	83.9677	23.5706	0.996396	0.021086	-0.011174	-0.0813962	img_Drone1_3_7_1641363846131500000.png;img_Drone1_3_0_1641363846131738000.png
Drone1	1641363842481	-205.15	87.3773	24.488	0.9964	0.0200529	-0.0123831	-0.0814336	img_Drone1_3_7_1641363846658455000.png;img_Drone1_3_0_1641363846658584000.png
Drone1	1641363842934	-202.067	90.3368	25.2841	0.996401	0.0194306	-0.0131084	-0.0814563	img_Drone1_3_7_1641363847146180000.png;img_Drone1_3_0_1641363847146309000.png
Drone1	1641363843615	-197.427	94.7814	26.4807	0.996402	0.0192234	-0.0133442	-0.0814638	img_Drone1_3_7_1641363847970670000.png;img_Drone1_3_0_1641363847970805000.png
Drone1	1641363844194	-193.476	98.5549	27.498	0.996401	0.0195211	-0.0129938	-0.0814532	img_Drone1_3_7_1641363848608737000.png;img_Drone1_3_0_1641363848608854000.png
Drone1	1641363844656	-190.323	101.564	28.3096	0.996401	0.0198211	-0.0126451	-0.0814427	img_Drone1_3_7_1641363849094140000.png;img_Drone1_3_0_1641363849094265000.png
Drone1	1641363845655	-183.504	108.07	30.0646	0.9964	0.0201311	-0.0122899	-0.0814316	img_Drone1_3_7_1641363850246438000.png;img_Drone1_3_0_1641363850246566000.png
Drone1	1641363846006	-181.108	110.356	30.6813	0.9964	0.0201525	-0.012268	-0.081431	img_Drone1_3_7_1641363850652799000.png;img_Drone1_3_0_1641363850652927000.png
Drone1	1641363846762	-175.95	115.283	32.0096	0.9964	0.0200429	-0.0124028	-0.081435	img_Drone1_3_7_1641363851485964000.png;img_Drone1_3_0_1641363851486096000.png
Drone1	1641363847395	-171.633	119.409	33.1218	0.9964	0.0199292	-0.0125406	-0.0814394	img_Drone1_3_7_1641363852133411000.png;img_Drone1_3_0_1641363852133533000.png
Drone1	1641363847926	-168.011	122.87	34.0547	0.9964	0.0198872	-0.0125915	-0.0814409	img_Drone1_3_7_1641363852670876000.png;img_Drone1_3_0_1641363852671007000.png
Drone1	1641363848502	-164.082	126.625	35.0666	0.9964	0.0198642	-0.01262	-0.0814414	img_Drone1_3_7_1641363853251828000.png;img_Drone1_3_0_1641363853251960000.png
Drone1	1641363849054	-160.317	130.222	36.0363	0.9964	0.0198735	-0.0126104	-0.081441	img_Drone1_3_7_1641363853810106000.png;img_Drone1_3_0_1641363853810231000.png
Drone1	1641363849501	-157.266	133.134	36.8218	0.9964	0.0199607	-0.0125114	-0.081438	img_Drone1_3_7_1641363854270656000.png;img_Drone1_3_0_1641363854270786000.png
Drone1	1641363849891	-154.605	135.675	37.5069	0.9964	0.0200304	-0.0124326	-0.0814356	img_Drone1_3_7_1641363854669416000.png;img_Drone1_3_0_1641363854669550000.png
Drone1	1641363850524	-150.287	139.8	38.6189	0.9964	0.0199997	-0.0124735	-0.0814368	img_Drone1_3_7_1641363855308272000.png;img_Drone1_3_0_1641363855308409000.png
Drone1	1641363850854	-148.036	141.95	39.1985	0.9964	0.0199848	-0.0124925	-0.0814374	img_Drone1_3_7_1641363855655328000.png;img_Drone1_3_0_1641363855655457000.png
Drone1	1641363851439	-144.046	145.761	40.2261	0.9964	0.019969	-0.0125151	-0.0814376	img_Drone1_3_7_1641363856246923000.png;img_Drone1_3_0_1641363856247050000.png
Drone1	1641363851877	-141.059	148.615	40.9954	0.9964	0.0199654	-0.0125219	-0.0814376	img_Drone1_3_7_1641363856696620000.png;img_Drone1_3_0_1641363856696753000.png
Drone1	1641363852405	-137.458	152.055	41.9228	0.9964	0.0199637	-0.0125274	-0.0814376	img_Drone1_3_7_1641363857252632000.png;img_Drone1_3_0_1641363857252765000.png
Drone1	1641363853035	-133.161	156.16	43.0294	0.9964	0.0199634	-0.0125305	-0.0814376	img_Drone1_3_7_1641363857933085000.png;img_Drone1_3_0_1641363857933211000.png
Drone1	1641363853686	-128.72	160.402	44.1729	0.9964	0.0199647	-0.0125312	-0.0814375	img_Drone1_3_7_1641363858595690000.png;img_Drone1_3_0_1641363858595820000.png
Drone1	1641363854259	-124.812	164.135	45.1794	0.9964	0.0199666	-0.0125316	-0.0814375	img_Drone1_3_7_1641363859193349000.png;img_Drone1_3_0_1641363859193473000.png
Drone1	1641363854586	-122.582	166.266	45.7538	0.9964	0.0199678	-0.0125324	-0.0814375	img_Drone1_3_7_1641363859535052000.png;img_Drone1_3_0_1641363859535493000.png
Drone1	1641363855435	-116.791	171.797	47.245	0.9964	0.0199702	-0.0125344	-0.0814374	img_Drone1_3_7_1641363860397142000.png;img_Drone1_3_0_1641363860397282000.png
Drone1	1641363855825	-114.131	174.338	47.93	0.9964	0.0199716	-0.0125352	-0.0814374	img_Drone1_3_7_1641363860809846000.png;img_Drone1_3_0_1641363860809982000.png
Drone1	1641363856524	-109.363	178.893	49.1579	0.9964	0.0199736	-0.0125362	-0.0814374	img_Drone1_3_7_1641363861541028000.png;img_Drone1_3_0_1641363861541180000.png
Drone1	1641363857103	-105.414	182.665	50.1749	0.996399	0.0199754	-0.0125376	-0.0814374	img_Drone1_3_7_1641363862123738000.png;img_Drone1_3_0_1641363862123884000.png
Drone1	1641363857481	-102.836	185.128	50.8388	0.996399	0.0199765	-0.0125384	-0.0814374	img_Drone1_3_7_1641363862503000000.png;img_Drone1_3_0_1641363862503136000.png
Drone1	1641363857991	-99.3572	188.451	51.7346	0.996399	0.019978	-0.0125395	-0.0814374	img_Drone1_3_7_1641363863032931000.png;img_Drone1_3_0_1641363863033108000.png
Drone1	1641363858549	-95.5513	192.087	52.7147	0.996399	0.0199799	-0.0125405	-0.0814374	img_Drone1_3_7_1641363863598381000.png;img_Drone1_3_0_1641363863598504000.png
Drone1	1641363859227	-90.9269	196.504	53.9056	0.996399	0.019982	-0.0125419	-0.0814374	img_Drone1_3_7_1641363864282121000.png;img_Drone1_3_0_1641363864282269000.png
Drone1	1641363859923	-86.1797	201.039	55.1281	0.996399	0.0199839	-0.0125437	-0.0814373	img_Drone1_3_7_1641363864978783000.png;img_Drone1_3_0_1641363864978921000.png
Drone1	1641363860514	-82.1487	204.89	56.1662	0.996399	0.0199856	-0.0125446	-0.0814373	img_Drone1_3_7_1641363865572764000.png;img_Drone1_3_0_1641363865572906000.png
Drone1	1641363860859	-79.7955	207.137	56.7722	0.996399	0.0199868	-0.0125452	-0.0814373	img_Drone1_3_7_1641363865919941000.png;img_Drone1_3_0_1641363865920094000.png
Drone1	1641363861390	-76.1738	210.597	57.705	0.996399	0.0199884	-0.0125463	-0.0814373	img_Drone1_3_7_1641363866468130000.png;img_Drone1_3_0_1641363866468278000.png
Drone1	1641363861849	-73.0431	213.588	58.5112	0.996399	0.0199902	-0.0125474	-0.0814373	img_Drone1_3_7_1641363866937810000.png;img_Drone1_3_0_1641363866937948000.png
Drone1	1641363862422	-69.1348	217.321	59.5176	0.996399	0.0199916	-0.0125495	-0.0814372	img_Drone1_3_7_1641363867520285000.png;img_Drone1_3_0_1641363867520430000.png
Drone1	1641363862926	-65.6972	220.605	60.4029	0.996399	0.0199937	-0.012549	-0.0814371	img_Drone1_3_7_1641363868043675000.png;img_Drone1_3_0_1641363868043814000.png
Drone1	1641363863337	-62.8939	223.283	61.1249	0.996399	0.0199945	-0.012551	-0.0814371	img_Drone1_3_7_1641363868467421000.png;img_Drone1_3_0_1641363868467559000.png
Drone1	1641363864066	-57.9216	228.033	62.4053	0.996399	0.0199964	-0.0125527	-0.0814371	img_Drone1_3_7_1641363869273485000.png;img_Drone1_3_0_1641363869273619000.png
Drone1	1641363864618	-54.1566	231.629	63.3749	0.996399	0.0199982	-0.0125531	-0.0814371	img_Drone1_3_7_1641363869833645000.png;img_Drone1_3_0_1641363869833764000.png
Drone1	1641363865296	-49.5322	236.047	64.5661	0.996399	0.0200015	-0.0125567	-0.081437	img_Drone1_3_7_1641363870511012000.png;img_Drone1_3_0_1641363870513013000.png
Drone1	1641363865680	-46.913	238.549	65.2407	0.996399	0.0200038	-0.0125586	-0.081437	img_Drone1_3_7_1641363870908674000.png;img_Drone1_3_0_1641363870908809000.png
Drone1	1641363866146	-43.7414	241.578	66.0574	0.996399	0.0200042	-0.0125588	-0.0814369	img_Drone1_3_7_1641363871391022000.png;img_Drone1_3_0_1641363871391330000.png
Drone1	1641363866674	-40.1401	245.019	66.9849	0.996399	0.020005	-0.0125595	-0.0814369	img_Drone1_3_7_1641363871964809000.png;img_Drone1_3_0_1641363871964925000.png
Drone1	1641363867364	-35.4338	249.514	68.1969	0.996399	0.0200066	-0.0125607	-0.0814369	img_Drone1_3_7_1641363872705156000.png;img_Drone1_3_0_1641363872705284000.png
Drone1	1641363867901	-31.7711	253.013	69.1401	0.996399	0.020008	-0.0125616	-0.0814369	img_Drone1_3_7_1641363873240977000.png;img_Drone1_3_0_1641363873241141000.png
Drone1	1641363868444	-28.0672	256.551	70.0939	0.996398	0.020018	-0.0125532	-0.0814368	img_Drone1_3_7_1641363873825622000.png;img_Drone1_3_0_1641363873825747000.png
Drone1	1641363868891	-25.0182	259.466	70.8794	0.996399	0.019948	-0.0126356	-0.0814397	img_Drone1_3_7_1641363874316170000.png;img_Drone1_3_0_1641363874316309000.png
Drone1	1641363869320	-22.0917	262.263	71.6332	0.996399	0.0198971	-0.0126963	-0.0814415	img_Drone1_3_7_1641363874794514000.png;img_Drone1_3_0_1641363874794646000.png
Drone1	1641363870085	-16.8723	267.246	72.977	0.996398	0.0200562	-0.0125174	-0.0814359	img_Drone1_3_7_1641363875614454000.png;img_Drone1_3_0_1641363875614586000.png
Drone1	1641363870571	-13.5566	270.411	73.8304	0.996398	0.0201576	-0.0124025	-0.0814324	img_Drone1_3_7_1641363876134551000.png;img_Drone1_3_0_1641363876134683000.png
Drone1	1641363871024	-10.4665	273.365	74.6265	0.996398	0.0200475	-0.0125314	-0.0814364	img_Drone1_3_7_1641363876632000000.png;img_Drone1_3_0_1641363876632129000.png
Drone1	1641363871741	-5.57575	278.04	75.8864	0.996398	0.0199125	-0.0126923	-0.0814415	img_Drone1_3_7_1641363877462188000.png;img_Drone1_3_0_1641363877462318000.png
Drone1	1641363872215	-2.34205	281.128	76.7191	0.996398	0.0199402	-0.0126643	-0.0814405	img_Drone1_3_7_1641363877991543000.png;img_Drone1_3_0_1641363877991676000.png
Drone1	1641363872758	1.36272	284.663	77.6726	0.996398	0.0201156	-0.0124642	-0.0814344	img_Drone1_3_7_1641363878569663000.png;img_Drone1_3_0_1641363878569800000.png
Drone1	1641363873214	4.47351	287.635	78.4728	0.996396	0.0204543	-0.0121495	-0.0814237	img_Drone1_3_7_1641363879025155000.png;img_Drone1_3_0_1641363879025271000.png
Drone1	1641363873712	7.87059	290.896	79.0102	0.992687	-0.0460973	0.0789727	-0.0788158	img_Drone1_3_7_1641363879539291000.png;img_Drone1_3_0_1641363879539421000.png
Drone1	1641363874264	10.6009	293.703	78.2109	0.954092	-0.217811	0.199239	-0.0506981	img_Drone1_3_7_1641363880131531000.png;img_Drone1_3_0_1641363880131660000.png
Drone1	1641363874693	11.3047	294.522	76.73	0.974995	-0.164646	0.141225	-0.0482933	img_Drone1_3_7_1641363880584883000.png;img_Drone1_3_0_1641363880585026000.png
Drone1	1641363875050	11.2951	294.581	75.1467	0.988507	-0.112493	0.0892909	-0.0471896	img_Drone1_3_7_1641363880954756000.png;img_Drone1_3_0_1641363880954893000.png
Drone1	1641363875548	10.9482	294.282	73.2506	0.996497	-0.0566528	0.0402316	-0.0465323	img_Drone1_3_7_1641363881461471000.png;img_Drone1_3_0_1641363881461597000.png
Drone1	1641363876070	10.3664	293.693	71.4145	0.998545	-0.0235427	0.0144664	-0.0463168	img_Drone1_3_7_1641363881991495000.png;img_Drone1_3_0_1641363881991626000.png
Drone1	1641363876694	9.56474	292.833	69.224	0.998928	-0.00249806	-0.00106747	-0.0462158	img_Drone1_3_7_1641363882650944000.png;img_Drone1_3_0_1641363882651095000.png
Drone1	1641363877120	9.0163	292.228	67.6853	0.998868	0.00760677	-0.0085971	-0.0461706	img_Drone1_3_7_1641363883101276000.png;img_Drone1_3_0_1641363883101401000.png
Drone1	1641363877627	8.41152	291.55	65.7762	0.998559	0.0203838	-0.0183688	-0.0461102	img_Drone1_3_7_1641363883641014000.png;img_Drone1_3_0_1641363883641141000.png
Drone1	1641363878140	7.907	290.974	63.7377	0.99773	0.0375984	-0.0316849	-0.0460104	img_Drone1_3_7_1641363884264574000.png;img_Drone1_3_0_1641363884264715000.png
Drone1	1641363878548	7.63018	290.651	62.0575	0.996831	0.0503202	-0.0410872	-0.045899	img_Drone1_3_7_1641363884702042000.png;img_Drone1_3_0_1641363884702171000.png
Drone1	1641363879103	7.47375	290.458	59.7864	0.997508	0.0421307	-0.0331631	-0.0458503	img_Drone1_3_7_1641363885265123000.png;img_Drone1_3_0_1641363885265231000.png
Drone1	1641363879604	7.51125	290.491	57.7863	0.998541	0.0227899	-0.0171766	-0.045841	img_Drone1_3_7_1641363885775719000.png;img_Drone1_3_0_1641363885775853000.png
Drone1	1641363880021	7.61458	290.604	56.1341	0.998914	0.00704837	-0.00462132	-0.0458185	img_Drone1_3_7_1641363886197492000.png;img_Drone1_3_0_1641363886198055000.png
Drone1	1641363880693	7.80273	290.82	53.4568	0.998835	-0.0116944	0.00984788	-0.0457714	img_Drone1_3_7_1641363886879556000.png;img_Drone1_3_0_1641363886879730000.png
Drone1	1641363881050	7.87354	290.904	52.0268	0.998734	-0.0162728	0.0131451	-0.045754	img_Drone1_3_7_1641363887240538000.png;img_Drone1_3_0_1641363887240664000.png
Drone1	1641363881674	7.9166	290.959	49.53	0.998813	-0.0132095	0.0102285	-0.0457469	img_Drone1_3_7_1641363887929256000.png;img_Drone1_3_0_1641363887929383000.png
Drone1	1641363882088	7.89781	290.94	47.8777	0.998912	-0.00727421	0.00539965	-0.0457457	img_Drone1_3_7_1641363888351355000.png;img_Drone1_3_0_1641363888351513000.png
Drone1	1641363882694	7.84013	290.876	45.4599	0.998952	0.00116975	-0.00125978	-0.04574	img_Drone1_3_7_1641363888958367000.png;img_Drone1_3_0_1641363888958491000.png
Drone1	1641363883054	7.80691	290.837	44.0224	0.998937	0.00444315	-0.0037752	-0.0457363	img_Drone1_3_7_1641363889337409000.png;img_Drone1_3_0_1641363889337521000.png
Drone1	1641363883687	7.77399	290.797	41.4941	0.998926	0.00584232	-0.00459979	-0.045733	img_Drone1_3_7_1641363890017588000.png;img_Drone1_3_0_1641363890017706000.png
Drone1	1641363884290	7.77632	290.797	39.0863	0.998946	0.00323705	-0.00238918	-0.0457324	img_Drone1_3_7_1641363890637954000.png;img_Drone1_3_0_1641363890638094000.png
Drone1	1641363884683	7.78876	290.811	37.5172	0.998953	0.000979598	-0.000597997	-0.045732	img_Drone1_3_7_1641363891032980000.png;img_Drone1_3_0_1641363891033102000.png
Drone1	1641363885091	7.80381	290.828	35.8881	0.998953	-0.00092175	0.000883963	-0.0457313	img_Drone1_3_7_1641363891499648000.png;img_Drone1_3_0_1641363891499777000.png
Drone1	1641363885634	7.81897	290.846	33.7201	0.99895	-0.00218427	0.00177173	-0.0457305	img_Drone1_3_7_1641363892063900000.png;img_Drone1_3_0_1641363892064016000.png
Drone1	1641363886159	7.82394	290.853	31.6239	0.998951	-0.00194785	0.00149283	-0.0457303	img_Drone1_3_7_1641363892623389000.png;img_Drone1_3_0_1641363892623511000.png
Drone1	1641363886645	7.82106	290.85	29.6835	0.998953	-0.000988282	0.000708489	-0.0457304	img_Drone1_3_7_1641363893117379000.png;img_Drone1_3_0_1641363893117507000.png
Drone1	1641363887095	7.81518	290.844	27.8867	0.998954	-7.8861e-05	-3.65822e-05	-0.0457303	img_Drone1_3_7_1641363893618726000.png;img_Drone1_3_0_1641363893618854000.png
Drone1	1641363887776	7.80703	290.834	25.1677	0.998953	0.000800658	-0.00064356	-0.0457302	img_Drone1_3_7_1641363894352707000.png;img_Drone1_3_0_1641363894365602000.png
Drone1	1641363888202	7.80469	290.831	23.4668	0.998953	0.000838095	-0.000638351	-0.0457302	img_Drone1_3_7_1641363894808199000.png;img_Drone1_3_0_1641363894808335000.png
Drone1	1641363888685	7.80484	290.831	21.5383	0.998954	0.000507508	-0.000396969	-0.0457303	img_Drone1_3_7_1641363895302603000.png;img_Drone1_3_0_1641363895302742000.png
Drone1	1641363889078	7.80644	290.832	19.9692	0.998954	0.000259247	-0.000133448	-0.0457303	img_Drone1_3_7_1641363895710920000.png;img_Drone1_3_0_1641363895711051000.png
Drone1	1641363889606	7.80916	290.838	17.861	0.998954	-0.000274299	0.000137503	-0.0457303	img_Drone1_3_7_1641363896279756000.png;img_Drone1_3_0_1641363896279889000.png
Drone1	1641363890320	7.81153	290.839	15.0102	0.998954	-0.000295142	0.000252314	-0.0457303	img_Drone1_3_7_1641363897038369000.png;img_Drone1_3_0_1641363897038488000.png
Drone1	1641363890743	7.81175	290.839	13.3213	0.998954	-0.000168952	0.000192988	-0.0457303	img_Drone1_3_7_1641363897478273000.png;img_Drone1_3_0_1641363897478386000.png
Drone1	1641363891169	7.81126	290.839	11.6204	0.998954	-9.08218e-05	8.72944e-05	-0.0457303	img_Drone1_3_7_1641363897917031000.png;img_Drone1_3_0_1641363897917617000.png
Drone1	1641363891874	7.80991	290.839	8.80555	0.998954	-2.81849e-05	-6.43212e-05	-0.0457303	img_Drone1_3_7_1641363898643800000.png;img_Drone1_3_0_1641363898646674000.png
Drone1	1641363892432	7.80917	290.839	6.57761	0.998954	-9.10546e-06	-0.000102362	-0.0457303	img_Drone1_3_7_1641363899218604000.png;img_Drone1_3_0_1641363899218740000.png
Drone1	1641363892675	7.80903	290.839	5.60738	0.998954	-5.29559e-06	-9.61593e-05	-0.0457303	img_Drone1_3_7_1641363899539661000.png;img_Drone1_3_0_1641363899539797000.png
Drone1	1641363893467	7.80924	290.839	2.44515	0.998954	-1.76943e-06	-2.7338e-05	-0.0457303	img_Drone1_3_7_1641363900383447000.png;img_Drone1_3_0_1641363900383575000.png
Drone1	1641363893758	7.80946	290.839	1.28327	0.998954	-1.98223e-06	-1.39644e-07	-0.0457303	img_Drone1_3_7_1641363900674488000.png;img_Drone1_3_0_1641363900674624000.png
Drone1	1641363894322	7.80985	290.839	-0.968615	0.998954	-2.43578e-06	3.39743e-05	-0.0457303	img_Drone1_3_7_1641363901240508000.png;img_Drone1_3_0_1641363901242014000.png
Drone1	1641363894817	7.81003	290.839	-2.94501	0.998954	-6.19842e-06	3.79002e-05	-0.0457303	img_Drone1_3_7_1641363901740461000.png;img_Drone1_3_0_1641363901740595000.png
Drone1	1641363895378	7.81	290.839	-5.12324	0.998954	-3.19275e-05	3.26252e-05	-0.0457303	img_Drone1_3_7_1641363902318267000.png;img_Drone1_3_0_1641363902318404000.png
Drone1	1641363895774	8.01966	291.009	-6.19672	0.934514	0.22761	-0.270704	-0.0399518	img_Drone1_3_7_1641363902775534000.png;img_Drone1_3_0_1641363902775661000.png
Drone1	1641363896479	11.0096	293.283	-8.13716	0.924198	0.233061	-0.299751	-0.0411058	img_Drone1_3_7_1641363903588706000.png;img_Drone1_3_0_1641363903588842000.png
Drone1	1641363897094	15.5496	296.804	-8.56839	0.95941	0.272602	-0.066506	0.028254	img_Drone1_3_7_1641363904239804000.png;img_Drone1_3_0_1641363904239926000.png
Drone1	1641363897502	18.7747	300.061	-8.38647	0.956697	0.277337	0.0604313	0.0645279	img_Drone1_3_7_1641363904688671000.png;img_Drone1_3_0_1641363904688802000.png
Drone1	1641363897970	22.1306	304.679	-7.75134	0.953564	0.272186	0.103413	0.0770466	img_Drone1_3_7_1641363905167974000.png;img_Drone1_3_0_1641363905168104000.png
Drone1	1641363898585	25.8099	311.898	-5.99223	0.95619	0.27551	0.0719726	0.0679308	img_Drone1_3_7_1641363905812838000.png;img_Drone1_3_0_1641363905812966000.png
Drone1	1641363899140	28.5833	319.508	-3.65324	0.958115	0.28077	0.0201104	0.0527184	img_Drone1_3_7_1641363906408604000.png;img_Drone1_3_0_1641363906408731000.png
Drone1	1641363899632	30.8473	327.126	-1.12764	0.958021	0.282836	-0.0256744	0.0392388	img_Drone1_3_7_1641363907017701000.png;img_Drone1_3_0_1641363907017832000.png
Drone1	1641363900289	33.9702	338.535	2.71546	0.955945	0.281732	-0.0790751	0.0233195	img_Drone1_3_7_1641363907739303000.png;img_Drone1_3_0_1641363907739515000.png
Drone1	1641363900751	36.4637	347.358	5.62945	0.953935	0.279331	-0.108516	0.0143788	img_Drone1_3_7_1641363908205418000.png;img_Drone1_3_0_1641363908205546000.png
Drone1	1641363901216	39.3733	356.848	8.66961	0.952319	0.276774	-0.128123	0.00831005	img_Drone1_3_7_1641363908697121000.png;img_Drone1_3_0_1641363908697249000.png
Drone1	1641363901639	42.4218	365.928	11.546	0.951845	0.275354	-0.134659	0.00621023	img_Drone1_3_7_1641363909168434000.png;img_Drone1_3_0_1641363909168741000.png
Drone1	1641363902281	47.7621	380.308	16.1667	0.965731	0.228288	-0.123453	0.00289784	img_Drone1_3_7_1641363909840100000.png;img_Drone1_3_0_1641363909840221000.png
Drone1	1641363902812	52.8687	392.674	19.6319	0.974851	0.198588	-0.101041	0.00426389	img_Drone1_3_7_1641363910372631000.png;img_Drone1_3_0_1641363910372756000.png
Drone1	1641363903316	58.0813	404.47	22.7883	0.977568	0.197817	-0.0715969	0.0101405	img_Drone1_3_7_1641363910879076000.png;img_Drone1_3_0_1641363910879218000.png
Drone1	1641363903679	61.9468	412.966	25.0293	0.977901	0.20218	-0.0511855	0.0145815	img_Drone1_3_7_1641363911255241000.png;img_Drone1_3_0_1641363911255368000.png
Drone1	1641363904069	66.1305	422.109	27.4028	0.977658	0.206462	-0.0350683	0.0181222	img_Drone1_3_7_1641363911705104000.png;img_Drone1_3_0_1641363911705244000.png
Drone1	1641363904849	74.4212	440.46	32.092	0.97738	0.208979	-0.0254098	0.0202402	img_Drone1_3_7_1641363912503199000.png;img_Drone1_3_0_1641363912503329000.png
Drone1	1641363905176	77.8444	448.175	34.0521	0.977516	0.208082	-0.0278603	0.0196952	img_Drone1_3_7_1641363912830583000.png;img_Drone1_3_0_1641363912830711000.png
Drone1	1641363905689	83.167	460.294	37.1266	0.977813	0.20583	-0.0343784	0.0182485	img_Drone1_3_7_1641363913343572000.png;img_Drone1_3_0_1641363913343708000.png
Drone1	1641363906232	88.7731	473.125	40.3773	0.978036	0.203784	-0.0404004	0.0169118	img_Drone1_3_7_1641363913896221000.png;img_Drone1_3_0_1641363913896329000.png
Drone1	1641363906709	93.7019	484.395	43.2269	0.978106	0.202945	-0.0430722	0.0163211	img_Drone1_3_7_1641363914379883000.png;img_Drone1_3_0_1641363914380018000.png
Drone1	1641363907090	97.6502	493.391	45.4988	0.978094	0.202935	-0.0434084	0.0162506	img_Drone1_3_7_1641363914763440000.png;img_Drone1_3_0_1641363914763566000.png
Drone1	1641363907681	103.796	507.339	49.0167	0.978013	0.203596	-0.0420211	0.0165664	img_Drone1_3_7_1641363915349701000.png;img_Drone1_3_0_1641363915349825000.png
Drone1	1641363908080	107.954	516.754	51.3889	0.977945	0.204164	-0.0406861	0.0168676	img_Drone1_3_7_1641363915764478000.png;img_Drone1_3_0_1641363915764613000.png
Drone1	1641363908707	114.492	531.551	55.116	0.977874	0.204747	-0.0393245	0.0171749	img_Drone1_3_7_1641363916395700000.png;img_Drone1_3_0_1641363916395823000.png
Drone1	1641363909148	119.088	541.959	57.7378	0.977852	0.204911	-0.0389852	0.0172521	img_Drone1_3_7_1641363916870637000.png;img_Drone1_3_0_1641363916870766000.png
Drone1	1641363909664	124.461	554.136	60.8061	0.977848	0.204914	-0.0390782	0.0172327	img_Drone1_3_7_1641363917383745000.png;img_Drone1_3_0_1641363917386872000.png
Drone1	1641363910276	130.828	568.58	64.4459	0.977856	0.2048	-0.0395142	0.0171369	img_Drone1_3_7_1641363918004844000.png;img_Drone1_3_0_1641363918004979000.png
Drone1	1641363910654	134.76	577.501	66.6942	0.977859	0.204738	-0.0397705	0.0170808	img_Drone1_3_7_1641363918380845000.png;img_Drone1_3_0_1641363918380971000.png
Drone1	1641363911128	139.69	588.687	69.5129	0.977855	0.204726	-0.039947	0.0170434	img_Drone1_3_7_1641363918882513000.png;img_Drone1_3_0_1641363918882649000.png
Drone1	1641363911686	145.494	601.856	72.8308	0.977847	0.204748	-0.0400462	0.0170232	img_Drone1_3_7_1641363919447597000.png;img_Drone1_3_0_1641363919447728000.png
Drone1	1641363912187	150.706	613.68	75.81	0.977839	0.204777	-0.0400903	0.0170151	img_Drone1_3_7_1641363919972001000.png;img_Drone1_3_0_1641363919972196000.png
Drone1	1641363912763	156.699	627.274	79.2348	0.977826	0.20485	-0.0400377	0.0170289	img_Drone1_3_7_1641363920564346000.png;img_Drone1_3_0_1641363920564432000.png
Drone1	1641363913178	161.004	637.033	81.7198	0.976767	0.21159	-0.027564	0.019897	img_Drone1_3_7_1641363920981268000.png;img_Drone1_3_0_1641363920981391000.png
Drone1	1641363913667	165.959	648.513	84.8652	0.963217	0.145997	0.204727	0.0947858	img_Drone1_3_7_1641363921469981000.png;img_Drone1_3_0_1641363921470110000.png
Drone1	1641363914357	169.599	662.123	85.5834	0.906509	-0.297321	0.209413	0.214446	img_Drone1_3_7_1641363922215414000.png;img_Drone1_3_0_1641363922215671000.png
Drone1	1641363914834	170.042	667.264	83.4441	0.909719	-0.304442	0.156594	0.234958	img_Drone1_3_7_1641363922714496000.png;img_Drone1_3_0_1641363922714618000.png
Drone1	1641363915158	170.004	669.287	81.5912	0.912474	-0.303356	0.11383	0.249817	img_Drone1_3_7_1641363923039499000.png;img_Drone1_3_0_1641363923039620000.png
Drone1	1641363915674	169.822	670.43	78.1377	0.914182	-0.295788	0.0383215	0.27443	img_Drone1_3_7_1641363923559746000.png;img_Drone1_3_0_1641363923559877000.png
Drone1	1641363916223	169.867	669.911	74.8807	0.911736	-0.282607	-0.0332136	0.296256	img_Drone1_3_7_1641363924109394000.png;img_Drone1_3_0_1641363924109515000.png
Drone1	1641363916637	170.206	668.81	73.2004	0.909426	-0.274794	-0.0643818	0.30543	img_Drone1_3_7_1641363924525368000.png;img_Drone1_3_0_1641363924525491000.png
Drone1	1641363917291	171.476	665.901	71.8107	0.90912	-0.265227	-0.0804296	0.310946	img_Drone1_3_7_1641363925181281000.png;img_Drone1_3_0_1641363925181408000.png
Drone1	1641363917606	172.411	664.043	71.7066	0.923961	-0.207461	-0.0610771	0.315476	img_Drone1_3_7_1641363925503441000.png;img_Drone1_3_0_1641363925504246000.png
Drone1	1641363918191	174.539	660.047	72.2508	0.93997	-0.104798	-0.0382041	0.322513	img_Drone1_3_7_1641363926102104000.png;img_Drone1_3_0_1641363926102215000.png
Drone1	1641363918761	176.949	655.745	73.0828	0.943536	-0.0581259	-0.0299921	0.32475	img_Drone1_3_7_1641363926715902000.png;img_Drone1_3_0_1641363926716025000.png
Drone1	1641363919298	179.403	651.549	73.8721	0.944239	-0.0394882	-0.0294694	0.325555	img_Drone1_3_7_1641363927269394000.png;img_Drone1_3_0_1641363927269529000.png
Drone1	1641363919910	182.365	646.735	74.675	0.944252	-0.0296324	-0.0344842	0.32607	img_Drone1_3_7_1641363927894543000.png;img_Drone1_3_0_1641363927896104000.png
Drone1	1641363920366	184.692	643.18	75.1634	0.943994	-0.0244655	-0.0417401	0.326397	img_Drone1_3_7_1641363928353988000.png;img_Drone1_3_0_1641363928354108000.png
Drone1	1641363920810	187.081	639.777	75.508	0.943481	-0.0184549	-0.052246	0.326761	img_Drone1_3_7_1641363928839740000.png;img_Drone1_3_0_1641363928839873000.png
Drone1	1641363921284	189.814	636.255	75.6243	0.942551	-0.00788	-0.0663084	0.327319	img_Drone1_3_7_1641363929338338000.png;img_Drone1_3_0_1641363929338467000.png
Drone1	1641363921821	193.195	632.488	75.4842	0.940181	0.0114283	-0.0909434	0.328113	img_Drone1_3_7_1641363929907722000.png;img_Drone1_3_0_1641363929908312000.png
Drone1	1641363922385	197.178	628.969	74.9861	0.93891	0.031667	-0.0932613	0.329769	img_Drone1_3_7_1641363930489465000.png;img_Drone1_3_0_1641363930489603000.png
Drone1	1641363922859	200.869	626.448	74.1977	0.940359	0.0286863	-0.0745024	0.330684	img_Drone1_3_7_1641363930966405000.png;img_Drone1_3_0_1641363930966528000.png
Drone1	1641363923459	205.803	623.703	73.0863	0.942989	0.00189358	-0.0373096	0.330722	img_Drone1_3_7_1641363931584495000.png;img_Drone1_3_0_1641363931584623000.png
Drone1	1641363923969	210.094	621.564	72.0622	0.943633	-0.0223855	-0.0095558	0.330098	img_Drone1_3_7_1641363932105957000.png;img_Drone1_3_0_1641363932106094000.png
Drone1	1641363924407	213.771	619.73	71.1257	0.943421	-0.0363569	0.00608528	0.329541	img_Drone1_3_7_1641363932553408000.png;img_Drone1_3_0_1641363932553539000.png
Drone1	1641363924893	217.793	617.609	70.0516	0.943259	-0.0409913	0.0111915	0.329329	img_Drone1_3_7_1641363933047137000.png;img_Drone1_3_0_1641363933047273000.png
Drone1	1641363925382	221.765	615.362	68.9651	0.943399	-0.0366709	0.00534617	0.329584	img_Drone1_3_7_1641363933536757000.png;img_Drone1_3_0_1641363933536884000.png
Drone1	1641363925769	224.865	613.522	68.1085	0.943515	-0.0306133	-0.00262659	0.329904	img_Drone1_3_7_1641363933924690000.png;img_Drone1_3_0_1641363933924866000.png
Drone1	1641363926291	229.018	610.999	66.9529	0.943526	-0.0228473	-0.0127562	0.330263	img_Drone1_3_7_1641363934470642000.png;img_Drone1_3_0_1641363934470762000.png
Drone1	1641363926750	232.668	608.785	65.9337	0.943469	-0.0185896	-0.0182447	0.330437	img_Drone1_3_7_1641363934943481000.png;img_Drone1_3_0_1641363934943606000.png
Drone1	1641363927323	237.248	606.063	64.6579	0.943449	-0.0176755	-0.0194724	0.330473	img_Drone1_3_7_1641363935586803000.png;img_Drone1_3_0_1641363935586941000.png
Drone1	1641363927764	240.793	604.003	63.6752	0.943479	-0.0194604	-0.0173328	0.330407	img_Drone1_3_7_1641363936053628000.png;img_Drone1_3_0_1641363936053768000.png
Drone1	1641363928376	245.732	601.178	62.3102	0.943516	-0.022989	-0.0130846	0.330268	img_Drone1_3_7_1641363936730443000.png;img_Drone1_3_0_1641363936730579000.png
Drone1	1641363928880	249.804	598.858	61.1852	0.943525	-0.0251647	-0.0104484	0.330178	img_Drone1_3_7_1641363937261901000.png;img_Drone1_3_0_1641363937262088000.png
Drone1	1641363929321	253.362	596.819	60.2005	0.943526	-0.0257557	-0.00971294	0.330152	img_Drone1_3_7_1641363937709689000.png;img_Drone1_3_0_1641363937709866000.png
Drone1	1641363930092	259.568	593.229	58.4799	0.943525	-0.0248648	-0.0107836	0.33019	img_Drone1_3_7_1641363938511567000.png;img_Drone1_3_0_1641363938511713000.png
Drone1	1641363930422	262.22	591.685	57.7437	0.943523	-0.0241577	-0.0116476	0.330221	img_Drone1_3_7_1641363938842205000.png;img_Drone1_3_0_1641363938842333000.png
Drone1	1641363930929	266.294	589.312	56.6126	0.943518	-0.0234045	-0.0125695	0.330253	img_Drone1_3_7_1641363939413401000.png;img_Drone1_3_0_1641363939413532000.png
Drone1	1641363931529	271.116	586.505	55.2738	0.943515	-0.0229852	-0.013089	0.330272	img_Drone1_3_7_1641363940038485000.png;img_Drone1_3_0_1641363940038619000.png
Drone1	1641363931955	274.541	584.516	54.3233	0.943515	-0.0229463	-0.0131384	0.330273	img_Drone1_3_7_1641363940491609000.png;img_Drone1_3_0_1641363940491736000.png
Drone1	1641363932378	277.945	582.545	53.3794	0.943518	-0.0232847	-0.0127243	0.330257	img_Drone1_3_7_1641363940956791000.png;img_Drone1_3_0_1641363940956925000.png
Drone1	1641363932879	281.976	580.211	52.2614	0.943519	-0.0235573	-0.0123859	0.330247	img_Drone1_3_7_1641363941541392000.png;img_Drone1_3_0_1641363941541524000.png
Drone1	1641363933626	287.987	576.731	50.5944	0.94352	-0.0237251	-0.0121691	0.330241	img_Drone1_3_7_1641363942361287000.png;img_Drone1_3_0_1641363942361421000.png
Drone1	1641363934373	293.997	573.25	48.9275	0.94352	-0.0237795	-0.0120939	0.330241	img_Drone1_3_7_1641363943120400000.png;img_Drone1_3_0_1641363943120529000.png
Drone1	1641363934664	296.339	571.895	48.2782	0.94352	-0.0237893	-0.0120773	0.330241	img_Drone1_3_7_1641363943440610000.png;img_Drone1_3_0_1641363943440738000.png
Drone1	1641363935243	300.998	569.197	46.9862	0.94352	-0.0238008	-0.0120597	0.330241	img_Drone1_3_7_1641363944085438000.png;img_Drone1_3_0_1641363944085899000.png
Drone1	1641363935849	305.874	566.374	45.6339	0.943519	-0.0238107	-0.012051	0.330241	img_Drone1_3_7_1641363944716734000.png;img_Drone1_3_0_1641363944716862000.png
Drone1	1641363936389	310.219	563.858	44.4289	0.943519	-0.0238176	-0.0120458	0.330241	img_Drone1_3_7_1641363945279125000.png;img_Drone1_3_0_1641363945279262000.png
Drone1	1641363936758	313.185	562.133	43.6057	0.943518	-0.0236573	-0.0122354	0.330248	img_Drone1_3_7_1641363945654739000.png;img_Drone1_3_0_1641363945654866000.png
Drone1	1641363937469	318.903	558.816	42.0194	0.943516	-0.0233787	-0.0125639	0.330261	img_Drone1_3_7_1641363946372990000.png;img_Drone1_3_0_1641363946373111000.png
Drone1	1641363937979	323.007	556.439	40.8812	0.943517	-0.0235902	-0.0123095	0.330254	img_Drone1_3_7_1641363946914861000.png;img_Drone1_3_0_1641363946914993000.png
Drone1	1641363938378	326.217	554.581	39.9908	0.943517	-0.0236872	-0.0121902	0.33025	img_Drone1_3_7_1641363947334844000.png;img_Drone1_3_0_1641363947334989000.png
Drone1	1641363938753	329.235	552.833	39.1541	0.943518	-0.023738	-0.0121236	0.330248	img_Drone1_3_7_1641363947747751000.png;img_Drone1_3_0_1641363947747882000.png
Drone1	1641363939608	336.114	548.85	37.2462	0.943517	-0.0237875	-0.0120576	0.330248	img_Drone1_3_7_1641363948608933000.png;img_Drone1_3_0_1641363948609066000.png
Drone1	1641363940235	341.156	545.921	35.847	0.943516	-0.0235294	-0.0123587	0.33026	img_Drone1_3_7_1641363949242011000.png;img_Drone1_3_0_1641363949242212000.png
Drone1	1641363940544	343.641	544.478	35.1576	0.943514	-0.023289	-0.0126444	0.33027	img_Drone1_3_7_1641363949550513000.png;img_Drone1_3_0_1641363949550640000.png
Drone1	1641363941201	348.928	541.417	33.6915	0.943515	-0.0235306	-0.0123541	0.330263	img_Drone1_3_7_1641363950210662000.png;img_Drone1_3_0_1641363950210791000.png
Drone1	1641363941771	353.514	538.761	32.4195	0.943515	-0.0236785	-0.0121735	0.330257	img_Drone1_3_7_1641363950812465000.png;img_Drone1_3_0_1641363950812843000.png
Drone1	1641363942005	355.397	537.671	31.8973	0.943516	-0.0237135	-0.0121305	0.330256	img_Drone1_3_7_1641363951126209000.png;img_Drone1_3_0_1641363951126333000.png
Drone1	1641363942575	359.984	535.016	30.6255	0.943515	-0.0237559	-0.0120699	0.330256	img_Drone1_3_7_1641363951710391000.png;img_Drone1_3_0_1641363951710517000.png
Drone1	1641363943184	364.884	532.177	29.2666	0.943515	-0.0237775	-0.0120417	0.330256	img_Drone1_3_7_1641363952380086000.png;img_Drone1_3_0_1641363952380207000.png
Drone1	1641363943841	370.168	529.105	27.8004	0.943513	-0.0232841	-0.0126154	0.330277	img_Drone1_3_7_1641363953037856000.png;img_Drone1_3_0_1641363953037988000.png
Drone1	1641363944417	374.803	526.422	26.5149	0.943513	-0.0234895	-0.0123766	0.33027	img_Drone1_3_7_1641363953618325000.png;img_Drone1_3_0_1641363953618581000.png
Drone1	1641363944942	379.027	523.976	25.3433	0.943513	-0.0236437	-0.0121903	0.330265	img_Drone1_3_7_1641363954155940000.png;img_Drone1_3_0_1641363954156065000.png
Drone1	1641363945413	382.817	521.781	24.2923	0.943513	-0.0237115	-0.0121057	0.330263	img_Drone1_3_7_1641363954643348000.png;img_Drone1_3_0_1641363954643476000.png
Drone1	1641363945755	385.569	520.188	23.529	0.943513	-0.0237387	-0.0120709	0.330263	img_Drone1_3_7_1641363954990024000.png;img_Drone1_3_0_1641363954990135000.png
Drone1	1641363946319	390.107	517.56	22.2704	0.943513	-0.0237636	-0.0120391	0.330263	img_Drone1_3_7_1641363955561468000.png;img_Drone1_3_0_1641363955561584000.png
Drone1	1641363946781	393.824	515.399	21.2393	0.943512	-0.0234946	-0.0123388	0.330275	img_Drone1_3_7_1641363956028161000.png;img_Drone1_3_0_1641363956028277000.png
Drone1	1641363947237	397.494	513.271	20.2213	0.94351	-0.0233256	-0.012538	0.330283	img_Drone1_3_7_1641363956517890000.png;img_Drone1_3_0_1641363956518001000.png
Drone1	1641363947738	401.525	510.934	19.1029	0.94351	-0.0234758	-0.0123707	0.330279	img_Drone1_3_7_1641363957053551000.png;img_Drone1_3_0_1641363957053684000.png
Drone1	1641363948257	405.701	508.513	17.9444	0.943511	-0.0234555	-0.0123886	0.330279	img_Drone1_3_7_1641363957578620000.png;img_Drone1_3_0_1641363957578747000.png
Drone1	1641363948875	410.674	505.634	16.5652	0.943511	-0.0236204	-0.0121908	0.330273	img_Drone1_3_7_1641363958212019000.png;img_Drone1_3_0_1641363958212149000.png
Drone1	1641363949130	412.726	504.446	15.9961	0.943511	-0.0236618	-0.0121367	0.330271	img_Drone1_3_7_1641363958531807000.png;img_Drone1_3_0_1641363958531944000.png
Drone1	1641363949910	419.002	500.807	14.2554	0.943511	-0.0235689	-0.012229	0.330275	img_Drone1_3_7_1641363959327603000.png;img_Drone1_3_0_1641363959327731000.png
Drone1	1641363950450	423.347	498.286	13.05	0.943511	-0.0234176	-0.012401	0.33028	img_Drone1_3_7_1641363959886658000.png;img_Drone1_3_0_1641363959886774000.png
Drone1	1641363950690	425.278	497.168	12.5143	0.943511	-0.0234371	-0.0123808	0.33028	img_Drone1_3_7_1641363960128642000.png;img_Drone1_3_0_1641363960128764000.png
Drone1	1641363951209	429.454	494.75	11.3559	0.943511	-0.0235853	-0.012211	0.330275	img_Drone1_3_7_1641363960729358000.png;img_Drone1_3_0_1641363960729490000.png
Drone1	1641363951776	434.017	492.108	10.0906	0.943512	-0.0236756	-0.0120987	0.330271	img_Drone1_3_7_1641363961303341000.png;img_Drone1_3_0_1641363961303478000.png
Drone1	1641363952196	437.396	490.148	9.15329	0.943511	-0.023633	-0.0121396	0.330273	img_Drone1_3_7_1641363961724738000.png;img_Drone1_3_0_1641363961724854000.png
Drone1	1641363952715	441.572	487.725	7.99488	0.943511	-0.0234573	-0.0123359	0.330278	img_Drone1_3_7_1641363962247374000.png;img_Drone1_3_0_1641363962247501000.png
Drone1	1641363953450	447.486	484.298	6.35425	0.943511	-0.0235032	-0.0122875	0.330278	img_Drone1_3_7_1641363962983372000.png;img_Drone1_3_0_1641363962983504000.png
Drone1	1641363954095	452.676	481.293	4.91478	0.943512	-0.0236425	-0.012121	0.330272	img_Drone1_3_7_1641363963629032000.png;img_Drone1_3_0_1641363963629324000.png
Drone1	1641363954455	455.573	479.616	4.11141	0.943512	-0.0236799	-0.0120725	0.330272	img_Drone1_3_7_1641363963989655000.png;img_Drone1_3_0_1641363963989782000.png
Drone1	1641363954992	459.894	477.108	2.91293	0.943512	-0.0235161	-0.0122509	0.330276	img_Drone1_3_7_1641363964550334000.png;img_Drone1_3_0_1641363964550470000.png
Drone1	1641363955415	463.298	475.133	1.96872	0.943511	-0.0234015	-0.012381	0.330281	img_Drone1_3_7_1641363965021520000.png;img_Drone1_3_0_1641363965021670000.png
Drone1	1641363955916	467.329	472.797	0.86599	0.943485	-0.0271932	-0.00966584	0.330155	img_Drone1_3_7_1641363965545495000.png;img_Drone1_3_0_1641363965545621000.png
Drone1	1641363956411	471.208	470.539	0.323539	0.927536	0.208117	0.088936	0.297412	img_Drone1_3_7_1641363966049300000.png;img_Drone1_3_0_1641363966049430000.png
Drone1	1641363956867	473.862	469.371	-0.678002	0.910028	0.245978	0.142603	0.301676	img_Drone1_3_7_1641363966519316000.png;img_Drone1_3_0_1641363966519454000.png
Drone1	1641363957425	475.499	469.397	-2.44767	0.907417	0.242216	0.15716	0.305331	img_Drone1_3_7_1641363967084305000.png;img_Drone1_3_0_1641363967084442000.png
Drone1	1641363958097	476.15	470.49	-3.06544	0.910057	0.248932	0.13987	0.300443	img_Drone1_3_7_1641363967864127000.png;img_Drone1_3_0_1641363967864289000.png
Drone1	1641363958547	475.809	471.911	-2.59903	0.911264	0.252613	0.130784	0.297792	img_Drone1_3_7_1641363968373373000.png;img_Drone1_3_0_1641363968373500000.png
Drone1	1641363958910	475.094	473.48	-1.74759	0.918271	0.226938	0.121036	0.301045	img_Drone1_3_7_1641363968774202000.png;img_Drone1_3_0_1641363968774331000.png
Drone1	1641363959432	473.536	476.244	0.216563	0.941456	0.136464	0.0514526	0.30396	img_Drone1_3_7_1641363969309771000.png;img_Drone1_3_0_1641363969310429000.png
Drone1	1641363959865	471.947	478.894	2.09363	0.948903	0.094836	-0.000611708	0.30098	img_Drone1_3_7_1641363969782307000.png;img_Drone1_3_0_1641363969782441000.png
Drone1	1641363960465	469.683	483.029	4.59252	0.951065	0.0659191	-0.0622062	0.295398	img_Drone1_3_7_1641363970397230000.png;img_Drone1_3_0_1641363970397361000.png
Drone1	1641363960918	468.21	486.472	6.28759	0.950077	0.0463892	-0.103222	0.290769	img_Drone1_3_7_1641363970848580000.png;img_Drone1_3_0_1641363970848721000.png
Drone1	1641363961524	466.891	491.433	8.36604	0.950961	0.0208988	-0.112496	0.28737	img_Drone1_3_7_1641363971461945000.png;img_Drone1_3_0_1641363971462079000.png
Drone1	1641363961992	466.396	495.43	10.0201	0.954268	0.0169012	-0.0762492	0.288572	img_Drone1_3_7_1641363971938342000.png;img_Drone1_3_0_1641363971938485000.png
Drone1	1641363962646	466.179	501.132	12.4178	0.956276	0.0261657	-0.0170724	0.290791	img_Drone1_3_7_1641363972612150000.png;img_Drone1_3_0_1641363972612285000.png
Drone1	1641363963204	466.11	506.059	14.4337	0.955726	0.0328579	0.0202888	0.291713	img_Drone1_3_7_1641363973185724000.png;img_Drone1_3_0_1641363973185859000.png
Drone1	1641363963492	466.031	508.613	15.4558	0.95533	0.033628	0.0313731	0.291942	img_Drone1_3_7_1641363973477457000.png;img_Drone1_3_0_1641363973477595000.png
Drone1	1641363964344	465.482	516.167	18.4789	0.955594	0.0293875	0.0265657	0.292012	img_Drone1_3_7_1641363974335250000.png;img_Drone1_3_0_1641363974335382000.png
Drone1	1641363964845	464.978	520.595	20.2726	0.956054	0.0266066	0.0114205	0.291759	img_Drone1_3_7_1641363974843029000.png;img_Drone1_3_0_1641363974843196000.png
Drone1	1641363965295	464.482	524.568	21.8844	0.956256	0.0245899	-0.000887403	0.291494	img_Drone1_3_7_1641363975305314000.png;img_Drone1_3_0_1641363975305438000.png
Drone1	1641363965799	463.935	529.025	23.6847	0.956315	0.022964	-0.00904899	0.291295	img_Drone1_3_7_1641363975822652000.png;img_Drone1_3_0_1641363975822777000.png
Drone1	1641363966177	463.556	532.372	25.033	0.956325	0.0223916	-0.0105974	0.291254	img_Drone1_3_7_1641363976238998000.png;img_Drone1_3_0_1641363976239145000.png
Drone1	1641363966696	463.086	536.976	26.8844	0.956327	0.0225935	-0.00768144	0.291325	img_Drone1_3_7_1641363976759839000.png;img_Drone1_3_0_1641363976759981000.png
Drone1	1641363967281	462.607	542.177	28.9721	0.956289	0.023563	-0.00151745	0.291467	img_Drone1_3_7_1641363977349174000.png;img_Drone1_3_0_1641363977349293000.png
Drone1	1641363967797	462.197	546.765	30.8137	0.956239	0.0243185	0.00283639	0.29156	img_Drone1_3_7_1641363977945590000.png;img_Drone1_3_0_1641363977945705000.png
Drone1	1641363968841	461.331	556.047	34.5402	0.956218	0.0245547	0.00430784	0.29159	img_Drone1_3_7_1641363979096191000.png;img_Drone1_3_0_1641363979096291000.png
Drone1	1641363969657	460.607	563.29	37.4543	0.956255	0.0241433	0.00151786	0.291532	img_Drone1_3_7_1641363979985031000.png;img_Drone1_3_0_1641363979985143000.png
Drone1	1641363970479	459.871	570.582	40.3871	0.956275	0.0238624	-0.00019701	0.291495	img_Drone1_3_7_1641363980861082000.png;img_Drone1_3_0_1641363980861181000.png
Drone1	1641363971262	459.181	577.54	43.181	0.956276	0.0237948	-7.37495e-05	0.291498	img_Drone1_3_7_1641363981737311000.png;img_Drone1_3_0_1641363981737414000.png
Drone1	1641363972192	458.376	585.809	46.5024	0.956263	0.0239819	0.00100289	0.291522	img_Drone1_3_7_1641363982667035000.png;img_Drone1_3_0_1641363982667149000.png
Drone1	1641363973056	457.629	593.49	49.5887	0.956257	0.0240758	0.00142501	0.291531	img_Drone1_3_7_1641363983554685000.png;img_Drone1_3_0_1641363983554787000.png
Drone1	1641363974244	456.591	604.044	53.8321	0.95626	0.0240681	0.000939704	0.291524	img_Drone1_3_7_1641363984873762000.png;img_Drone1_3_0_1641363984873858000.png
Drone1	1641363975192	455.762	612.473	57.2174	0.956262	0.0239927	0.000824532	0.291524	img_Drone1_3_7_1641363985918443000.png;img_Drone1_3_0_1641363985918980000.png
Drone1	1641363975960	455.09	619.301	59.9612	0.956262	0.0239945	0.000797498	0.291524	img_Drone1_3_7_1641363986770998000.png;img_Drone1_3_0_1641363986771107000.png
Drone1	1641363976836	454.327	627.089	63.091	0.95626	0.0240407	0.000979103	0.291528	img_Drone1_3_7_1641363987701737000.png;img_Drone1_3_0_1641363987701842000.png
Drone1	1641363977262	453.958	630.875	64.613	0.956257	0.0240891	0.00121055	0.291532	img_Drone1_3_7_1641363988220564000.png;img_Drone1_3_0_1641363988220683000.png
Drone1	1641363978312	453.039	640.203	68.3617	0.95626	0.0240362	0.000874847	0.291527	img_Drone1_3_7_1641363989482667000.png;img_Drone1_3_0_1641363989482785000.png
Drone1	1641363979284	452.19	648.845	71.8345	0.95626	0.0240277	0.000824407	0.291528	img_Drone1_3_7_1641363990539706000.png;img_Drone1_3_0_1641363990539821000.png
Drone1	1641363979806	451.738	653.481	73.699	0.956256	0.0241143	0.00113525	0.291533	img_Drone1_3_7_1641363991142026000.png;img_Drone1_3_0_1641363991142135000.png
Drone1	1641363980250	451.35	657.425	75.2838	0.956257	0.0241206	0.00105845	0.291531	img_Drone1_3_7_1641363991648025000.png;img_Drone1_3_0_1641363991648158000.png
