VehicleName	TimeStamp	POS_X	POS_Y	POS_Z	Q_W	Q_X	Q_Y	Q_Z	ImageFile
Drone1	1641073819956	0	0	0.622125	3.57628e-07	-0	0	1	img_Drone1_3_0_1641073820058745000.png;img_Drone1_3_7_1641073820058887000.png
Drone1	1641073820328	0	0	2.42742	3.57628e-07	-0	0	1	img_Drone1_3_0_1641073820429521000.png;img_Drone1_3_7_1641073820430800000.png
Drone1	1641073820913	0	0	6.6352	3.57628e-07	-0	0	1	img_Drone1_3_0_1641073821024283000.png;img_Drone1_3_7_1641073821024974000.png
Drone1	1641073821312	0	0	10.0091	3.57628e-07	-0	0	1	img_Drone1_3_0_1641073821431484000.png;img_Drone1_3_7_1641073821432199000.png
Drone1	1641073821852	0	0	14.8472	3.57628e-07	-0	0	1	img_Drone1_3_0_1641073821970643000.png;img_Drone1_3_7_1641073821971531000.png
Drone1	1641073822371	0	0	16.303	3.13916e-07	0	0	1	img_Drone1_3_0_1641073822492013000.png;img_Drone1_3_7_1641073822492575000.png
Drone1	1641073822800	0	0	16.303	3.13916e-07	0	0	1	img_Drone1_3_0_1641073822920988000.png;img_Drone1_3_7_1641073822921572000.png
Drone1	1641073829436	0	0	-0.330777	3.57628e-07	-0	0	1	img_Drone1_3_0_1641073829666806000.png;img_Drone1_3_7_1641073829667493000.png
Drone1	1641073829880	0	0	-0.510245	3.57628e-07	-0	0	1	img_Drone1_3_0_1641073830117812000.png;img_Drone1_3_7_1641073830118992000.png
Drone1	1641073830468	0	0	-0.770136	3.57628e-07	-0	0	1	img_Drone1_3_0_1641073830709623000.png;img_Drone1_3_7_1641073830710316000.png
Drone1	1641073830996	0	0	-1.01562	3.57628e-07	-0	0	1	img_Drone1_3_0_1641073831248994000.png;img_Drone1_3_7_1641073831249691000.png
Drone1	1641073831578	0	0	-1.29326	3.57628e-07	-0	0	1	img_Drone1_3_0_1641073831848923000.png;img_Drone1_3_7_1641073831849602000.png
Drone1	1641073832091	0	0	-1.54132	3.57628e-07	-0	0	1	img_Drone1_3_0_1641073832365708000.png;img_Drone1_3_7_1641073832366410000.png
Drone1	1641073832487	0	0	-1.68842	3.57628e-07	-0	0	1	img_Drone1_3_0_1641073832765362000.png;img_Drone1_3_7_1641073832766667000.png
Drone1	1641073832841	0	0	-1.64167	3.57628e-07	-0	0	1	img_Drone1_3_0_1641073833127389000.png;img_Drone1_3_7_1641073833128073000.png
Drone1	1641073833351	0	0	-1.60111	3.57628e-07	-0	0	1	img_Drone1_3_0_1641073833642441000.png;img_Drone1_3_7_1641073833643150000.png
Drone1	1641073834095	0	0	-1.9086	3.57628e-07	-0	0	1	img_Drone1_3_0_1641073834394187000.png;img_Drone1_3_7_1641073834394942000.png
Drone1	1641073834476	0	0	-2.26082	3.57628e-07	-0	0	1	img_Drone1_3_0_1641073834779190000.png;img_Drone1_3_7_1641073834779856000.png
Drone1	1641073834992	0	0	-2.75139	3.57628e-07	-0	0	1	img_Drone1_3_0_1641073835329578000.png;img_Drone1_3_7_1641073835330266000.png
Drone1	1641073835508	0	0	-3.25102	3.57628e-07	-0	0	1	img_Drone1_3_0_1641073835854152000.png;img_Drone1_3_7_1641073835854870000.png
Drone1	1641073835907	0	0	-3.64099	3.57628e-07	-0	0	1	img_Drone1_3_0_1641073836255415000.png;img_Drone1_3_7_1641073836256101000.png
Drone1	1641073836555	0	0	-4.27815	3.57628e-07	-0	0	1	img_Drone1_3_0_1641073836912285000.png;img_Drone1_3_7_1641073836912968000.png
Drone1	1641073837167	0	0	-4.88229	3.57628e-07	-0	0	1	img_Drone1_3_0_1641073837525534000.png;img_Drone1_3_7_1641073837526278000.png
Drone1	1641073837485	0	0	-5.19671	3.57628e-07	-0	0	1	img_Drone1_3_0_1641073837847222000.png;img_Drone1_3_7_1641073837847907000.png
Drone1	1641073838100	0	0	-5.80533	3.57628e-07	-0	0	1	img_Drone1_3_0_1641073838463716000.png;img_Drone1_3_7_1641073838465292000.png
Drone1	1641073838553	0	0	-6.25391	3.57628e-07	-0	0	1	img_Drone1_3_0_1641073838923792000.png;img_Drone1_3_7_1641073838924484000.png
Drone1	1641073839117	0	0	-6.81259	3.57628e-07	-0	0	1	img_Drone1_3_0_1641073839514989000.png;img_Drone1_3_7_1641073839515730000.png
Drone1	1641073839627	0	0	-7.31788	3.57628e-07	-0	0	1	img_Drone1_3_0_1641073840031452000.png;img_Drone1_3_7_1641073840032174000.png
Drone1	1641073840270	0	0	-7.95401	3.57628e-07	-0	0	1	img_Drone1_3_0_1641073840683035000.png;img_Drone1_3_7_1641073840683763000.png
Drone1	1641073841290	0	0	-8.9647	3.57628e-07	-0	0	1	img_Drone1_3_0_1641073841909771000.png;img_Drone1_3_7_1641073841911042000.png
Drone1	1641073842223	-0.00682315	0.00721506	-9.57561	0.00106856	0.147231	-0.148696	0.977861	img_Drone1_3_0_1641073842997253000.png;img_Drone1_3_7_1641073842997984000.png
Drone1	1641073842523	-0.279197	0.261901	-9.5312	-0.00876681	0.27038	-0.191547	0.943466	img_Drone1_3_0_1641073843365345000.png;img_Drone1_3_7_1641073843366034000.png
Drone1	1641073843141	-2.58103	1.90118	-9.42351	-0.0198919	0.214452	-0.112848	0.96999	img_Drone1_3_0_1641073844036457000.png;img_Drone1_3_7_1641073844037218000.png
Drone1	1641073843648	-5.7408	3.89884	-9.08838	-0.0165251	0.11637	-0.0734495	0.990349	img_Drone1_3_0_1641073844616213000.png;img_Drone1_3_7_1641073844616907000.png
Drone1	1641073844056	-8.62284	5.71354	-8.47952	-0.0150918	0.0659247	-0.0508309	0.996415	img_Drone1_3_0_1641073845062509000.png;img_Drone1_3_7_1641073845063258000.png
Drone1	1641073844806	-14.3192	9.38895	-7.34829	-0.0144023	0.028431	-0.0276479	0.99911	img_Drone1_3_0_1641073845934646000.png;img_Drone1_3_7_1641073845935397000.png
Drone1	1641073845184	-17.2717	11.3413	-6.82032	-0.0144213	0.0226374	-0.0201836	0.999436	img_Drone1_3_0_1641073846317409000.png;img_Drone1_3_7_1641073846318148000.png
Drone1	1641073845826	-22.3327	14.7271	-5.95437	-0.0145497	0.0198703	-0.011183	0.999634	img_Drone1_3_0_1641073846967648000.png;img_Drone1_3_7_1641073846968378000.png
Drone1	1641073846321	-26.26	17.3581	-5.29799	-0.014619	0.0194916	-0.00738775	0.999676	img_Drone1_3_0_1641073847471137000.png;img_Drone1_3_7_1641073847471884000.png
Drone1	1641073846876	-30.6839	20.3029	-4.56627	-0.0146393	0.0188111	-0.00609161	0.999697	img_Drone1_3_0_1641073848027268000.png;img_Drone1_3_7_1641073848028002000.png
Drone1	1641073847449	-35.2686	23.3302	-3.81259	-0.0146183	0.0176117	-0.00683761	0.999715	img_Drone1_3_0_1641073848604174000.png;img_Drone1_3_7_1641073848604943000.png
Drone1	1641073847938	-39.1891	25.9062	-3.17015	-0.0145908	0.0165612	-0.00800796	0.999724	img_Drone1_3_0_1641073849121526000.png;img_Drone1_3_7_1641073849122482000.png
Drone1	1641073848262	-41.7883	27.6121	-2.7448	-0.0145757	0.0160205	-0.00867104	0.999728	img_Drone1_3_0_1641073849501863000.png;img_Drone1_3_7_1641073849502655000.png
Drone1	1641073848814	-46.2157	30.5209	-2.02056	-0.0145621	0.0155327	-0.00926113	0.99973	img_Drone1_3_0_1641073850098978000.png;img_Drone1_3_7_1641073850099735000.png
Drone1	1641073849402	-50.9284	33.6256	-1.24952	-0.0145642	0.0155626	-0.00914534	0.999731	img_Drone1_3_0_1641073850736866000.png;img_Drone1_3_7_1641073850737649000.png
Drone1	1641073849873	-54.7009	36.1167	-0.632083	-0.0145727	0.0158117	-0.00874521	0.999731	img_Drone1_3_0_1641073851218733000.png;img_Drone1_3_7_1641073851219538000.png
Drone1	1641073850584	-60.394	39.8802	0.299808	-0.0145852	0.0161865	-0.0081662	0.999729	img_Drone1_3_0_1641073851945620000.png;img_Drone1_3_7_1641073851946368000.png
Drone1	1641073851205	-65.367	43.1665	1.11365	-0.0145894	0.0163151	-0.00796843	0.999729	img_Drone1_3_0_1641073852569767000.png;img_Drone1_3_7_1641073852570837000.png
Drone1	1641073851844	-70.4858	46.5455	1.95105	-0.0145875	0.0162532	-0.0080594	0.999729	img_Drone1_3_0_1641073853208459000.png;img_Drone1_3_7_1641073853209194000.png
Drone1	1641073852405	-74.9811	49.5105	2.68622	-0.0145836	0.0161338	-0.00823959	0.99973	img_Drone1_3_0_1641073853782650000.png;img_Drone1_3_7_1641073853783426000.png
Drone1	1641073853023	-79.9334	52.7764	3.4961	-0.0145805	0.0160363	-0.00838755	0.99973	img_Drone1_3_0_1641073854406170000.png;img_Drone1_3_7_1641073854406953000.png
Drone1	1641073853773	-85.9425	56.7407	4.47894	-0.0145801	0.0160223	-0.00840924	0.99973	img_Drone1_3_0_1641073855193532000.png;img_Drone1_3_7_1641073855194283000.png
Drone1	1641073854361	-90.6529	59.8495	5.24942	-0.0145817	0.016075	-0.00833382	0.99973	img_Drone1_3_0_1641073855787843000.png;img_Drone1_3_7_1641073855789343000.png
Drone1	1641073854832	-94.426	62.3398	5.8666	-0.0145826	0.0161002	-0.00829787	0.99973	img_Drone1_3_0_1641073856259172000.png;img_Drone1_3_7_1641073856259931000.png
Drone1	1641073855456	-99.4248	65.639	6.68426	-0.0145831	0.0161162	-0.00827556	0.99973	img_Drone1_3_0_1641073856900876000.png;img_Drone1_3_7_1641073856901755000.png
Drone1	1641073855936	-103.27	68.1768	7.31322	-0.0145832	0.0161234	-0.00826777	0.99973	img_Drone1_3_0_1641073857384362000.png;img_Drone1_3_7_1641073857385066000.png
Drone1	1641073856491	-107.716	71.1112	8.04047	-0.0145832	0.0161295	-0.00826408	0.999729	img_Drone1_3_0_1641073857954262000.png;img_Drone1_3_7_1641073857955295000.png
Drone1	1641073857025	-111.994	73.9346	8.74019	-0.0145832	0.0161314	-0.00826238	0.999729	img_Drone1_3_0_1641073858497129000.png;img_Drone1_3_7_1641073858498006000.png
Drone1	1641073857553	-116.224	76.7258	9.43206	-0.0145831	0.0161301	-0.00826652	0.999729	img_Drone1_3_0_1641073859048064000.png;img_Drone1_3_7_1641073859048820000.png
Drone1	1641073857940	-119.324	78.771	9.93912	-0.0145821	0.0160994	-0.00831442	0.99973	img_Drone1_3_0_1641073859452957000.png;img_Drone1_3_7_1641073859453690000.png
Drone1	1641073858402	-123.025	81.2128	10.5444	-0.0145813	0.0160734	-0.00835395	0.99973	img_Drone1_3_0_1641073859945036000.png;img_Drone1_3_7_1641073859946404000.png
Drone1	1641073858924	-127.206	83.9727	11.2284	-0.0145821	0.0160983	-0.00831816	0.99973	img_Drone1_3_0_1641073860469726000.png;img_Drone1_3_7_1641073860470441000.png
Drone1	1641073859620	-132.782	87.6525	12.1404	-0.0145829	0.0161241	-0.00828308	0.999729	img_Drone1_3_0_1641073861175300000.png;img_Drone1_3_7_1641073861176553000.png
Drone1	1641073860076	-136.435	90.0635	12.7379	-0.0145831	0.0161314	-0.0082728	0.999729	img_Drone1_3_0_1641073861631587000.png;img_Drone1_3_7_1641073861632351000.png
Drone1	1641073860496	-139.8	92.2835	13.2882	-0.014583	0.0161275	-0.00828194	0.999729	img_Drone1_3_0_1641073862060069000.png;img_Drone1_3_7_1641073862060843000.png
Drone1	1641073861132	-144.894	95.6447	14.1215	-0.0145815	0.0160818	-0.00835161	0.99973	img_Drone1_3_0_1641073862696654000.png;img_Drone1_3_7_1641073862697412000.png
Drone1	1641073861756	-149.893	98.9439	14.9391	-0.0145823	0.0161064	-0.00831749	0.999729	img_Drone1_3_0_1641073863324552000.png;img_Drone1_3_7_1641073863325608000.png
Drone1	1641073862209	-153.522	101.339	15.5327	-0.0145828	0.0161244	-0.00829284	0.999729	img_Drone1_3_0_1641073863778797000.png;img_Drone1_3_7_1641073863779553000.png
Drone1	1641073862710	-157.536	103.988	16.1892	-0.0145832	0.0161346	-0.00827815	0.999729	img_Drone1_3_0_1641073864290606000.png;img_Drone1_3_7_1641073864304970000.png
Drone1	1641073863310	-162.342	107.159	16.9754	-0.0145828	0.0161246	-0.00829726	0.999729	img_Drone1_3_0_1641073864925751000.png;img_Drone1_3_7_1641073864926458000.png
Drone1	1641073863736	-165.755	109.411	17.5336	-0.0145818	0.0160937	-0.00834599	0.999729	img_Drone1_3_0_1641073865375646000.png;img_Drone1_3_7_1641073865376418000.png
Drone1	1641073864327	-170.489	112.535	18.3079	-0.0145822	0.0161058	-0.00832973	0.999729	img_Drone1_3_0_1641073865965877000.png;img_Drone1_3_7_1641073865966655000.png
Drone1	1641073864672	-173.253	114.359	18.76	-0.0145828	0.0161219	-0.00830656	0.999729	img_Drone1_3_0_1641073866310414000.png;img_Drone1_3_7_1641073866311174000.png
Drone1	1641073865293	-178.228	117.643	19.5737	-0.0145833	0.0161387	-0.00828389	0.999729	img_Drone1_3_0_1641073866949442000.png;img_Drone1_3_7_1641073866950173000.png
Drone1	1641073865773	-182.073	120.18	20.2027	-0.0145834	0.0161436	-0.00827878	0.999729	img_Drone1_3_0_1641073867447505000.png;img_Drone1_3_7_1641073867448289000.png
Drone1	1641073866232	-185.75	122.606	20.804	-0.0145824	0.0161105	-0.00832964	0.999729	img_Drone1_3_0_1641073867930836000.png;img_Drone1_3_7_1641073867931653000.png
Drone1	1641073866895	-191.061	126.111	21.6727	-0.0145822	0.0161046	-0.00834126	0.999729	img_Drone1_3_0_1641073868615393000.png;img_Drone1_3_7_1641073868616146000.png
Drone1	1641073867330	-194.546	128.41	22.2427	-0.0145829	0.0161255	-0.00831218	0.999729	img_Drone1_3_0_1641073869047525000.png;img_Drone1_3_7_1641073869051509000.png
Drone1	1641073867951	-199.521	131.692	23.0563	-0.0145818	0.0160936	-0.00836072	0.999729	img_Drone1_3_0_1641073869694684000.png;img_Drone1_3_7_1641073869695421000.png
Drone1	1641073868560	-204.399	134.911	23.8542	-0.0145812	0.0160762	-0.00838949	0.999729	img_Drone1_3_0_1641073870312587000.png;img_Drone1_3_7_1641073870313308000.png
Drone1	1641073869019	-208.076	137.339	24.4556	-0.0145834	0.0161421	-0.00829265	0.999729	img_Drone1_3_0_1641073870772004000.png;img_Drone1_3_7_1641073870772720000.png
Drone1	1641073869544	-212.282	140.115	25.1436	-0.0145848	0.0161861	-0.00822901	0.999729	img_Drone1_3_0_1641073871337555000.png;img_Drone1_3_7_1641073871338292000.png
Drone1	1641073870063	-216.439	142.858	25.8236	-0.014583	0.0161318	-0.00831294	0.999729	img_Drone1_3_0_1641073871863467000.png;img_Drone1_3_7_1641073871864152000.png
Drone1	1641073870435	-219.42	144.824	26.3111	-0.0145821	0.0161031	-0.00835785	0.999729	img_Drone1_3_0_1641073872238966000.png;img_Drone1_3_7_1641073872239630000.png
Drone1	1641073870969	-223.697	147.646	27.0107	-0.0145813	0.0160802	-0.00839362	0.999729	img_Drone1_3_0_1641073872780304000.png;img_Drone1_3_7_1641073872782437000.png
Drone1	1641073871518	-228.095	150.549	27.73	-0.0145831	0.0161351	-0.00831307	0.999729	img_Drone1_3_0_1641073873335108000.png;img_Drone1_3_7_1641073873343046000.png
Drone1	1641073872001	-231.965	153.104	28.3629	-0.014585	0.0161944	-0.00822634	0.999729	img_Drone1_3_0_1641073873845568000.png;img_Drone1_3_7_1641073873846234000.png
Drone1	1641073872535	-236.242	155.926	29.0627	-0.0145835	0.0161493	-0.00829701	0.999729	img_Drone1_3_0_1641073874391795000.png;img_Drone1_3_7_1641073874392436000.png
Drone1	1641073873018	-240.112	158.478	29.6955	-0.0145822	0.0161085	-0.00836071	0.999729	img_Drone1_3_0_1641073874888336000.png;img_Drone1_3_7_1641073874888977000.png
Drone1	1641073873633	-245.038	161.729	30.5012	-0.0145814	0.0160841	-0.00839951	0.999729	img_Drone1_3_0_1641073875528629000.png;img_Drone1_3_7_1641073875529309000.png
Drone1	1641073874017	-248.114	163.76	31.0044	-0.0145827	0.0161262	-0.00833755	0.999729	img_Drone1_3_0_1641073875947265000.png;img_Drone1_3_7_1641073875947908000.png
Drone1	1641073874509	-252.056	166.362	31.6491	-0.0145849	0.016193	-0.00823908	0.999729	img_Drone1_3_0_1641073876434559000.png;img_Drone1_3_7_1641073876440969000.png
Drone1	1641073875121	-256.958	169.597	32.4509	-0.0145837	0.0161566	-0.00829521	0.999729	img_Drone1_3_0_1641073877077776000.png;img_Drone1_3_7_1641073877078442000.png
Drone1	1641073875652	-261.211	172.403	33.1464	-0.0145833	0.016145	-0.00831561	0.999729	img_Drone1_3_0_1641073877607006000.png;img_Drone1_3_7_1641073877607873000.png
Drone1	1641073876111	-264.888	174.828	33.7479	-0.0145817	0.0160971	-0.00838935	0.999729	img_Drone1_3_0_1641073878067960000.png;img_Drone1_3_7_1641073878068662000.png
Drone1	1641073876510	-268.082	176.937	34.2705	-0.0145829	0.0161345	-0.00833744	0.999729	img_Drone1_3_0_1641073878494332000.png;img_Drone1_3_7_1641073878495295000.png
Drone1	1641073876999	-271.997	179.521	34.9109	-0.014584	0.0161697	-0.00828756	0.999729	img_Drone1_3_0_1641073879020235000.png;img_Drone1_3_7_1641073879020989000.png
Drone1	1641073877569	-276.56	182.533	35.6575	-0.0145847	0.0161913	-0.00825847	0.999729	img_Drone1_3_0_1641073879624250000.png;img_Drone1_3_7_1641073879624996000.png
Drone1	1641073877980	-279.855	184.705	36.1958	-0.0145826	0.0161237	-0.00835536	0.999729	img_Drone1_3_0_1641073880042420000.png;img_Drone1_3_7_1641073880043116000.png
Drone1	1641073878619	-284.972	188.082	37.033	-0.0145819	0.0161032	-0.00839002	0.999729	img_Drone1_3_0_1641073880731001000.png;img_Drone1_3_7_1641073880731688000.png
Drone1	1641073879078	-288.647	190.508	37.6342	-0.0145834	0.016151	-0.00832224	0.999729	img_Drone1_3_0_1641073881202994000.png;img_Drone1_3_7_1641073881203728000.png
Drone1	1641073879666	-293.354	193.615	38.4043	-0.0145845	0.0161847	-0.00827495	0.999728	img_Drone1_3_0_1641073881791075000.png;img_Drone1_3_7_1641073881793694000.png
Drone1	1641073880221	-297.798	196.548	39.1312	-0.014585	0.0161999	-0.00825483	0.999728	img_Drone1_3_0_1641073882346976000.png;img_Drone1_3_7_1641073882347727000.png
Drone1	1641073880716	-301.765	199.164	39.7795	-0.0145825	0.0161206	-0.00836893	0.999729	img_Drone1_3_0_1641073882861068000.png;img_Drone1_3_7_1641073882861770000.png
Drone1	1641073881304	-306.474	202.272	40.5499	-0.0145819	0.0161043	-0.0083969	0.999729	img_Drone1_3_0_1641073883449829000.png;img_Drone1_3_7_1641073883450968000.png
Drone1	1641073881892	-311.181	205.379	41.32	-0.0145838	0.0161642	-0.0083133	0.999729	img_Drone1_3_0_1641073884040646000.png;img_Drone1_3_7_1641073884041706000.png
Drone1	1641073882462	-315.745	208.391	42.0666	-0.0145847	0.0161931	-0.00827336	0.999728	img_Drone1_3_0_1641073884615620000.png;img_Drone1_3_7_1641073884616695000.png
Drone1	1641073882954	-319.684	210.991	42.7109	-0.0145851	0.0162056	-0.00825663	0.999728	img_Drone1_3_0_1641073885108835000.png;img_Drone1_3_7_1641073885109511000.png
Drone1	1641073883428	-323.483	213.496	43.3317	-0.0145828	0.016131	-0.0083643	0.999729	img_Drone1_3_0_1641073885584109000.png;img_Drone1_3_7_1641073885584850000.png
Drone1	1641073883944	-327.616	216.223	44.0079	-0.0145817	0.0160984	-0.00841546	0.999729	img_Drone1_3_0_1641073886103685000.png;img_Drone1_3_7_1641073886104376000.png
Drone1	1641073884433	-331.53	218.807	44.6483	-0.0145835	0.0161537	-0.00833852	0.999728	img_Drone1_3_0_1641073886593433000.png;img_Drone1_3_7_1641073886594234000.png
Drone1	1641073885006	-336.118	221.835	45.3988	-0.0145847	0.0161918	-0.00828601	0.999728	img_Drone1_3_0_1641073887167764000.png;img_Drone1_3_7_1641073887168396000.png
Drone1	1641073885402	-339.288	223.928	45.9174	-0.0145851	0.016206	-0.00826762	0.999728	img_Drone1_3_0_1641073887561265000.png;img_Drone1_3_7_1641073887561848000.png
Drone1	1641073885909	-343.349	226.607	46.5815	-0.0145849	0.0161992	-0.00827811	0.999728	img_Drone1_3_0_1641073888069021000.png;img_Drone1_3_7_1641073888070185000.png
Drone1	1641073886311	-346.571	228.732	47.108	-0.0145822	0.0161124	-0.00840294	0.999729	img_Drone1_3_0_1641073888471845000.png;img_Drone1_3_7_1641073888472302000.png
Drone1	1641073886872	-351.063	231.696	47.843	-0.0145825	0.016123	-0.00839234	0.999729	img_Drone1_3_0_1641073889032332000.png;img_Drone1_3_7_1641073889032779000.png
Drone1	1641073887326	-354.689	234.09	48.4363	-0.014584	0.01617	-0.00832656	0.999728	img_Drone1_3_0_1641073889517407000.png;img_Drone1_3_7_1641073889517832000.png
Drone1	1641073887986	-359.973	237.578	49.3007	-0.0145851	0.0162058	-0.00827761	0.999728	img_Drone1_3_0_1641073890195964000.png;img_Drone1_3_7_1641073890196867000.png
Drone1	1641073888478	-363.912	240.178	49.9451	-0.0145855	0.0162185	-0.00826141	0.999728	img_Drone1_3_0_1641073890688128000.png;img_Drone1_3_7_1641073890688529000.png
Drone1	1641073888943	-367.639	242.635	50.5541	-0.0145834	0.0161493	-0.00836123	0.999728	img_Drone1_3_0_1641073891160701000.png;img_Drone1_3_7_1641073891161123000.png
Drone1	1641073889462	-371.796	245.378	51.2342	-0.014582	0.0161069	-0.00842569	0.999729	img_Drone1_3_0_1641073891686370000.png;img_Drone1_3_7_1641073891686795000.png
Drone1	1641073890023	-376.287	248.343	51.9689	-0.014584	0.0161694	-0.00833836	0.999728	img_Drone1_3_0_1641073892249147000.png;img_Drone1_3_7_1641073892249566000.png
Drone1	1641073890494	-380.058	250.832	52.5858	-0.014585	0.016201	-0.00829499	0.999728	img_Drone1_3_0_1641073892716461000.png;img_Drone1_3_7_1641073892716730000.png
Drone1	1641073891019	-384.262	253.606	53.272	-0.0145959	0.0165513	-0.00779992	0.999726	img_Drone1_3_0_1641073893244868000.png;img_Drone1_3_7_1641073893245113000.png
Drone1	1641073891595	-388.839	256.595	53.5664	-0.0161629	-0.20985	0.204117	0.956053	img_Drone1_3_0_1641073893826214000.png;img_Drone1_3_7_1641073893826427000.png
Drone1	1641073891880	-390.648	257.651	53.4757	-0.0171454	-0.283116	0.242131	0.92786	img_Drone1_3_0_1641073894136578000.png;img_Drone1_3_7_1641073894136815000.png
Drone1	1641073892480	-392.484	258.273	53.25	-0.0126698	-0.28181	0.24237	0.928267	img_Drone1_3_0_1641073894743384000.png;img_Drone1_3_7_1641073894743608000.png
Drone1	1641073892843	-392.397	257.663	53.1993	-0.00662811	-0.230295	0.215001	0.94905	img_Drone1_3_0_1641073895116208000.png;img_Drone1_3_7_1641073895116427000.png
Drone1	1641073893458	-390.69	255.208	53.0146	-0.0064486	-0.145796	0.132762	0.980345	img_Drone1_3_0_1641073895785980000.png;img_Drone1_3_7_1641073895786377000.png
Drone1	1641073894016	-388.013	251.974	52.4816	-0.00330013	-0.0659959	0.0869565	0.994018	img_Drone1_3_0_1641073896379528000.png;img_Drone1_3_7_1641073896379746000.png
Drone1	1641073894487	-385.386	248.797	51.7476	0.00277092	0.00615867	0.0831796	0.996512	img_Drone1_3_0_1641073896859269000.png;img_Drone1_3_7_1641073896859504000.png
Drone1	1641073894952	-382.846	245.353	51.0149	0.00738532	0.0602155	0.0827493	0.994722	img_Drone1_3_0_1641073897358574000.png;img_Drone1_3_7_1641073897358833000.png
Drone1	1641073895639	-379.636	239.749	49.869	0.00993446	0.0702251	0.0613591	0.995593	img_Drone1_3_0_1641073898056729000.png;img_Drone1_3_7_1641073898057050000.png
Drone1	1641073896080	-377.943	235.932	49.1785	0.00954274	0.0429292	0.0434908	0.998085	img_Drone1_3_0_1641073898499970000.png;img_Drone1_3_7_1641073898500385000.png
Drone1	1641073896650	-376.002	230.878	48.2983	0.00860544	0.003841	0.0246808	0.999651	img_Drone1_3_0_1641073899071485000.png;img_Drone1_3_7_1641073899072018000.png
Drone1	1641073897217	-374.123	225.824	47.3703	0.0079269	-0.023103	0.0125469	0.999623	img_Drone1_3_0_1641073899653870000.png;img_Drone1_3_7_1641073899654393000.png
Drone1	1641073897565	-372.917	222.745	46.7756	0.00773615	-0.0302783	0.00900983	0.999471	img_Drone1_3_0_1641073900003386000.png;img_Drone1_3_7_1641073900003897000.png
Drone1	1641073898144	-370.769	217.682	45.7713	0.00779833	-0.0263488	0.0102248	0.99957	img_Drone1_3_0_1641073900583401000.png;img_Drone1_3_7_1641073900583898000.png
Drone1	1641073898696	-368.585	212.916	44.8124	0.00807999	-0.013203	0.0160341	0.999752	img_Drone1_3_0_1641073901143813000.png;img_Drone1_3_7_1641073901144910000.png
Drone1	1641073899161	-366.701	208.922	44.0015	0.00830628	-0.00258177	0.0208233	0.999745	img_Drone1_3_0_1641073901610460000.png;img_Drone1_3_7_1641073901611014000.png
Drone1	1641073899638	-364.773	204.821	43.1651	0.0084444	0.00395627	0.0237126	0.999675	img_Drone1_3_0_1641073902090779000.png;img_Drone1_3_7_1641073902091339000.png
Drone1	1641073900130	-362.821	200.575	42.3001	0.00846637	0.00503833	0.0241565	0.99966	img_Drone1_3_0_1641073902603201000.png;img_Drone1_3_7_1641073902603783000.png
Drone1	1641073900541	-361.223	197.015	41.5782	0.00841589	0.0027499	0.0231599	0.999693	img_Drone1_3_0_1641073903050255000.png;img_Drone1_3_7_1641073903050818000.png
Drone1	1641073901186	-358.756	191.41	40.4468	0.00829561	-0.00269406	0.0208323	0.999745	img_Drone1_3_0_1641073903759969000.png;img_Drone1_3_7_1641073903760531000.png
Drone1	1641073901624	-357.089	187.601	39.6784	0.0082309	-0.00560922	0.0195872	0.999759	img_Drone1_3_0_1641073904216393000.png;img_Drone1_3_7_1641073904216967000.png
Drone1	1641073902107	-355.243	183.404	38.8306	0.00819943	-0.0070226	0.0189813	0.999762	img_Drone1_3_0_1641073904805887000.png;img_Drone1_3_7_1641073904806422000.png
Drone1	1641073902602	-353.337	179.109	37.9614	0.00820677	-0.00668561	0.0191299	0.999761	img_Drone1_3_0_1641073905399888000.png;img_Drone1_3_7_1641073905400428000.png
Drone1	1641073903346	-350.451	172.664	36.6542	0.00825207	-0.00462138	0.0200302	0.999755	img_Drone1_3_0_1641073906165872000.png;img_Drone1_3_7_1641073906166400000.png
Drone1	1641073903868	-348.417	168.145	35.7369	0.00828136	-0.00328589	0.0206116	0.999748	img_Drone1_3_0_1641073906720759000.png;img_Drone1_3_7_1641073906721314000.png
Drone1	1641073904264	-346.878	164.715	35.041	0.00828995	-0.00289324	0.0207777	0.999746	img_Drone1_3_0_1641073907166974000.png;img_Drone1_3_7_1641073907167554000.png
Drone1	1641073905002	-344.019	158.32	33.7441	0.00828447	-0.00314114	0.0206653	0.999747	img_Drone1_3_0_1641073907915224000.png;img_Drone1_3_7_1641073907915784000.png
Drone1	1641073905335	-342.731	155.432	33.159	0.00827632	-0.00350973	0.0205053	0.999749	img_Drone1_3_0_1641073908266193000.png;img_Drone1_3_7_1641073908266804000.png
Drone1	1641073905827	-340.829	151.166	32.2945	0.00826708	-0.00392949	0.0203211	0.999752	img_Drone1_3_0_1641073908836076000.png;img_Drone1_3_7_1641073908836776000.png
Drone1	1641073906358	-338.777	146.561	31.3616	0.00826205	-0.00415747	0.0202198	0.999753	img_Drone1_3_0_1641073909447132000.png;img_Drone1_3_7_1641073909447684000.png
Drone1	1641073907009	-336.26	140.916	30.2176	0.00825934	-0.00427939	0.0201645	0.999753	img_Drone1_3_0_1641073910184174000.png;img_Drone1_3_7_1641073910184755000.png
Drone1	1641073907756	-333.37	134.441	28.9053	0.00826164	-0.00417165	0.0202108	0.999753	img_Drone1_3_0_1641073910996408000.png;img_Drone1_3_7_1641073911000567000.png
Drone1	1641073908248	-331.464	130.177	28.0407	0.0082683	-0.00386759	0.02034	0.999752	img_Drone1_3_0_1641073911496167000.png;img_Drone1_3_7_1641073911496929000.png
Drone1	1641073908680	-329.789	126.433	27.2816	0.00827188	-0.00370398	0.0204101	0.999751	img_Drone1_3_0_1641073911936569000.png;img_Drone1_3_7_1641073911937139000.png
Drone1	1641073909661	-325.996	117.929	25.5579	0.00826489	-0.00401953	0.0202684	0.999752	img_Drone1_3_0_1641073913003507000.png;img_Drone1_3_7_1641073913004034000.png
Drone1	1641073910123	-324.21	113.923	24.7462	0.00826202	-0.00414895	0.0202092	0.999753	img_Drone1_3_0_1641073913475473000.png;img_Drone1_3_7_1641073913476045000.png
Drone1	1641073910591	-322.398	109.867	23.924	0.00826346	-0.00408202	0.0202362	0.999753	img_Drone1_3_0_1641073913950866000.png;img_Drone1_3_7_1641073913951470000.png
Drone1	1641073911161	-320.189	104.927	22.9223	0.00826999	-0.0037826	0.0203663	0.999751	img_Drone1_3_0_1641073914523708000.png;img_Drone1_3_7_1641073914524294000.png
Drone1	1641073911563	-318.632	101.442	22.2159	0.00827191	-0.00369458	0.0204037	0.999751	img_Drone1_3_0_1641073914931071000.png;img_Drone1_3_7_1641073914931706000.png
Drone1	1641073912181	-316.243	96.0844	21.1301	0.00826536	-0.00399035	0.0202721	0.999752	img_Drone1_3_0_1641073915595395000.png;img_Drone1_3_7_1641073915596019000.png
Drone1	1641073913111	-312.645	88.0225	19.496	0.00826318	-0.00408724	0.0202254	0.999753	img_Drone1_3_0_1641073916634088000.png;img_Drone1_3_7_1641073916634774000.png
Drone1	1641073913516	-311.076	84.5123	18.7843	0.00826814	-0.00385882	0.0203245	0.999752	img_Drone1_3_0_1641073917059817000.png;img_Drone1_3_7_1641073917060530000.png
Drone1	1641073914176	-308.52	78.7913	17.6245	0.00827094	-0.00372951	0.0203789	0.999751	img_Drone1_3_0_1641073917748324000.png;img_Drone1_3_7_1641073917750973000.png
Drone1	1641073914584	-306.943	75.2542	16.9077	0.00826634	-0.00393806	0.020287	0.999752	img_Drone1_3_0_1641073918196143000.png;img_Drone1_3_7_1641073918196916000.png
Drone1	1641073915184	-304.623	70.0525	15.8535	0.00826196	-0.00413605	0.0201968	0.999753	img_Drone1_3_0_1641073918802680000.png;img_Drone1_3_7_1641073918803813000.png
Drone1	1641073915730	-302.509	65.3197	14.8942	0.00826444	-0.00402137	0.0202442	0.999753	img_Drone1_3_0_1641073919357182000.png;img_Drone1_3_7_1641073919357715000.png
Drone1	1641073916087	-301.125	62.2253	14.2668	0.00826856	-0.00383214	0.0203256	0.999752	img_Drone1_3_0_1641073919737822000.png;img_Drone1_3_7_1641073919738318000.png
Drone1	1641073916537	-299.382	58.3246	13.476	0.00827152	-0.00369597	0.0203832	0.999751	img_Drone1_3_0_1641073920257785000.png;img_Drone1_3_7_1641073920258291000.png
Drone1	1641073917158	-296.981	52.9409	12.3848	0.00826578	-0.00395557	0.0202716	0.999753	img_Drone1_3_0_1641073920885342000.png;img_Drone1_3_7_1641073920885858000.png
Drone1	1641073917671	-294.998	48.4935	11.4835	0.00826204	-0.00412468	0.0201948	0.999753	img_Drone1_3_0_1641073921406977000.png;img_Drone1_3_7_1641073921407519000.png
Drone1	1641073918064	-293.477	45.0869	10.793	0.00826227	-0.00411371	0.020198	0.999753	img_Drone1_3_0_1641073921801729000.png;img_Drone1_3_7_1641073921802433000.png
Drone1	1641073918697	-291.023	39.5999	9.68066	0.00826906	-0.00380131	0.0203289	0.999752	img_Drone1_3_0_1641073922439385000.png;img_Drone1_3_7_1641073922439884000.png
Drone1	1641073919045	-289.675	36.5833	9.06903	0.00827127	-0.00369981	0.0203725	0.999751	img_Drone1_3_0_1641073922792347000.png;img_Drone1_3_7_1641073922792997000.png
Drone1	1641073919570	-287.646	32.0319	8.14648	0.00826665	-0.00390927	0.0202829	0.999752	img_Drone1_3_0_1641073923327882000.png;img_Drone1_3_7_1641073923339149000.png
Drone1	1641073920158	-285.373	26.9343	7.11338	0.00826206	-0.00411692	0.0201893	0.999754	img_Drone1_3_0_1641073923957881000.png;img_Drone1_3_7_1641073923958502000.png
Drone1	1641073920659	-283.433	22.5913	6.23315	0.00826326	-0.00406138	0.0202097	0.999753	img_Drone1_3_0_1641073924505006000.png;img_Drone1_3_7_1641073924505578000.png
Drone1	1641073921004	-282.096	19.6007	5.628	0.00828167	-0.00324604	0.0207115	0.999746	img_Drone1_3_0_1641073924859744000.png;img_Drone1_3_7_1641073924860235000.png
Drone1	1641073921562	-279.955	14.7904	5.13624	0.0286747	0.0149738	-0.151765	0.987887	img_Drone1_3_0_1641073925429440000.png;img_Drone1_3_7_1641073925429946000.png
Drone1	1641073922156	-277.654	10.89	4.86719	0.0188477	0.0119098	-0.279751	0.959814	img_Drone1_3_0_1641073926027431000.png;img_Drone1_3_7_1641073926028326000.png
Drone1	1641073922621	-275.863	9.54964	4.35156	0.0109298	0.0380288	-0.281667	0.958696	img_Drone1_3_0_1641073926535051000.png;img_Drone1_3_7_1641073926535691000.png
Drone1	1641073923134	-274.111	9.79765	3.57454	0.00724653	0.0502435	-0.281187	0.958309	img_Drone1_3_0_1641073927049159000.png;img_Drone1_3_7_1641073927049814000.png
Drone1	1641073923614	-272.713	11.4497	2.97879	0.0118319	0.0345898	-0.281293	0.958925	img_Drone1_3_0_1641073927537575000.png;img_Drone1_3_7_1641073927538274000.png
Drone1	1641073924205	-271.13	14.6603	3.43952	0.0206199	0.00122291	-0.20863	0.977777	img_Drone1_3_0_1641073928127746000.png;img_Drone1_3_7_1641073928131234000.png
Drone1	1641073924739	-269.702	18.3719	4.81081	0.0263162	-0.023696	-0.104289	0.993916	img_Drone1_3_0_1641073928667518000.png;img_Drone1_3_7_1641073928668229000.png
Drone1	1641073925096	-268.683	21.13	5.85923	0.0292477	-0.040248	-0.0623448	0.996814	img_Drone1_3_0_1641073929031124000.png;img_Drone1_3_7_1641073929031767000.png
Drone1	1641073925732	-266.582	26.2724	7.59924	0.0335498	-0.0761676	-0.0124962	0.996452	img_Drone1_3_0_1641073929671863000.png;img_Drone1_3_7_1641073929672440000.png
Drone1	1641073926140	-264.923	29.561	8.54402	0.0362803	-0.101431	0.0182393	0.994013	img_Drone1_3_0_1641073930080662000.png;img_Drone1_3_7_1641073930081243000.png
Drone1	1641073926767	-261.692	34.3102	9.71673	0.0402963	-0.113736	0.0563681	0.991092	img_Drone1_3_0_1641073930711872000.png;img_Drone1_3_7_1641073930712464000.png
Drone1	1641073927184	-259.094	37.1603	10.4619	0.0411025	-0.0890768	0.0491623	0.993961	img_Drone1_3_0_1641073931144237000.png;img_Drone1_3_7_1641073931144768000.png
Drone1	1641073927694	-255.586	40.3629	11.4587	0.0406033	-0.0509603	0.0188925	0.997696	img_Drone1_3_0_1641073931742984000.png;img_Drone1_3_7_1641073931743538000.png
Drone1	1641073928144	-252.324	43.0474	12.3486	0.0398595	-0.0220154	-0.00980571	0.998915	img_Drone1_3_0_1641073932209028000.png;img_Drone1_3_7_1641073932209545000.png
Drone1	1641073928753	-247.86	46.6817	13.4845	0.0390946	0.00554081	-0.0358002	0.998579	img_Drone1_3_0_1641073932925033000.png;img_Drone1_3_7_1641073932925643000.png
Drone1	1641073929170	-244.86	49.2611	14.226	0.0388578	0.0134186	-0.0408694	0.998318	img_Drone1_3_0_1641073933380493000.png;img_Drone1_3_7_1641073933381018000.png
Drone1	1641073929695	-241.195	52.643	15.1577	0.0389627	0.00916887	-0.0344497	0.998605	img_Drone1_3_0_1641073933906245000.png;img_Drone1_3_7_1641073933906775000.png
Drone1	1641073930166	-237.994	55.7744	16.0026	0.0392499	-0.00130445	-0.0239892	0.998941	img_Drone1_3_0_1641073934399254000.png;img_Drone1_3_7_1641073934400143000.png
Drone1	1641073930703	-234.389	59.3955	16.9656	0.0395611	-0.0128347	-0.0130644	0.999049	img_Drone1_3_0_1641073934948653000.png;img_Drone1_3_7_1641073934949167000.png
Drone1	1641073931270	-230.57	63.212	17.9749	0.0397384	-0.0193311	-0.00658866	0.999001	img_Drone1_3_0_1641073935530614000.png;img_Drone1_3_7_1641073935531193000.png
Drone1	1641073931849	-226.62	67.0614	19.0024	0.0397431	-0.0190499	-0.00643361	0.999008	img_Drone1_3_0_1641073936110682000.png;img_Drone1_3_7_1641073936111227000.png
Drone1	1641073932227	-224.013	69.5471	19.6737	0.0396844	-0.0164853	-0.00875646	0.999038	img_Drone1_3_0_1641073936497923000.png;img_Drone1_3_7_1641073936498460000.png
Drone1	1641073932782	-220.162	73.1732	20.6594	0.0395782	-0.0120237	-0.0129906	0.99906	img_Drone1_3_0_1641073937071648000.png;img_Drone1_3_7_1641073937072210000.png
Drone1	1641073933310	-216.493	76.6181	21.5965	0.0395058	-0.0090122	-0.0158499	0.999053	img_Drone1_3_0_1641073937614805000.png;img_Drone1_3_7_1641073937615364000.png
Drone1	1641073933878	-212.565	80.3303	22.6025	0.0394847	-0.0081138	-0.0166638	0.999048	img_Drone1_3_0_1641073938187790000.png;img_Drone1_3_7_1641073938190316000.png
Drone1	1641073934265	-209.894	82.8745	23.2892	0.0394982	-0.00864541	-0.0161411	0.999052	img_Drone1_3_0_1641073938635352000.png;img_Drone1_3_7_1641073938635892000.png
Drone1	1641073934838	-205.95	86.6533	24.3062	0.0395356	-0.0101649	-0.0146929	0.999058	img_Drone1_3_0_1641073939248826000.png;img_Drone1_3_7_1641073939249401000.png
Drone1	1641073935255	-203.085	89.4071	25.0462	0.0395611	-0.011207	-0.0137023	0.99906	img_Drone1_3_0_1641073939678395000.png;img_Drone1_3_7_1641073939679015000.png
Drone1	1641073935915	-198.546	93.7636	26.2173	0.0395814	-0.0120258	-0.0129172	0.999061	img_Drone1_3_0_1641073940365894000.png;img_Drone1_3_7_1641073940366867000.png
Drone1	1641073936251	-196.233	95.9784	26.8135	0.0395812	-0.0120151	-0.0129242	0.999061	img_Drone1_3_0_1641073940705757000.png;img_Drone1_3_7_1641073940706392000.png
Drone1	1641073936929	-191.558	100.442	28.0166	0.0395686	-0.011497	-0.0134167	0.999061	img_Drone1_3_0_1641073941387512000.png;img_Drone1_3_7_1641073941388234000.png
Drone1	1641073937448	-187.978	103.855	28.9374	0.0395575	-0.0110336	-0.0138588	0.99906	img_Drone1_3_0_1641073941905624000.png;img_Drone1_3_7_1641073941906291000.png
Drone1	1641073938048	-183.838	107.802	30.002	0.0395499	-0.0107211	-0.0141595	0.99906	img_Drone1_3_0_1641073942507030000.png;img_Drone1_3_7_1641073942507778000.png
Drone1	1641073938420	-181.273	110.25	30.6621	0.0395495	-0.0107036	-0.0141779	0.99906	img_Drone1_3_0_1641073942894793000.png;img_Drone1_3_7_1641073942895588000.png
Drone1	1641073938957	-177.571	113.785	31.6149	0.0395527	-0.0108283	-0.0140616	0.99906	img_Drone1_3_0_1641073943473254000.png;img_Drone1_3_7_1641073943473979000.png
Drone1	1641073939461	-174.098	117.104	32.5091	0.0395567	-0.0109858	-0.0139121	0.99906	img_Drone1_3_0_1641073944077362000.png;img_Drone1_3_7_1641073944078170000.png
Drone1	1641073940061	-169.963	121.056	33.5738	0.0395598	-0.011114	-0.0137919	0.99906	img_Drone1_3_0_1641073944715929000.png;img_Drone1_3_7_1641073944717074000.png
Drone1	1641073940499	-166.944	123.941	34.351	0.0395607	-0.0111523	-0.0137579	0.99906	img_Drone1_3_0_1641073945158823000.png;img_Drone1_3_7_1641073945159741000.png
Drone1	1641073941198	-162.127	128.543	35.5912	0.0395604	-0.0111283	-0.0137839	0.99906	img_Drone1_3_0_1641073945849366000.png;img_Drone1_3_7_1641073945864264000.png
Drone1	1641073941630	-159.149	131.386	36.3575	0.0395594	-0.0110826	-0.0138297	0.99906	img_Drone1_3_0_1641073946297639000.png;img_Drone1_3_7_1641073946298418000.png
Drone1	1641073942062	-156.172	134.229	37.1238	0.0395583	-0.0110459	-0.0138662	0.99906	img_Drone1_3_0_1641073946744454000.png;img_Drone1_3_7_1641073946745243000.png
Drone1	1641073942566	-152.698	137.547	38.0178	0.039558	-0.0110235	-0.0138889	0.99906	img_Drone1_3_0_1641073947301306000.png;img_Drone1_3_7_1641073947302089000.png
Drone1	1641073943127	-148.832	141.239	39.013	0.039558	-0.0110121	-0.0139026	0.99906	img_Drone1_3_0_1641073947902656000.png;img_Drone1_3_7_1641073947903640000.png
Drone1	1641073943805	-144.159	145.701	40.2156	0.039558	-0.0110059	-0.0139112	0.99906	img_Drone1_3_0_1641073948604550000.png;img_Drone1_3_7_1641073948605324000.png
Drone1	1641073944324	-140.583	149.12	41.1366	0.0395597	-0.0110789	-0.013844	0.99906	img_Drone1_3_0_1641073949135415000.png;img_Drone1_3_7_1641073949136188000.png
Drone1	1641073944660	-138.267	151.332	41.7328	0.0395607	-0.0111202	-0.0138071	0.99906	img_Drone1_3_0_1641073949512682000.png;img_Drone1_3_7_1641073949513433000.png
Drone1	1641073945311	-133.78	155.617	42.8876	0.0395592	-0.0110639	-0.013863	0.99906	img_Drone1_3_0_1641073950213810000.png;img_Drone1_3_7_1641073950214543000.png
Drone1	1641073945764	-130.658	158.598	43.6911	0.0395584	-0.0110367	-0.0138902	0.99906	img_Drone1_3_0_1641073950689062000.png;img_Drone1_3_7_1641073950689797000.png
Drone1	1641073946343	-126.668	162.409	44.7182	0.0395584	-0.0110194	-0.0139092	0.99906	img_Drone1_3_0_1641073951269199000.png;img_Drone1_3_7_1641073951269932000.png
Drone1	1641073946871	-123.029	165.884	45.6548	0.0395584	-0.0110138	-0.0139171	0.99906	img_Drone1_3_0_1641073951797243000.png;img_Drone1_3_7_1641073951797940000.png
Drone1	1641073947480	-118.832	169.895	46.7355	0.0395607	-0.0111139	-0.0138237	0.99906	img_Drone1_3_0_1641073952412322000.png;img_Drone1_3_7_1641073952413022000.png
Drone1	1641073948089	-114.635	173.904	47.8158	0.0395599	-0.0110854	-0.0138541	0.99906	img_Drone1_3_0_1641073953083551000.png;img_Drone1_3_7_1641073953084291000.png
Drone1	1641073948689	-110.499	177.852	48.8801	0.0395589	-0.0110439	-0.0138956	0.99906	img_Drone1_3_0_1641073953698792000.png;img_Drone1_3_7_1641073953699517000.png
Drone1	1641073949148	-107.336	180.873	49.6944	0.0395588	-0.0110294	-0.0139122	0.99906	img_Drone1_3_0_1641073954175095000.png;img_Drone1_3_7_1641073954175801000.png
Drone1	1641073949730	-103.325	184.704	50.7268	0.0395588	-0.0110199	-0.0139235	0.999059	img_Drone1_3_0_1641073954759298000.png;img_Drone1_3_7_1641073954760063000.png
Drone1	1641073950282	-99.5207	188.34	51.7063	0.0395606	-0.0110933	-0.0138542	0.99906	img_Drone1_3_0_1641073955310080000.png;img_Drone1_3_7_1641073955310817000.png
Drone1	1641073950828	-95.7577	191.934	52.6749	0.0395609	-0.011112	-0.01384	0.99906	img_Drone1_3_0_1641073955870989000.png;img_Drone1_3_7_1641073955871700000.png
Drone1	1641073951473	-91.3124	196.179	53.8191	0.0395593	-0.0110581	-0.0138943	0.999059	img_Drone1_3_0_1641073956520371000.png;img_Drone1_3_7_1641073956521179000.png
Drone1	1641073951920	-88.2318	199.121	54.612	0.039559	-0.0110384	-0.013915	0.999059	img_Drone1_3_0_1641073956994270000.png;img_Drone1_3_7_1641073956995041000.png
Drone1	1641073952544	-83.9312	203.228	55.7189	0.0395589	-0.0110272	-0.0139287	0.999059	img_Drone1_3_0_1641073957634903000.png;img_Drone1_3_7_1641073957635799000.png
Drone1	1641073953186	-79.5066	207.456	56.858	0.0395604	-0.0110884	-0.0138718	0.999059	img_Drone1_3_0_1641073958297009000.png;img_Drone1_3_7_1641073958297723000.png
Drone1	1641073953663	-76.2192	210.596	57.7043	0.0395612	-0.0111273	-0.0138375	0.999059	img_Drone1_3_0_1641073958780694000.png;img_Drone1_3_7_1641073958781499000.png
Drone1	1641073954254	-72.1461	214.486	58.7527	0.0395598	-0.0110741	-0.0138908	0.999059	img_Drone1_3_0_1641073959376136000.png;img_Drone1_3_7_1641073959376838000.png
Drone1	1641073954713	-68.9827	217.507	59.5669	0.039559	-0.011049	-0.0139173	0.999059	img_Drone1_3_0_1641073959836053000.png;img_Drone1_3_7_1641073959836752000.png
Drone1	1641073955187	-65.716	220.626	60.4077	0.039559	-0.0110364	-0.0139302	0.999059	img_Drone1_3_0_1641073960339027000.png;img_Drone1_3_7_1641073960339767000.png
Drone1	1641073955715	-62.077	224.102	61.3443	0.039559	-0.0110303	-0.0139386	0.999059	img_Drone1_3_0_1641073960899348000.png;img_Drone1_3_7_1641073960900191000.png
Drone1	1641073956498	-56.6812	229.258	62.7336	0.039562	-0.0111453	-0.0138325	0.999059	img_Drone1_3_0_1641073961684748000.png;img_Drone1_3_7_1641073961686111000.png
Drone1	1641073957011	-53.1456	232.634	63.6436	0.0395607	-0.0110946	-0.0138827	0.999059	img_Drone1_3_0_1641073962199237000.png;img_Drone1_3_7_1641073962200987000.png
Drone1	1641073957626	-48.9071	236.682	64.735	0.0395596	-0.0110588	-0.0139245	0.999059	img_Drone1_3_0_1641073962823433000.png;img_Drone1_3_7_1641073962824747000.png
Drone1	1641073958094	-45.6817	239.762	65.565	0.0395596	-0.0110443	-0.013939	0.999059	img_Drone1_3_0_1641073963323967000.png;img_Drone1_3_7_1641073963324676000.png
Drone1	1641073958784	-40.9264	244.304	66.789	0.0395596	-0.0110352	-0.0139475	0.999059	img_Drone1_3_0_1641073964049473000.png;img_Drone1_3_7_1641073964052853000.png
Drone1	1641073959363	-36.9366	248.117	67.8164	0.0395627	-0.0111542	-0.0138373	0.999059	img_Drone1_3_0_1641073964671979000.png;img_Drone1_3_7_1641073964675861000.png
Drone1	1641073959909	-33.1737	251.711	68.785	0.0395618	-0.0111175	-0.0138735	0.999059	img_Drone1_3_0_1641073965225603000.png;img_Drone1_3_7_1641073965227081000.png
Drone1	1641073960302	-30.4652	254.297	69.482	0.0395608	-0.0110836	-0.0139076	0.999059	img_Drone1_3_0_1641073965620583000.png;img_Drone1_3_7_1641073965621268000.png
Drone1	1641073960986	-25.7511	258.799	70.6955	0.0395602	-0.0110531	-0.0139391	0.999059	img_Drone1_3_0_1641073966320521000.png;img_Drone1_3_7_1641073966321162000.png
Drone1	1641073961526	-22.0297	262.353	71.6533	0.0395602	-0.0110471	-0.0139476	0.999059	img_Drone1_3_0_1641073966860389000.png;img_Drone1_3_7_1641073966861222000.png
Drone1	1641073962207	-17.3367	266.835	72.8613	0.0395602	-0.011055	-0.0139437	0.999059	img_Drone1_3_0_1641073967545029000.png;img_Drone1_3_7_1641073967545692000.png
Drone1	1641073962816	-13.1403	270.843	73.9415	0.0395602	-0.0110687	-0.0139336	0.999059	img_Drone1_3_0_1641073968156492000.png;img_Drone1_3_7_1641073968157315000.png
Drone1	1641073963380	-9.25397	274.556	74.9419	0.0395602	-0.0110795	-0.013925	0.999059	img_Drone1_3_0_1641073968723788000.png;img_Drone1_3_7_1641073968724289000.png
Drone1	1641073964001	-4.97497	278.643	76.0432	0.0395602	-0.0110879	-0.0139198	0.999059	img_Drone1_3_0_1641073969344386000.png;img_Drone1_3_7_1641073969344810000.png
Drone1	1641073964376	-2.39105	281.111	76.7084	0.0395602	-0.0110906	-0.0139189	0.999059	img_Drone1_3_0_1641073969721449000.png;img_Drone1_3_7_1641073969721824000.png
Drone1	1641073965018	2.03264	285.336	77.8472	0.0395602	-0.0110955	-0.0139172	0.999059	img_Drone1_3_0_1641073970371851000.png;img_Drone1_3_7_1641073970372161000.png
Drone1	1641073965396	4.63727	287.824	78.5168	0.0395559	-0.010958	-0.0141337	0.999057	img_Drone1_3_0_1641073970765856000.png;img_Drone1_3_7_1641073970766160000.png
Drone1	1641073966077	9.22405	292.228	79.3554	0.0274604	0.21118	0.204586	0.955402	img_Drone1_3_0_1641073971524432000.png;img_Drone1_3_7_1641073971524742000.png
Drone1	1641073966539	11.2675	294.253	79.3496	0.0206043	0.185856	0.183285	0.965111	img_Drone1_3_0_1641073972003960000.png;img_Drone1_3_7_1641073972004375000.png
Drone1	1641073967106	12.3728	295.406	78.8474	0.0178659	0.125673	0.130038	0.98335	img_Drone1_3_0_1641073972575606000.png;img_Drone1_3_7_1641073972576361000.png
Drone1	1641073967505	12.4981	295.572	78.107	0.0171138	0.086151	0.0923511	0.991845	img_Drone1_3_0_1641073973009586000.png;img_Drone1_3_7_1641073973009981000.png
Drone1	1641073968051	12.1381	295.248	76.5623	0.0166542	0.0440525	0.0493893	0.997669	img_Drone1_3_0_1641073973610103000.png;img_Drone1_3_7_1641073973610448000.png
Drone1	1641073968606	11.4555	294.578	74.6624	0.0164606	0.0174665	0.0206798	0.999498	img_Drone1_3_0_1641073974186775000.png;img_Drone1_3_7_1641073974187108000.png
Drone1	1641073968930	10.9982	294.12	73.5617	0.0164074	0.00837801	0.010591	0.999774	img_Drone1_3_0_1641073974508763000.png;img_Drone1_3_7_1641073974509095000.png
Drone1	1641073969530	10.1159	293.229	71.5029	0.0163605	-0.00214407	-0.00115207	0.999863	img_Drone1_3_0_1641073975131286000.png;img_Drone1_3_7_1641073975131636000.png
Drone1	1641073969983	9.45821	292.558	69.9053	0.0163419	-0.0082716	-0.00789979	0.999801	img_Drone1_3_0_1641073975583404000.png;img_Drone1_3_7_1641073975583710000.png
Drone1	1641073970589	8.64178	291.722	67.671	0.0163169	-0.0183088	-0.0187633	0.999523	img_Drone1_3_0_1641073976213303000.png;img_Drone1_3_7_1641073976213606000.png
Drone1	1641073971066	8.09724	291.162	65.8071	0.0162823	-0.0305068	-0.031837	0.998895	img_Drone1_3_0_1641073976692299000.png;img_Drone1_3_7_1641073976692626000.png
Drone1	1641073971468	7.74969	290.802	64.1661	0.016234	-0.0431405	-0.0453792	0.997906	img_Drone1_3_0_1641073977093772000.png;img_Drone1_3_7_1641073977094148000.png
Drone1	1641073971927	7.52335	290.565	62.2714	0.0161944	-0.0442125	-0.0469352	0.997788	img_Drone1_3_0_1641073977587535000.png;img_Drone1_3_7_1641073977587914000.png
Drone1	1641073972452	7.48083	290.517	60.154	0.0161714	-0.0279455	-0.0301389	0.999024	img_Drone1_3_0_1641073978123807000.png;img_Drone1_3_7_1641073978124176000.png
Drone1	1641073973142	7.63973	290.678	57.4219	0.0161201	-0.00424053	-0.00499365	0.999849	img_Drone1_3_0_1641073978835046000.png;img_Drone1_3_7_1641073978835415000.png
Drone1	1641073973391	7.71851	290.759	56.4342	0.0161008	0.00271155	0.00248424	0.999864	img_Drone1_3_0_1641073979103838000.png;img_Drone1_3_7_1641073979104190000.png
Drone1	1641073974048	7.89338	290.941	53.8115	0.016064	0.0142069	0.0150301	0.999657	img_Drone1_3_0_1641073979855154000.png;img_Drone1_3_7_1641073979855553000.png
Drone1	1641073974498	7.94986	291.001	52.0115	0.0160552	0.0140101	0.0150347	0.99966	img_Drone1_3_0_1641073980317312000.png;img_Drone1_3_7_1641073980319434000.png
Drone1	1641073974942	7.95156	291.005	50.2399	0.016052	0.00927216	0.0101018	0.999777	img_Drone1_3_0_1641073980765109000.png;img_Drone1_3_7_1641073980765497000.png
Drone1	1641073975533	7.90161	290.954	47.8856	0.0160458	0.00141848	0.00171439	0.999869	img_Drone1_3_0_1641073981390201000.png;img_Drone1_3_7_1641073981390596000.png
Drone1	1641073976052	7.8467	290.897	45.8168	0.0160399	-0.00362798	-0.0037574	0.999858	img_Drone1_3_0_1641073981930784000.png;img_Drone1_3_7_1641073981931167000.png
Drone1	1641073976553	7.81052	290.859	43.8184	0.0160369	-0.00538349	-0.00574767	0.99984	img_Drone1_3_0_1641073982437637000.png;img_Drone1_3_7_1641073982438024000.png
Drone1	1641073977039	7.80001	290.847	41.8802	0.0160361	-0.0043111	-0.00467652	0.999851	img_Drone1_3_0_1641073982932643000.png;img_Drone1_3_7_1641073982933073000.png
Drone1	1641073977513	7.80897	290.856	39.9905	0.0160355	-0.00200139	-0.00222585	0.999867	img_Drone1_3_0_1641073983452150000.png;img_Drone1_3_7_1641073983452628000.png
Drone1	1641073978146	7.83328	290.881	37.467	0.0160345	0.000855366	0.00085765	0.999871	img_Drone1_3_0_1641073984100449000.png;img_Drone1_3_7_1641073984100925000.png
Drone1	1641073978677	7.84996	290.899	35.3496	0.0160338	0.00194913	0.00208465	0.999867	img_Drone1_3_0_1641073984640638000.png;img_Drone1_3_7_1641073984641047000.png
Drone1	1641073979031	7.85541	290.904	33.938	0.0160337	0.00192021	0.00207033	0.999867	img_Drone1_3_0_1641073985003189000.png;img_Drone1_3_7_1641073985003792000.png
Drone1	1641073979472	7.85572	290.905	32.1794	0.0160337	0.00130673	0.0014304	0.99987	img_Drone1_3_0_1641073985461576000.png;img_Drone1_3_7_1641073985462005000.png
Drone1	1641073980132	7.8478	290.897	29.548	0.0160336	5.55536e-05	0.000131211	0.999871	img_Drone1_3_0_1641073986153218000.png;img_Drone1_3_7_1641073986153644000.png
Drone1	1641073980639	7.84064	290.889	27.5266	0.0160335	-0.000585853	-0.000650894	0.999871	img_Drone1_3_0_1641073986665553000.png;img_Drone1_3_7_1641073986666069000.png
Drone1	1641073980985	7.83726	290.886	26.1511	0.0160335	-0.000747251	-0.000778525	0.999871	img_Drone1_3_0_1641073987017763000.png;img_Drone1_3_7_1641073987018234000.png
Drone1	1641073981747	7.83578	290.884	23.113	0.0160335	-0.000464798	-0.000494746	0.999871	img_Drone1_3_0_1641073987796826000.png;img_Drone1_3_7_1641073987797306000.png
Drone1	1641073982206	7.83776	290.886	21.283	0.0160333	-0.000126551	-0.000225619	0.999871	img_Drone1_3_0_1641073988260344000.png;img_Drone1_3_7_1641073988260792000.png
Drone1	1641073982722	7.84062	290.891	19.2257	0.0160333	0.000167114	0.000278755	0.999871	img_Drone1_3_0_1641073988779706000.png;img_Drone1_3_7_1641073988780212000.png
Drone1	1641073983187	7.84253	290.892	17.3717	0.0160333	0.00027911	0.000356981	0.999871	img_Drone1_3_0_1641073989282422000.png;img_Drone1_3_7_1641073989282932000.png
Drone1	1641073983673	7.84329	290.892	15.434	0.0160333	0.000246902	0.000197878	0.999871	img_Drone1_3_0_1641073989773670000.png;img_Drone1_3_7_1641073989774194000.png
Drone1	1641073984123	7.84298	290.892	13.6399	0.0160333	0.000135493	0.000104534	0.999871	img_Drone1_3_0_1641073990231492000.png;img_Drone1_3_7_1641073990232033000.png
Drone1	1641073984864	7.84152	290.892	10.6855	0.0160333	-5.03765e-05	3.41404e-05	0.999871	img_Drone1_3_0_1641073990995305000.png;img_Drone1_3_7_1641073990995850000.png
Drone1	1641073985326	7.84073	290.892	8.84354	0.0160333	-0.000103883	1.6185e-05	0.999871	img_Drone1_3_0_1641073991558286000.png;img_Drone1_3_7_1641073991559176000.png
Drone1	1641073986049	7.84034	290.892	5.96094	0.0160333	-8.25816e-05	4.89664e-06	0.999871	img_Drone1_3_0_1641073992284002000.png;img_Drone1_3_7_1641073992284570000.png
Drone1	1641073986610	7.84062	290.892	3.72424	0.0160333	-2.43411e-05	2.36124e-06	0.999871	img_Drone1_3_0_1641073992846258000.png;img_Drone1_3_7_1641073992846816000.png
Drone1	1641073986910	7.84086	290.892	2.52814	0.0160333	4.82579e-06	1.85991e-06	0.999871	img_Drone1_3_0_1641073993169019000.png;img_Drone1_3_7_1641073993169538000.png
Drone1	1641073987489	7.84127	290.892	0.219673	0.0160333	3.78869e-05	1.37325e-06	0.999871	img_Drone1_3_0_1641073993752771000.png;img_Drone1_3_7_1641073993753332000.png
Drone1	1641073988026	7.84144	290.892	-1.92134	0.0160333	3.80679e-05	9.5457e-07	0.999871	img_Drone1_3_0_1641073994293700000.png;img_Drone1_3_7_1641073994294225000.png
Drone1	1641073988551	7.84141	290.892	-4.01451	0.0160333	3.39135e-05	9.92305e-05	0.999871	img_Drone1_3_0_1641073994865670000.png;img_Drone1_3_7_1641073994866181000.png
Drone1	1641073989079	7.86523	290.914	-5.67292	0.0129042	-0.212536	-0.200435	0.956289	img_Drone1_3_0_1641073995443856000.png;img_Drone1_3_7_1641073995444354000.png
Drone1	1641073989637	9.00672	291.917	-6.7204	0.0119792	-0.293711	-0.243097	0.924389	img_Drone1_3_0_1641073996010781000.png;img_Drone1_3_7_1641073996011451000.png
Drone1	1641073990162	11.7191	294.199	-7.09775	0.00635967	-0.279121	-0.243603	0.928821	img_Drone1_3_0_1641073996539853000.png;img_Drone1_3_7_1641073996540597000.png
Drone1	1641073990684	15.6377	297.646	-6.74045	-0.0491895	-0.0989644	-0.272876	0.95568	img_Drone1_3_0_1641073997063588000.png;img_Drone1_3_7_1641073997064268000.png
Drone1	1641073991053	18.698	300.936	-6.29364	-0.0800826	0.00733363	-0.279454	0.956785	img_Drone1_3_0_1641073997453742000.png;img_Drone1_3_7_1641073997454404000.png
Drone1	1641073991599	22.9313	307.181	-5.56696	-0.0995763	0.0754167	-0.274875	0.953331	img_Drone1_3_0_1641073998013946000.png;img_Drone1_3_7_1641073998014507000.png
Drone1	1641073992076	26.1548	313.587	-4.39384	-0.0981958	0.0706341	-0.275028	0.953797	img_Drone1_3_0_1641073998501492000.png;img_Drone1_3_7_1641073998502324000.png
Drone1	1641073992658	29.5813	322.365	-2.06102	-0.0857091	0.0280146	-0.280174	0.955705	img_Drone1_3_0_1641073999090037000.png;img_Drone1_3_7_1641073999090592000.png
Drone1	1641073993186	32.3935	331.296	0.700323	-0.0716021	-0.0197769	-0.283769	0.956011	img_Drone1_3_0_1641073999641757000.png;img_Drone1_3_7_1641073999642385000.png
Drone1	1641073993525	34.1682	337.533	2.71493	-0.0624646	-0.0504016	-0.284574	0.955288	img_Drone1_3_0_1641074000025143000.png;img_Drone1_3_7_1641074000025745000.png
Drone1	1641073994239	38.1714	351.899	7.46899	-0.0450386	-0.107628	-0.28258	0.952122	img_Drone1_3_0_1641074000769742000.png;img_Drone1_3_7_1641074000770376000.png
Drone1	1641073994833	42.044	364.85	12.1189	-0.0330005	-0.134531	-0.250693	0.958105	img_Drone1_3_0_1641074001374893000.png;img_Drone1_3_7_1641074001375472000.png
Drone1	1641073995271	45.3797	374.866	15.7227	-0.0224521	-0.140104	-0.183768	0.972675	img_Drone1_3_0_1641074001811125000.png;img_Drone1_3_7_1641074001811797000.png
Drone1	1641073995706	49.2199	385.071	19.0158	-0.0190901	-0.132033	-0.149654	0.979697	img_Drone1_3_0_1641074002285181000.png;img_Drone1_3_7_1641074002285723000.png
Drone1	1641073996303	55.277	399.257	22.8723	-0.0233549	-0.0986604	-0.144349	0.984319	img_Drone1_3_0_1641074002952114000.png;img_Drone1_3_7_1641074002952564000.png
Drone1	1641073996807	60.8664	411.346	25.5686	-0.0304497	-0.059971	-0.159339	0.98493	img_Drone1_3_0_1641074003479552000.png;img_Drone1_3_7_1641074003480022000.png
Drone1	1641073997191	65.2208	420.571	27.589	-0.0358928	-0.0308322	-0.172724	0.983833	img_Drone1_3_0_1641074003914212000.png;img_Drone1_3_7_1641074003914805000.png
Drone1	1641073997713	71.0805	433.102	30.5689	-0.0401642	-0.00738646	-0.180052	0.982809	img_Drone1_3_0_1641074004473042000.png;img_Drone1_3_7_1641074004473444000.png
Drone1	1641073998298	77.4622	447.209	34.064	-0.0400246	-0.00812118	-0.176753	0.983408	img_Drone1_3_0_1641074005103853000.png;img_Drone1_3_7_1641074005104240000.png
Drone1	1641073998649	81.1994	455.705	36.2047	-0.0385012	-0.0165368	-0.172375	0.98414	img_Drone1_3_0_1641074005471765000.png;img_Drone1_3_7_1641074005472140000.png
Drone1	1641073999171	86.6837	468.364	39.412	-0.0359077	-0.0308531	-0.165815	0.98502	img_Drone1_3_0_1641074006022612000.png;img_Drone1_3_7_1641074006022964000.png
Drone1	1641073999639	91.5832	479.72	42.2892	-0.0342428	-0.0400237	-0.161742	0.985426	img_Drone1_3_0_1641074006556977000.png;img_Drone1_3_7_1641074006557259000.png
Drone1	1641074000197	97.459	493.247	45.7093	-0.0335373	-0.0438979	-0.160016	0.985567	img_Drone1_3_0_1641074007179184000.png;img_Drone1_3_7_1641074007179421000.png
Drone1	1641074000827	104.159	508.496	49.5573	-0.0340206	-0.0412114	-0.161163	0.98548	img_Drone1_3_0_1641074007813671000.png;img_Drone1_3_7_1641074007813908000.png
Drone1	1641074001319	109.427	520.394	52.5559	-0.0347284	-0.0372792	-0.162848	0.985335	img_Drone1_3_0_1641074008310469000.png;img_Drone1_3_7_1641074008310660000.png
Drone1	1641074001799	114.575	531.995	55.4786	-0.0353057	-0.0340664	-0.164214	0.985204	img_Drone1_3_0_1641074008789984000.png;img_Drone1_3_7_1641074008790175000.png
Drone1	1641074002273	119.653	543.46	58.3648	-0.0355585	-0.0326606	-0.164826	0.98514	img_Drone1_3_0_1641074009266234000.png;img_Drone1_3_7_1641074009266403000.png
Drone1	1641074002774	125.009	555.58	61.4175	-0.0355368	-0.0327857	-0.164806	0.98514	img_Drone1_3_0_1641074009770315000.png;img_Drone1_3_7_1641074009770475000.png
Drone1	1641074003296	130.576	568.21	64.5994	-0.0353632	-0.0337588	-0.164444	0.985174	img_Drone1_3_0_1641074010294338000.png;img_Drone1_3_7_1641074010294496000.png
Drone1	1641074003614	133.964	575.909	66.5386	-0.035221	-0.0345558	-0.164147	0.985201	img_Drone1_3_0_1641074010621051000.png;img_Drone1_3_7_1641074010621218000.png
Drone1	1641074004196	140.163	589.998	70.0883	-0.0350149	-0.0357112	-0.163722	0.985238	img_Drone1_3_0_1641074011233758000.png;img_Drone1_3_7_1641074011233951000.png
Drone1	1641074004727	145.823	602.843	73.3259	-0.0350055	-0.0357715	-0.163744	0.985232	img_Drone1_3_0_1641074011779218000.png;img_Drone1_3_7_1641074011779455000.png
Drone1	1641074005165	150.493	613.438	75.9953	-0.0350436	-0.0355664	-0.163871	0.985217	img_Drone1_3_0_1641074012239751000.png;img_Drone1_3_7_1641074012239999000.png
Drone1	1641074005663	155.806	625.485	79.0298	-0.0350951	-0.0352887	-0.164037	0.985198	img_Drone1_3_0_1641074012741998000.png;img_Drone1_3_7_1641074012742322000.png
Drone1	1641074006257	162.139	639.85	82.6717	-0.0388525	-0.0145228	-0.173901	0.983889	img_Drone1_3_0_1641074013344347000.png;img_Drone1_3_7_1641074013344697000.png
Drone1	1641074006866	168.078	654.456	86.1795	-0.160938	0.23706	0.191104	0.938819	img_Drone1_3_0_1641074013956775000.png;img_Drone1_3_7_1641074013957118000.png
Drone1	1641074007088	169.388	658.984	86.44	-0.18508	0.226047	0.276677	0.915477	img_Drone1_3_0_1641074014213987000.png;img_Drone1_3_7_1641074014214126000.png
Drone1	1641074007613	171.035	666.667	85.4012	-0.207437	0.181942	0.300551	0.912982	img_Drone1_3_0_1641074014779525000.png;img_Drone1_3_7_1641074014779654000.png
Drone1	1641074008180	171.1	667.023	85.2416	-0.179568	0.0495166	0.291088	0.938388	img_Drone1_3_0_1641074015348339000.png;img_Drone1_3_7_1641074015348467000.png
Drone1	1641074008696	171.536	667.722	84.2382	-0.147962	-0.0314549	0.280307	0.947917	img_Drone1_3_0_1641074015867935000.png;img_Drone1_3_7_1641074015868072000.png
Drone1	1641074009164	172.41	667.39	82.9288	-0.137965	-0.0401684	0.278867	0.949518	img_Drone1_3_0_1641074016338669000.png;img_Drone1_3_7_1641074016338829000.png
Drone1	1641074009764	174.063	665.106	81.3761	-0.132498	-0.0270259	0.257848	0.956676	img_Drone1_3_0_1641074016978171000.png;img_Drone1_3_7_1641074016978330000.png
Drone1	1641074010148	175.356	662.717	80.5689	-0.132863	-0.0141249	0.179387	0.974663	img_Drone1_3_0_1641074017364434000.png;img_Drone1_3_7_1641074017364588000.png
Drone1	1641074010709	177.393	658.553	79.884	-0.136187	-0.0173506	0.0891724	0.986509	img_Drone1_3_0_1641074017954978000.png;img_Drone1_3_7_1641074017955122000.png
Drone1	1641074011234	179.423	654.288	79.4757	-0.137736	-0.0222989	0.0478628	0.989061	img_Drone1_3_0_1641074018496581000.png;img_Drone1_3_7_1641074018496734000.png
Drone1	1641074011894	182.148	648.759	78.9989	-0.138771	-0.0313239	0.0241029	0.989536	img_Drone1_3_0_1641074019156290000.png;img_Drone1_3_7_1641074019156581000.png
Drone1	1641074012428	184.524	644.289	78.5644	-0.139404	-0.0428596	0.011859	0.989236	img_Drone1_3_0_1641074019723151000.png;img_Drone1_3_7_1641074019723497000.png
Drone1	1641074012908	186.842	640.349	78.0942	-0.140051	-0.0585283	-0.000990456	0.988412	img_Drone1_3_0_1641074020224849000.png;img_Drone1_3_7_1641074020225285000.png
Drone1	1641074013430	189.641	636.235	77.4435	-0.141126	-0.0827104	-0.023624	0.986248	img_Drone1_3_0_1641074020774651000.png;img_Drone1_3_7_1641074020775094000.png
Drone1	1641074013955	192.871	632.423	76.5762	-0.143132	-0.108177	-0.0598992	0.981949	img_Drone1_3_0_1641074021321272000.png;img_Drone1_3_7_1641074021321714000.png
Drone1	1641074014378	195.853	629.736	75.7165	-0.14534	-0.108976	-0.0813588	0.97999	img_Drone1_3_0_1641074021753369000.png;img_Drone1_3_7_1641074021753900000.png
Drone1	1641074014963	200.458	626.656	74.5143	-0.14695	-0.0720283	-0.0594407	0.984726	img_Drone1_3_0_1641074022338903000.png;img_Drone1_3_7_1641074022339427000.png
Drone1	1641074015470	204.723	624.423	73.5376	-0.146963	-0.036227	-0.0202226	0.988272	img_Drone1_3_0_1641074022853003000.png;img_Drone1_3_7_1641074022853533000.png
Drone1	1641074016010	209.37	622.231	72.4494	-0.146478	-0.00727891	0.0167183	0.989046	img_Drone1_3_0_1641074023393021000.png;img_Drone1_3_7_1641074023393508000.png
Drone1	1641074016535	213.863	620.061	71.3068	-0.146052	0.00919646	0.0375702	0.988521	img_Drone1_3_0_1641074023925853000.png;img_Drone1_3_7_1641074023926762000.png
Drone1	1641074016958	217.415	618.198	70.3537	-0.145991	0.011597	0.0399755	0.98841	img_Drone1_3_0_1641074024355928000.png;img_Drone1_3_7_1641074024356320000.png
Drone1	1641074017573	222.46	615.293	68.969	-0.146321	0.00178221	0.0278303	0.988844	img_Drone1_3_0_1641074025004334000.png;img_Drone1_3_7_1641074025004696000.png
Drone1	1641074018059	226.382	612.897	67.8786	-0.146639	-0.00878177	0.0152422	0.989034	img_Drone1_3_0_1641074025525048000.png;img_Drone1_3_7_1641074025527786000.png
Drone1	1641074018479	229.76	610.81	66.9324	-0.146831	-0.0157926	0.00687624	0.989012	img_Drone1_3_0_1641074025959035000.png;img_Drone1_3_7_1641074025959390000.png
Drone1	1641074019013	234.07	608.186	65.723	-0.146936	-0.0198316	0.00198293	0.988945	img_Drone1_3_0_1641074026499172000.png;img_Drone1_3_7_1641074026499568000.png
Drone1	1641074019484	237.899	605.919	64.6545	-0.146919	-0.0190258	0.00297658	0.988961	img_Drone1_3_0_1641074026978782000.png;img_Drone1_3_7_1641074026979172000.png
Drone1	1641074020048	242.514	603.258	63.3751	-0.146827	-0.0153237	0.00763249	0.989014	img_Drone1_3_0_1641074027557598000.png;img_Drone1_3_7_1641074027557996000.png
Drone1	1641074020600	247.045	600.675	62.1227	-0.146737	-0.0118227	0.0120418	0.989032	img_Drone1_3_0_1641074028131426000.png;img_Drone1_3_7_1641074028131940000.png
Drone1	1641074021011	250.418	598.752	61.1895	-0.146697	-0.0103283	0.013912	0.98903	img_Drone1_3_0_1641074028545581000.png;img_Drone1_3_7_1641074028552610000.png
Drone1	1641074021701	256.067	595.501	59.6225	-0.146689	-0.0100043	0.014317	0.989029	img_Drone1_3_0_1641074029297806000.png;img_Drone1_3_7_1641074029304440000.png
Drone1	1641074022268	260.696	592.808	58.3352	-0.146722	-0.0111924	0.0128443	0.989031	img_Drone1_3_0_1641074029913591000.png;img_Drone1_3_7_1641074029914567000.png
Drone1	1641074022844	265.392	590.065	57.0275	-0.146753	-0.0123609	0.0114056	0.98903	img_Drone1_3_0_1641074030518860000.png;img_Drone1_3_7_1641074030519695000.png
Drone1	1641074023474	270.53	587.066	55.5976	-0.14677	-0.0129702	0.0106495	0.989028	img_Drone1_3_0_1641074031159160000.png;img_Drone1_3_7_1641074031159888000.png
Drone1	1641074024023	275.009	584.453	54.351	-0.146775	-0.0131306	0.0104352	0.989028	img_Drone1_3_0_1641074031729278000.png;img_Drone1_3_7_1641074031729999000.png
Drone1	1641074024665	280.253	581.41	52.8933	-0.146763	-0.0126641	0.0110175	0.989029	img_Drone1_3_0_1641074032381837000.png;img_Drone1_3_7_1641074032383288000.png
Drone1	1641074025079	283.635	579.447	51.9533	-0.146757	-0.0124207	0.0113179	0.98903	img_Drone1_3_0_1641074032804636000.png;img_Drone1_3_7_1641074032805229000.png
Drone1	1641074025544	287.433	577.243	50.8974	-0.146752	-0.0122754	0.0114953	0.98903	img_Drone1_3_0_1641074033288797000.png;img_Drone1_3_7_1641074033289350000.png
Drone1	1641074026051	291.575	574.84	49.7462	-0.146751	-0.0121946	0.0115912	0.98903	img_Drone1_3_0_1641074033853531000.png;img_Drone1_3_7_1641074033854008000.png
Drone1	1641074026726	297.089	571.64	48.2136	-0.146751	-0.0121467	0.0116473	0.98903	img_Drone1_3_0_1641074034530724000.png;img_Drone1_3_7_1641074034531201000.png
Drone1	1641074027314	301.892	568.852	46.8785	-0.146751	-0.0121248	0.0116713	0.98903	img_Drone1_3_0_1641074035133817000.png;img_Drone1_3_7_1641074035134269000.png
Drone1	1641074027591	304.146	567.544	46.2518	-0.146751	-0.0121187	0.0116787	0.98903	img_Drone1_3_0_1641074035444212000.png;img_Drone1_3_7_1641074035444670000.png
Drone1	1641074028272	309.709	564.316	44.7056	-0.146751	-0.0121032	0.0116948	0.98903	img_Drone1_3_0_1641074036169430000.png;img_Drone1_3_7_1641074036169909000.png
Drone1	1641074028839	314.336	561.616	43.4179	-0.146764	-0.0125449	0.0111371	0.989029	img_Drone1_3_0_1641074036758702000.png;img_Drone1_3_7_1641074036764608000.png
Drone1	1641074029151	316.884	560.136	42.7093	-0.146766	-0.012637	0.0110221	0.989029	img_Drone1_3_0_1641074037082891000.png;img_Drone1_3_7_1641074037083444000.png
Drone1	1641074029784	322.055	557.136	41.2719	-0.14676	-0.0123515	0.0113814	0.98903	img_Drone1_3_0_1641074037747923000.png;img_Drone1_3_7_1641074037748506000.png
Drone1	1641074030213	325.559	555.102	40.2978	-0.146756	-0.0122328	0.0115257	0.98903	img_Drone1_3_0_1641074038190265000.png;img_Drone1_3_7_1641074038190904000.png
Drone1	1641074030963	331.686	551.547	38.5949	-0.146755	-0.0121383	0.011638	0.98903	img_Drone1_3_0_1641074039026408000.png;img_Drone1_3_7_1641074039027071000.png
Drone1	1641074031431	335.509	549.328	37.5322	-0.146755	-0.0121123	0.0116659	0.98903	img_Drone1_3_0_1641074039546961000.png;img_Drone1_3_7_1641074039547664000.png
Drone1	1641074031998	340.137	546.628	36.2446	-0.146767	-0.0125228	0.0111407	0.989029	img_Drone1_3_0_1641074040166491000.png;img_Drone1_3_7_1641074040167228000.png
Drone1	1641074032484	344.107	544.323	35.1409	-0.146768	-0.0125216	0.0111412	0.989029	img_Drone1_3_0_1641074040655987000.png;img_Drone1_3_7_1641074040656641000.png
Drone1	1641074032853	347.121	542.574	34.3029	-0.146764	-0.0123586	0.0113506	0.989029	img_Drone1_3_0_1641074041070599000.png;img_Drone1_3_7_1641074041071227000.png
Drone1	1641074033537	352.709	539.332	32.7495	-0.146759	-0.0121907	0.0115642	0.98903	img_Drone1_3_0_1641074041815380000.png;img_Drone1_3_7_1641074041816015000.png
Drone1	1641074034002	356.507	537.128	31.6937	-0.146759	-0.0121377	0.011625	0.98903	img_Drone1_3_0_1641074042298346000.png;img_Drone1_3_7_1641074042298965000.png
Drone1	1641074034506	360.624	534.737	30.5494	-0.146759	-0.0121094	0.0116503	0.98903	img_Drone1_3_0_1641074042830125000.png;img_Drone1_3_7_1641074042830741000.png
Drone1	1641074035214	366.407	531.368	28.9411	-0.146773	-0.0125614	0.0110593	0.989029	img_Drone1_3_0_1641074043564870000.png;img_Drone1_3_7_1641074043565396000.png
Drone1	1641074035667	370.108	529.221	27.912	-0.146769	-0.012428	0.0112485	0.989029	img_Drone1_3_0_1641074044028411000.png;img_Drone1_3_7_1641074044028974000.png
Drone1	1641074036189	374.372	526.746	26.7265	-0.146764	-0.0122518	0.011474	0.989029	img_Drone1_3_0_1641074044571617000.png;img_Drone1_3_7_1641074044572208000.png
Drone1	1641074036762	379.052	524.03	25.4254	-0.146762	-0.0121535	0.0115932	0.989029	img_Drone1_3_0_1641074045148584000.png;img_Drone1_3_7_1641074045149354000.png
Drone1	1641074037257	383.096	521.684	24.3014	-0.146762	-0.0121101	0.0116399	0.989029	img_Drone1_3_0_1641074045642868000.png;img_Drone1_3_7_1641074045643398000.png
Drone1	1641074037581	385.742	520.142	23.5657	-0.146766	-0.0122353	0.0114688	0.989029	img_Drone1_3_0_1641074045985510000.png;img_Drone1_3_7_1641074045986028000.png
Drone1	1641074038304	391.648	516.707	21.923	-0.146775	-0.0125088	0.0111226	0.989028	img_Drone1_3_0_1641074046783183000.png;img_Drone1_3_7_1641074046783689000.png
Drone1	1641074038958	396.99	513.606	20.4377	-0.146768	-0.0122645	0.0114434	0.989029	img_Drone1_3_0_1641074047495083000.png;img_Drone1_3_7_1641074047495591000.png
Drone1	1641074039423	400.789	511.401	19.3816	-0.146766	-0.0121848	0.0115393	0.989029	img_Drone1_3_0_1641074047967740000.png;img_Drone1_3_7_1641074047968240000.png
Drone1	1641074039921	404.857	509.035	18.2507	-0.14677	-0.0123144	0.0113605	0.989029	img_Drone1_3_0_1641074048468630000.png;img_Drone1_3_7_1641074048469140000.png
Drone1	1641074040542	409.929	506.085	16.84	-0.146774	-0.0124323	0.0112065	0.989029	img_Drone1_3_0_1641074049125192000.png;img_Drone1_3_7_1641074049125714000.png
Drone1	1641074040917	412.992	504.305	15.9881	-0.146773	-0.0124455	0.011191	0.989029	img_Drone1_3_0_1641074049512151000.png;img_Drone1_3_7_1641074049512594000.png
Drone1	1641074041451	417.354	501.774	14.7753	-0.146768	-0.0122769	0.0114097	0.989029	img_Drone1_3_0_1641074050098744000.png;img_Drone1_3_7_1641074050099225000.png
Drone1	1641074041988	421.741	499.228	13.5559	-0.146765	-0.0121663	0.0115445	0.989029	img_Drone1_3_0_1641074050680800000.png;img_Drone1_3_7_1641074050681716000.png
Drone1	1641074042651	427.157	496.08	12.0503	-0.146768	-0.0122496	0.0114232	0.989029	img_Drone1_3_0_1641074051349427000.png;img_Drone1_3_7_1641074051350984000.png
Drone1	1641074043179	431.47	493.572	10.851	-0.146774	-0.012384	0.0112478	0.989029	img_Drone1_3_0_1641074051884669000.png;img_Drone1_3_7_1641074051885080000.png
Drone1	1641074043587	434.802	491.636	9.92419	-0.146773	-0.0124023	0.0112288	0.989029	img_Drone1_3_0_1641074052312174000.png;img_Drone1_3_7_1641074052312573000.png
Drone1	1641074044184	439.679	488.806	8.56833	-0.146767	-0.0122317	0.011451	0.989029	img_Drone1_3_0_1641074052914473000.png;img_Drone1_3_7_1641074052914924000.png
Drone1	1641074044664	443.6	486.53	7.47839	-0.146766	-0.0121474	0.0115529	0.989029	img_Drone1_3_0_1641074053406718000.png;img_Drone1_3_7_1641074053407147000.png
Drone1	1641074044925	445.732	485.291	6.8857	-0.146767	-0.0121765	0.0115073	0.989029	img_Drone1_3_0_1641074053685029000.png;img_Drone1_3_7_1641074053685390000.png
Drone1	1641074045585	451.123	482.155	5.38663	-0.146774	-0.0123618	0.0112612	0.989029	img_Drone1_3_0_1641074054446318000.png;img_Drone1_3_7_1641074054446686000.png
Drone1	1641074046161	455.828	479.422	4.07823	-0.146773	-0.012362	0.0112668	0.989029	img_Drone1_3_0_1641074055044236000.png;img_Drone1_3_7_1641074055044609000.png
Drone1	1641074046701	460.239	476.862	2.85187	-0.146768	-0.0122112	0.0114615	0.989029	img_Drone1_3_0_1641074055584586000.png;img_Drone1_3_7_1641074055585044000.png
Drone1	1641074047130	463.744	474.828	1.8777	-0.146767	-0.0121398	0.0115482	0.989029	img_Drone1_3_0_1641074056013043000.png;img_Drone1_3_7_1641074056013503000.png
Drone1	1641074047544	467.125	472.862	0.943925	-0.146755	-0.0120995	0.012406	0.989021	img_Drone1_3_0_1641074056431175000.png;img_Drone1_3_7_1641074056431639000.png
Drone1	1641074048267	472.502	469.699	0.203792	-0.125958	0.300396	-0.205902	0.922768	img_Drone1_3_0_1641074057158829000.png;img_Drone1_3_7_1641074057159190000.png
Drone1	1641074048534	473.615	468.979	-0.0344026	-0.11504	0.27967	-0.217719	0.927981	img_Drone1_3_0_1641074057456856000.png;img_Drone1_3_7_1641074057457165000.png
Drone1	1641074049089	474.313	468.537	-0.528825	-0.0875739	0.199223	-0.246599	0.944368	img_Drone1_3_0_1641074058047792000.png;img_Drone1_3_7_1641074058048223000.png
Drone1	1641074049791	473.069	470.185	-0.926914	-0.054787	0.0916048	-0.272291	0.956276	img_Drone1_3_0_1641074058764042000.png;img_Drone1_3_7_1641074058764378000.png
Drone1	1641074050256	471.757	472.263	-0.215287	-0.0433913	0.0425885	-0.2382	0.969311	img_Drone1_3_0_1641074059233374000.png;img_Drone1_3_7_1641074059233700000.png
Drone1	1641074050826	469.985	475.657	1.66861	-0.0309043	-0.0319028	-0.139196	0.989268	img_Drone1_3_0_1641074059805873000.png;img_Drone1_3_7_1641074059815182000.png
Drone1	1641074051258	468.745	478.767	3.2228	-0.0223025	-0.0811261	-0.0971713	0.991705	img_Drone1_3_0_1641074060267954000.png;img_Drone1_3_7_1641074060268346000.png
Drone1	1641074051831	467.584	483.365	5.16623	-0.0167485	-0.0987594	-0.0590632	0.993216	img_Drone1_3_0_1641074060877447000.png;img_Drone1_3_7_1641074060877970000.png
Drone1	1641074052413	467.021	488.308	7.20931	-0.0169167	-0.0593464	-0.0388605	0.997337	img_Drone1_3_0_1641074061480959000.png;img_Drone1_3_7_1641074061481405000.png
Drone1	1641074052797	466.878	491.64	8.60664	-0.0179242	-0.0261127	-0.033426	0.998939	img_Drone1_3_0_1641074061882152000.png;img_Drone1_3_7_1641074061882667000.png
Drone1	1641074053322	466.793	496.25	10.5104	-0.0191291	0.0121667	-0.0291638	0.999318	img_Drone1_3_0_1641074062444339000.png;img_Drone1_3_7_1641074062444885000.png
Drone1	1641074053781	466.676	500.311	12.1455	-0.019764	0.0318086	-0.0254831	0.998974	img_Drone1_3_0_1641074062922083000.png;img_Drone1_3_7_1641074062922929000.png
Drone1	1641074054294	466.398	504.861	13.9622	-0.0199297	0.0338295	-0.0224241	0.998977	img_Drone1_3_0_1641074063497546000.png;img_Drone1_3_7_1641074063498142000.png
Drone1	1641074054849	465.913	509.778	15.9413	-0.019635	0.0196368	-0.022185	0.999368	img_Drone1_3_0_1641074064115429000.png;img_Drone1_3_7_1641074064116112000.png
Drone1	1641074055518	465.187	515.699	18.3361	-0.0191536	-0.000963494	-0.0237241	0.999535	img_Drone1_3_0_1641074064831800000.png;img_Drone1_3_7_1641074064832934000.png
Drone1	1641074056004	464.656	520.004	20.0717	-0.0189368	-0.0100812	-0.0242515	0.999476	img_Drone1_3_0_1641074065330635000.png;img_Drone1_3_7_1641074065334578000.png
Drone1	1641074056460	464.198	524.049	21.699	-0.0188898	-0.0119364	-0.0240875	0.99946	img_Drone1_3_0_1641074065800713000.png;img_Drone1_3_7_1641074065801320000.png
Drone1	1641074057024	463.7	529.062	23.7136	-0.0189903	-0.0075566	-0.0235974	0.999513	img_Drone1_3_0_1641074066396950000.png;img_Drone1_3_7_1641074066397731000.png
Drone1	1641074057393	463.402	532.343	25.0327	-0.0190934	-0.00312064	-0.0233018	0.999541	img_Drone1_3_0_1641074066771888000.png;img_Drone1_3_7_1641074066772641000.png
Drone1	1641074057897	463.011	536.824	26.8337	-0.0192164	0.00218507	-0.0229681	0.999549	img_Drone1_3_0_1641074067360784000.png;img_Drone1_3_7_1641074067361473000.png
Drone1	1641074058692	462.371	543.892	29.6723	-0.0192844	0.00510145	-0.022691	0.999543	img_Drone1_3_0_1641074068230537000.png;img_Drone1_3_7_1641074068231309000.png
Drone1	1641074059103	462.02	547.546	31.1399	-0.019263	0.00416244	-0.0227168	0.999548	img_Drone1_3_0_1641074068676731000.png;img_Drone1_3_7_1641074068677484000.png
Drone1	1641074059655	461.531	552.454	33.1116	-0.0192089	0.00180726	-0.0228639	0.999552	img_Drone1_3_0_1641074069274018000.png;img_Drone1_3_7_1641074069274873000.png
Drone1	1641074060321	460.93	558.375	35.4913	-0.0191529	-0.000629693	-0.0230429	0.999551	img_Drone1_3_0_1641074069942355000.png;img_Drone1_3_7_1641074069943692000.png
Drone1	1641074060789	460.513	562.536	37.1635	-0.01914	-0.00118743	-0.0230882	0.99955	img_Drone1_3_0_1641074070430486000.png;img_Drone1_3_7_1641074070435470000.png
Drone1	1641074061227	460.128	566.43	38.7286	-0.0191452	-0.000964555	-0.0230799	0.99955	img_Drone1_3_0_1641074070905098000.png;img_Drone1_3_7_1641074070905836000.png
Drone1	1641074061983	459.477	573.152	41.4298	-0.0191722	0.000199719	-0.0230188	0.999551	img_Drone1_3_0_1641074071669126000.png;img_Drone1_3_7_1641074071671674000.png
Drone1	1641074062601	458.949	578.646	43.6372	-0.0191914	0.00103099	-0.0229611	0.999552	img_Drone1_3_0_1641074072297814000.png;img_Drone1_3_7_1641074072298482000.png
Drone1	1641074063069	458.546	582.807	45.309	-0.0191946	0.00117158	-0.0229491	0.999552	img_Drone1_3_0_1641074072784007000.png;img_Drone1_3_7_1641074072784795000.png
Drone1	1641074063450	458.216	586.195	46.67	-0.0191917	0.0010447	-0.02296	0.999552	img_Drone1_3_0_1641074073179325000.png;img_Drone1_3_7_1641074073180070000.png
Drone1	1641074064086	457.661	591.849	48.9422	-0.0191818	0.000613288	-0.0229942	0.999551	img_Drone1_3_0_1641074073835003000.png;img_Drone1_3_7_1641074073835990000.png
Drone1	1641074064551	457.255	595.983	50.6036	-0.0191748	0.000305438	-0.0230197	0.999551	img_Drone1_3_0_1641074074344317000.png;img_Drone1_3_7_1641074074344998000.png
Drone1	1641074065019	456.845	600.144	52.2755	-0.0191709	0.000137804	-0.0230362	0.999551	img_Drone1_3_0_1641074074837996000.png;img_Drone1_3_7_1641074074838681000.png
Drone1	1641074065532	456.402	604.705	54.1082	-0.019176	0.000357568	-0.0230241	0.999551	img_Drone1_3_0_1641074075367596000.png;img_Drone1_3_7_1641074075368607000.png
Drone1	1641074066105	455.906	609.8	56.1551	-0.0191818	0.000605884	-0.0230113	0.999551	img_Drone1_3_0_1641074075946872000.png;img_Drone1_3_7_1641074075947851000.png
Drone1	1641074066543	455.528	613.694	57.7198	-0.019184	0.000702043	-0.0230069	0.999551	img_Drone1_3_0_1641074076401452000.png;img_Drone1_3_7_1641074076402097000.png
Drone1	1641074067005	455.128	617.801	59.3702	-0.0191853	0.000756039	-0.023007	0.999551	img_Drone1_3_0_1641074076874483000.png;img_Drone1_3_7_1641074076875218000.png
Drone1	1641074067728	454.496	624.229	61.9532	-0.0191766	0.000376995	-0.0230403	0.999551	img_Drone1_3_0_1641074077613339000.png;img_Drone1_3_7_1641074077613994000.png
Drone1	1641074068232	454.057	628.71	63.7538	-0.0191737	0.000249019	-0.0230533	0.99955	img_Drone1_3_0_1641074078116992000.png;img_Drone1_3_7_1641074078130197000.png
Drone1	1641074068628	453.715	632.231	65.1687	-0.0191782	0.000446534	-0.0230463	0.99955	img_Drone1_3_0_1641074078526737000.png;img_Drone1_3_7_1641074078527403000.png
Drone1	1641074069327	453.11	638.446	67.6659	-0.0191836	0.000675886	-0.0230389	0.99955	img_Drone1_3_0_1641074079244631000.png;img_Drone1_3_7_1641074079245269000.png
Drone1	1641074069798	452.703	642.633	69.3485	-0.0191851	0.000743104	-0.0230335	0.99955	img_Drone1_3_0_1641074079721327000.png;img_Drone1_3_7_1641074079721946000.png
Drone1	1641074070182	452.367	646.047	70.7204	-0.0191806	0.000548126	-0.0230487	0.99955	img_Drone1_3_0_1641074080108120000.png;img_Drone1_3_7_1641074080108837000.png
Drone1	1641074070881	451.757	652.262	73.2177	-0.0191735	0.00023919	-0.023076	0.99955	img_Drone1_3_0_1641074080809532000.png;img_Drone1_3_7_1641074080810139000.png
Drone1	1641074071415	451.295	657.01	75.1254	-0.0191794	0.000489924	-0.0230634	0.99955	img_Drone1_3_0_1641074081352247000.png;img_Drone1_3_7_1641074081352852000.png
Drone1	1641074071943	450.839	661.704	77.0115	-0.0191833	0.000659298	-0.0230554	0.99955	img_Drone1_3_0_1641074081903121000.png;img_Drone1_3_7_1641074081903665000.png
Drone1	1641074072513	450.345	666.772	79.0478	-0.0191853	0.000742435	-0.0230518	0.99955	img_Drone1_3_0_1641074082472085000.png;img_Drone1_3_7_1641074082473444000.png
Drone1	1641074072912	449.996	670.319	80.4733	-0.01918	0.000514852	-0.0230724	0.99955	img_Drone1_3_0_1641074082885020000.png;img_Drone1_3_7_1641074082885624000.png
Drone1	1641074073431	449.543	674.934	82.3273	-0.0191736	0.000235943	-0.0230988	0.999549	img_Drone1_3_0_1641074083429389000.png;img_Drone1_3_7_1641074083429998000.png
Drone1	1641074073869	449.164	678.828	83.8921	-0.019177	0.000382167	-0.0230894	0.999549	img_Drone1_3_0_1641074083936838000.png;img_Drone1_3_7_1641074083937484000.png
Drone1	1641074074545	448.58	684.829	86.3034	-0.019183	0.00064198	-0.0230754	0.99955	img_Drone1_3_0_1641074084651964000.png;img_Drone1_3_7_1641074084652617000.png
Drone1	1641074074998	448.189	688.857	87.9217	-0.0191849	0.000723814	-0.0230711	0.99955	img_Drone1_3_0_1641074085118459000.png;img_Drone1_3_7_1641074085119126000.png
Drone1	1641074075451	447.794	692.884	89.5397	-0.0191817	0.000585241	-0.0231584	0.999548	img_Drone1_3_0_1641074085571466000.png;img_Drone1_3_7_1641074085572208000.png
Drone1	1641074076066	447.26	698.356	91.5975	-0.0178309	-0.0156725	0.0983539	0.994868	img_Drone1_3_0_1641074086213388000.png;img_Drone1_3_7_1641074086214011000.png
Drone1	1641074076468	446.981	701.409	92.3702	-0.0143574	-0.020366	0.261091	0.964992	img_Drone1_3_0_1641074086621370000.png;img_Drone1_3_7_1641074086621815000.png
Drone1	1641074076885	446.806	703.377	92.6755	-0.014239	-0.0164137	0.214932	0.976387	img_Drone1_3_0_1641074087042480000.png;img_Drone1_3_7_1641074087042920000.png
Drone1	1641074077551	446.7	704.598	92.3649	-0.0143048	-0.0100241	0.134062	0.990819	img_Drone1_3_0_1641074087713940000.png;img_Drone1_3_7_1641074087714351000.png
Drone1	1641074077986	446.708	704.523	91.5886	-0.0143347	-0.00682285	0.0923868	0.995597	img_Drone1_3_0_1641074088153044000.png;img_Drone1_3_7_1641074088153468000.png
Drone1	1641074078538	446.772	703.83	90.0038	-0.0143543	-0.00355437	0.0489442	0.998692	img_Drone1_3_0_1641074088711365000.png;img_Drone1_3_7_1641074088711825000.png
Drone1	1641074078886	446.829	703.201	88.8141	-0.0143561	-0.00197555	0.0278053	0.999508	img_Drone1_3_0_1641074089058428000.png;img_Drone1_3_7_1641074089058890000.png
Drone1	1641074079519	446.946	701.912	86.6582	-0.0143524	-0.000298576	0.00525023	0.999883	img_Drone1_3_0_1641074089737764000.png;img_Drone1_3_7_1641074089738276000.png
Drone1	1641074079960	447.031	700.985	85.1347	-0.0143496	0.000454203	-0.00420083	0.999888	img_Drone1_3_0_1641074090198605000.png;img_Drone1_3_7_1641074090199171000.png
Drone1	1641074080410	447.113	700.06	83.5392	-0.0143462	0.00109649	-0.0128008	0.999815	img_Drone1_3_0_1641074090663969000.png;img_Drone1_3_7_1641074090664566000.png
Drone1	1641074080866	447.192	699.182	81.8595	-0.0143412	0.00190398	-0.023507	0.999619	img_Drone1_3_0_1641074091175450000.png;img_Drone1_3_7_1641074091175986000.png
Drone1	1641074081481	447.281	698.177	79.4607	-0.0143242	0.00357827	-0.0460017	0.998832	img_Drone1_3_0_1641074091795826000.png;img_Drone1_3_7_1641074091796379000.png
Drone1	1641074082156	447.341	697.496	76.6854	-0.0142953	0.0050249	-0.0665787	0.997666	img_Drone1_3_0_1641074092481615000.png;img_Drone1_3_7_1641074092482453000.png
Drone1	1641074082573	447.353	697.359	74.9864	-0.0143008	0.0039267	-0.0529485	0.998487	img_Drone1_3_0_1641074092930793000.png;img_Drone1_3_7_1641074092931382000.png
Drone1	1641074083116	447.345	697.435	72.824	-0.0143086	0.00179417	-0.0250598	0.999582	img_Drone1_3_0_1641074093507246000.png;img_Drone1_3_7_1641074093507833000.png
Drone1	1641074083485	447.332	697.58	71.3645	-0.0143078	0.000462237	-0.00734674	0.999871	img_Drone1_3_0_1641074093924175000.png;img_Drone1_3_7_1641074093924743000.png
Drone1	1641074083995	447.311	697.805	69.3377	-0.0143016	-0.000978411	0.0117219	0.999829	img_Drone1_3_0_1641074094449547000.png;img_Drone1_3_7_1641074094450245000.png
Drone1	1641074084760	447.293	698.021	66.2783	-0.0142943	-0.00158474	0.0211502	0.999673	img_Drone1_3_0_1641074095243605000.png;img_Drone1_3_7_1641074095244223000.png
Drone1	1641074085216	447.291	698.039	64.4579	-0.0142943	-0.00108511	0.0152045	0.999782	img_Drone1_3_0_1641074095704589000.png;img_Drone1_3_7_1641074095705107000.png
Drone1	1641074085786	447.297	697.981	62.187	-0.0142942	-0.000247824	0.00417701	0.999889	img_Drone1_3_0_1641074096288528000.png;img_Drone1_3_7_1641074096289084000.png
Drone1	1641074086170	447.301	697.92	60.6568	-0.0142938	0.000118177	-0.00228227	0.999895	img_Drone1_3_0_1641074096688187000.png;img_Drone1_3_7_1641074096688713000.png
Drone1	1641074086692	447.306	697.852	58.575	-0.0142933	0.000406758	-0.00729941	0.999871	img_Drone1_3_0_1641074097271372000.png;img_Drone1_3_7_1641074097271925000.png
Drone1	1641074087277	447.311	697.819	56.2417	-0.0142948	0.000575053	-0.00694067	0.999874	img_Drone1_3_0_1641074097888978000.png;img_Drone1_3_7_1641074097889571000.png
Drone1	1641074087901	447.311	697.833	53.7539	-0.0142955	0.000299897	-0.00270663	0.999894	img_Drone1_3_0_1641074098516535000.png;img_Drone1_3_7_1641074098517090000.png
Drone1	1641074088444	447.309	697.864	51.5892	-0.0142962	0.000149479	0.00100872	0.999897	img_Drone1_3_0_1641074099064153000.png;img_Drone1_3_7_1641074099064703000.png
Drone1	1641074088942	447.305	697.888	49.6034	-0.0142969	-0.00025277	0.00280637	0.999894	img_Drone1_3_0_1641074099562565000.png;img_Drone1_3_7_1641074099563120000.png
Drone1	1641074089332	447.305	697.898	48.0482	-0.0142968	-0.00023482	0.00286201	0.999894	img_Drone1_3_0_1641074099980619000.png;img_Drone1_3_7_1641074099981209000.png
Drone1	1641074089929	447.305	697.897	45.6676	-0.0142967	-0.00010454	0.00159473	0.999897	img_Drone1_3_0_1641074100614240000.png;img_Drone1_3_7_1641074100614843000.png
Drone1	1641074090469	447.305	697.886	43.5143	-0.0142968	-5.9058e-05	-7.23453e-06	0.999898	img_Drone1_3_0_1641074101185760000.png;img_Drone1_3_7_1641074101186406000.png
Drone1	1641074090865	447.305	697.878	41.9352	-0.0142968	-4.411e-05	-0.000743056	0.999898	img_Drone1_3_0_1641074101591160000.png;img_Drone1_3_7_1641074101591677000.png
Drone1	1641074091498	447.305	697.869	39.411	-0.0142968	-3.03978e-05	-0.00119635	0.999897	img_Drone1_3_0_1641074102251545000.png;img_Drone1_3_7_1641074102252091000.png
Drone1	1641074091816	447.305	697.869	38.1429	-0.0142968	-2.07243e-05	-0.000870549	0.999897	img_Drone1_3_0_1641074102631872000.png;img_Drone1_3_7_1641074102632425000.png
Drone1	1641074092593	447.305	697.869	35.0446	-0.0142968	-6.88008e-06	-0.000296247	0.999898	img_Drone1_3_0_1641074103460341000.png;img_Drone1_3_7_1641074103460863000.png
Drone1	1641074093007	447.305	697.875	33.3937	-0.0142968	-7.40631e-07	5.951e-05	0.999898	img_Drone1_3_0_1641074103926935000.png;img_Drone1_3_7_1641074103927517000.png
Drone1	1641074093601	447.305	697.878	31.0252	-0.0142968	6.00988e-06	0.000473183	0.999898	img_Drone1_3_0_1641074104573606000.png;img_Drone1_3_7_1641074104574146000.png
Drone1	1641074094024	447.305	697.878	29.3387	-0.0142968	3.64295e-06	0.000286408	0.999898	img_Drone1_3_0_1641074104996622000.png;img_Drone1_3_7_1641074104997153000.png
Drone1	1641074094594	447.305	697.878	27.0661	-0.0142968	1.64731e-06	0.000127908	0.999898	img_Drone1_3_0_1641074105603288000.png;img_Drone1_3_7_1641074105603871000.png
Drone1	1641074095074	447.305	697.878	25.1523	-0.0142968	8.10331e-07	6.37577e-05	0.999898	img_Drone1_3_0_1641074106107674000.png;img_Drone1_3_7_1641074106108203000.png
Drone1	1641074095491	447.305	697.878	23.4898	-0.0142968	4.43705e-07	3.47516e-05	0.999898	img_Drone1_3_0_1641074106586925000.png;img_Drone1_3_7_1641074106587408000.png
Drone1	1641074095929	447.305	697.878	21.7435	-0.0142968	2.903e-07	1.83818e-05	0.999898	img_Drone1_3_0_1641074107054570000.png;img_Drone1_3_7_1641074107055073000.png
Drone1	1641074096670	447.305	697.878	18.7891	-0.0142968	1.22862e-07	6.24194e-06	0.999898	img_Drone1_3_0_1641074107812077000.png;img_Drone1_3_7_1641074107812557000.png
Drone1	1641074097312	447.305	697.878	16.2294	-0.0142968	5.06927e-08	2.4482e-06	0.999898	img_Drone1_3_0_1641074108479901000.png;img_Drone1_3_7_1641074108480737000.png
Drone1	1641074097792	447.305	697.878	14.3157	-0.0142968	6.00112e-08	1.21862e-06	0.999898	img_Drone1_3_0_1641074108960638000.png;img_Drone1_3_7_1641074108961135000.png
Drone1	1641074098293	447.305	697.878	12.3182	-0.0142968	-8.18661e-08	6.26905e-07	0.999898	img_Drone1_3_0_1641074109464299000.png;img_Drone1_3_7_1641074109464813000.png
Drone1	1641074098827	447.305	697.878	10.1891	-0.0142968	-2.39086e-08	2.59831e-07	0.999898	img_Drone1_3_0_1641074110048851000.png;img_Drone1_3_7_1641074110053394000.png
Drone1	1641074099340	447.305	697.878	8.14382	-0.0142968	-1.33575e-08	1.2124e-07	0.999898	img_Drone1_3_0_1641074110589845000.png;img_Drone1_3_7_1641074110590376000.png
Drone1	1641074099754	447.305	697.878	6.4932	-0.0142968	-1.32058e-08	7.04686e-08	0.999898	img_Drone1_3_0_1641074111022206000.png;img_Drone1_3_7_1641074111022704000.png
Drone1	1641074100288	447.305	697.878	4.36415	-0.0142968	-1.09103e-08	3.096e-08	0.999898	img_Drone1_3_0_1641074111567318000.png;img_Drone1_3_7_1641074111567832000.png
Drone1	1641074100819	447.305	697.878	2.24705	-0.0142968	1.30627e-08	7.18515e-09	0.999898	img_Drone1_3_0_1641074112111064000.png;img_Drone1_3_7_1641074112111605000.png
Drone1	1641074101224	447.305	697.878	0.632318	-0.0142968	3.11196e-08	4.97634e-09	0.999898	img_Drone1_3_0_1641074112524804000.png;img_Drone1_3_7_1641074112525318000.png
Drone1	1641074101857	447.305	697.878	-1.89144	-0.0142968	1.33165e-08	-4.22656e-09	0.999898	img_Drone1_3_0_1641074113169354000.png;img_Drone1_3_7_1641074113169894000.png
Drone1	1641074102412	447.305	697.878	-4.10423	-0.0142968	-6.22933e-05	3.93047e-05	0.999898	img_Drone1_3_0_1641074113723262000.png;img_Drone1_3_7_1641074113723751000.png
Drone1	1641074102835	447.303	697.876	-5.47296	-0.0149826	0.138912	0.144857	0.979538	img_Drone1_3_0_1641074114155358000.png;img_Drone1_3_7_1641074114155848000.png
Drone1	1641074103303	446.852	697.42	-6.09711	-0.0158993	0.280868	0.252177	0.925887	img_Drone1_3_0_1641074114671384000.png;img_Drone1_3_7_1641074114671744000.png
Drone1	1641074103789	445.438	696.069	-5.88295	-0.00257246	0.258179	0.183338	0.948538	img_Drone1_3_0_1641074115157652000.png;img_Drone1_3_7_1641074115158174000.png
Drone1	1641074104245	443.561	694.387	-4.5614	-0.00734464	0.152012	0.121551	0.980848	img_Drone1_3_0_1641074115634833000.png;img_Drone1_3_7_1641074115635249000.png
Drone1	1641074104881	440.116	691.358	-2.31713	-0.0107493	0.0684758	0.0685186	0.995239	img_Drone1_3_0_1641074116282887000.png;img_Drone1_3_7_1641074116283376000.png
Drone1	1641074105292	437.579	689.09	-1.0128	-0.0113305	0.0436845	0.0482	0.997818	img_Drone1_3_0_1641074116705838000.png;img_Drone1_3_7_1641074116706311000.png
Drone1	1641074105820	434.154	685.977	0.547588	-0.0114785	0.0275567	0.0304877	0.999089	img_Drone1_3_0_1641074117267577000.png;img_Drone1_3_7_1641074117268143000.png
Drone1	1641074106444	429.994	682.152	2.34706	-0.0114103	0.0199276	0.0177137	0.999579	img_Drone1_3_0_1641074117892048000.png;img_Drone1_3_7_1641074117892605000.png
Drone1	1641074106990	426.303	678.753	3.92387	-0.0113519	0.0173453	0.0119994	0.999713	img_Drone1_3_0_1641074118449186000.png;img_Drone1_3_7_1641074118449726000.png
Drone1	1641074107512	422.748	675.493	5.43968	-0.0113329	0.0159136	0.0097852	0.999761	img_Drone1_3_0_1641074118974152000.png;img_Drone1_3_7_1641074118974664000.png
Drone1	1641074108076	418.887	671.977	7.08451	-0.0113469	0.0144173	0.00972581	0.999784	img_Drone1_3_0_1641074119535951000.png;img_Drone1_3_7_1641074119536630000.png
Drone1	1641074108583	415.407	668.821	8.56624	-0.0113707	0.0131622	0.0105262	0.999793	img_Drone1_3_0_1641074120070929000.png;img_Drone1_3_7_1641074120071452000.png
Drone1	1641074109057	412.153	665.87	9.95299	-0.0113857	0.0124498	0.0110948	0.999796	img_Drone1_3_0_1641074120565090000.png;img_Drone1_3_7_1641074120565624000.png
Drone1	1641074109612	408.342	662.415	11.5774	-0.0113947	0.0120421	0.0114548	0.999797	img_Drone1_3_0_1641074121125151000.png;img_Drone1_3_7_1641074121125755000.png
Drone1	1641074110158	404.598	659.007	13.1756	-0.0113901	0.0122014	0.0112334	0.999798	img_Drone1_3_0_1641074121693414000.png;img_Drone1_3_7_1641074121693983000.png
Drone1	1641074110647	401.245	655.953	14.6075	-0.0113816	0.0125315	0.0108401	0.999798	img_Drone1_3_0_1641074122199589000.png;img_Drone1_3_7_1641074122200210000.png
Drone1	1641074111214	397.361	652.412	16.2679	-0.0113743	0.012828	0.0105214	0.999798	img_Drone1_3_0_1641074122772598000.png;img_Drone1_3_7_1641074122777253000.png
Drone1	1641074111886	392.753	648.214	18.2357	-0.0113722	0.012907	0.0104251	0.999798	img_Drone1_3_0_1641074123452128000.png;img_Drone1_3_7_1641074123452798000.png
Drone1	1641074112462	388.804	644.617	19.9227	-0.011372	0.012917	0.0104192	0.999798	img_Drone1_3_0_1641074124040299000.png;img_Drone1_3_7_1641074124045152000.png
Drone1	1641074112939	385.534	641.638	21.3198	-0.0113718	0.0129254	0.0104151	0.999798	img_Drone1_3_0_1641074124527567000.png;img_Drone1_3_7_1641074124528463000.png
Drone1	1641074113554	381.317	637.799	23.1211	-0.0113726	0.012898	0.0104596	0.999797	img_Drone1_3_0_1641074125142855000.png;img_Drone1_3_7_1641074125143535000.png
Drone1	1641074114130	377.368	634.214	24.807	-0.0113823	0.0125321	0.0109152	0.999797	img_Drone1_3_0_1641074125723423000.png;img_Drone1_3_7_1641074125724059000.png
Drone1	1641074114598	374.159	631.291	26.1766	-0.011381	0.0125691	0.0108408	0.999797	img_Drone1_3_0_1641074126191247000.png;img_Drone1_3_7_1641074126191920000.png
Drone1	1641074115132	370.498	627.955	27.74	-0.0113762	0.0127457	0.0106181	0.999798	img_Drone1_3_0_1641074126729126000.png;img_Drone1_3_7_1641074126729775000.png
Drone1	1641074115663	366.857	624.639	29.295	-0.0113737	0.0128467	0.0105075	0.999798	img_Drone1_3_0_1641074127288402000.png;img_Drone1_3_7_1641074127289007000.png
Drone1	1641074116149	363.525	621.603	30.7185	-0.0113725	0.0128979	0.0104591	0.999797	img_Drone1_3_0_1641074127792621000.png;img_Drone1_3_7_1641074127793274000.png
Drone1	1641074116605	360.398	618.763	32.0537	-0.0113768	0.0127435	0.010671	0.999797	img_Drone1_3_0_1641074128262060000.png;img_Drone1_3_7_1641074128262878000.png
Drone1	1641074117196	356.346	615.078	33.7832	-0.0113822	0.0125307	0.0109178	0.999797	img_Drone1_3_0_1641074128854831000.png;img_Drone1_3_7_1641074128855476000.png
Drone1	1641074117697	352.911	611.949	35.2499	-0.0113775	0.0127033	0.0106901	0.999797	img_Drone1_3_0_1641074129355720000.png;img_Drone1_3_7_1641074129356495000.png
Drone1	1641074118210	349.394	608.744	36.7522	-0.0113743	0.0128277	0.0105498	0.999797	img_Drone1_3_0_1641074129888955000.png;img_Drone1_3_7_1641074129889594000.png
Drone1	1641074118762	345.609	605.297	38.3687	-0.0113727	0.0128964	0.0104768	0.999797	img_Drone1_3_0_1641074130461919000.png;img_Drone1_3_7_1641074130462577000.png
Drone1	1641074119425	341.064	601.166	40.31	-0.011379	0.0126668	0.0107837	0.999797	img_Drone1_3_0_1641074131142716000.png;img_Drone1_3_7_1641074131143461000.png
Drone1	1641074119947	337.485	597.909	41.8375	-0.0113817	0.0125566	0.0109032	0.999797	img_Drone1_3_0_1641074131676860000.png;img_Drone1_3_7_1641074131678554000.png
Drone1	1641074120439	334.112	594.818	43.2867	-0.011377	0.0127279	0.010681	0.999797	img_Drone1_3_0_1641074132194044000.png;img_Drone1_3_7_1641074132194715000.png
Drone1	1641074121036	330.018	591.107	45.0262	-0.0113737	0.0128573	0.0105361	0.999797	img_Drone1_3_0_1641074132814265000.png;img_Drone1_3_7_1641074132815855000.png
Drone1	1641074121520	326.707	588.091	46.4406	-0.0113724	0.0129097	0.0104803	0.999797	img_Drone1_3_0_1641074133327498000.png;img_Drone1_3_7_1641074133328162000.png
Drone1	1641074122018	323.292	584.988	47.899	-0.011377	0.0127472	0.010705	0.999797	img_Drone1_3_0_1641074133825054000.png;img_Drone1_3_7_1641074133825880000.png
Drone1	1641074122558	319.59	581.621	49.4792	-0.0113823	0.0125427	0.0109469	0.999797	img_Drone1_3_0_1641074134364737000.png;img_Drone1_3_7_1641074134365275000.png
Drone1	1641074123014	316.463	578.773	50.8141	-0.0113779	0.0126998	0.0107379	0.999797	img_Drone1_3_0_1641074134820332000.png;img_Drone1_3_7_1641074134820892000.png
Drone1	1641074123617	312.329	575.007	52.58	-0.0113741	0.0128485	0.0105646	0.999797	img_Drone1_3_0_1641074135423916000.png;img_Drone1_3_7_1641074135424424000.png
Drone1	1641074124184	308.442	571.466	54.2404	-0.0113724	0.0129164	0.0104923	0.999797	img_Drone1_3_0_1641074135995536000.png;img_Drone1_3_7_1641074135995981000.png
Drone1	1641074124619	305.459	568.755	55.5143	-0.0113753	0.0128162	0.0106349	0.999797	img_Drone1_3_0_1641074136435908000.png;img_Drone1_3_7_1641074136436517000.png
Drone1	1641074125201	301.469	565.127	57.2175	-0.0113825	0.0125427	0.0109713	0.999796	img_Drone1_3_0_1641074137034509000.png;img_Drone1_3_7_1641074137034944000.png
Drone1	1641074125720	297.91	561.886	58.7368	-0.0113777	0.0127114	0.0107414	0.999797	img_Drone1_3_0_1641074137554135000.png;img_Drone1_3_7_1641074137554510000.png
Drone1	1641074126188	294.702	558.963	60.1073	-0.0113745	0.0128353	0.0105987	0.999797	img_Drone1_3_0_1641074138023295000.png;img_Drone1_3_7_1641074138023672000.png
Drone1	1641074126659	291.472	556.021	61.4866	-0.0113728	0.0129064	0.0105226	0.999797	img_Drone1_3_0_1641074138493798000.png;img_Drone1_3_7_1641074138494171000.png
Drone1	1641074127127	288.264	553.1	62.8571	-0.0113724	0.0129222	0.0105121	0.999797	img_Drone1_3_0_1641074138964094000.png;img_Drone1_3_7_1641074138964471000.png
Drone1	1641074127610	284.952	550.093	64.2712	-0.0113803	0.0126345	0.0108858	0.999796	img_Drone1_3_0_1641074139497893000.png;img_Drone1_3_7_1641074139498251000.png
Drone1	1641074128225	280.735	546.254	66.0714	-0.0113793	0.012661	0.0108385	0.999796	img_Drone1_3_0_1641074140145920000.png;img_Drone1_3_7_1641074140146244000.png
Drone1	1641074128735	277.239	543.068	67.5643	-0.0113752	0.0128115	0.0106391	0.999797	img_Drone1_3_0_1641074140669920000.png;img_Drone1_3_7_1641074140670228000.png
Drone1	1641074129164	274.297	540.389	68.8208	-0.0113732	0.0128929	0.0105556	0.999797	img_Drone1_3_0_1641074141124061000.png;img_Drone1_3_7_1641074141124402000.png
Drone1	1641074129704	270.595	537.016	70.4025	-0.0113719	0.0129498	0.0105032	0.999796	img_Drone1_3_0_1641074141664427000.png;img_Drone1_3_7_1641074141665651000.png
Drone1	1641074130151	267.53	534.233	71.711	-0.0113774	0.0127446	0.010766	0.999796	img_Drone1_3_0_1641074142110053000.png;img_Drone1_3_7_1641074142110354000.png
Drone1	1641074130730	263.56	530.622	73.4057	-0.0113812	0.0125965	0.0109396	0.999796	img_Drone1_3_0_1641074142707399000.png;img_Drone1_3_7_1641074142707666000.png
Drone1	1641074131252	259.981	527.361	74.9336	-0.0113763	0.0127735	0.0107068	0.999796	img_Drone1_3_0_1641074143229218000.png;img_Drone1_3_7_1641074143229558000.png
Drone1	1641074131858	255.826	523.576	76.7084	-0.0113731	0.0128992	0.0105652	0.999796	img_Drone1_3_0_1641074143869506000.png;img_Drone1_3_7_1641074143869847000.png
Drone1	1641074132227	253.297	521.271	77.7892	-0.0113721	0.012944	0.0105241	0.999796	img_Drone1_3_0_1641074144276630000.png;img_Drone1_3_7_1641074144276953000.png
Drone1	1641074132824	249.203	517.551	79.5371	-0.0113769	0.0127697	0.0107562	0.999796	img_Drone1_3_0_1641074144889682000.png;img_Drone1_3_7_1641074144890042000.png
Drone1	1641074133193	246.673	515.252	80.617	-0.0113822	0.0125676	0.0110062	0.999796	img_Drone1_3_0_1641074145260039000.png;img_Drone1_3_7_1641074145260304000.png
Drone1	1641074133877	241.984	510.981	82.6192	-0.0113774	0.0127388	0.0107713	0.999796	img_Drone1_3_0_1641074145947856000.png;img_Drone1_3_7_1641074145948008000.png
Drone1	1641074134285	239.186	508.437	83.8134	-0.0113783	0.0127018	0.0108192	0.999796	img_Drone1_3_0_1641074146355993000.png;img_Drone1_3_7_1641074146356136000.png
Drone1	1641074134789	235.731	505.294	85.2887	-0.0113798	0.012649	0.0108909	0.999796	img_Drone1_3_0_1641074146866251000.png;img_Drone1_3_7_1641074146866381000.png
Drone1	1641074135254	232.545	502.392	86.6498	-0.011377	0.0127639	0.0107696	0.999796	img_Drone1_3_0_1641074147330399000.png;img_Drone1_3_7_1641074147330548000.png
Drone1	1641074135692	229.544	499.656	87.9319	-0.0113722	0.0129479	0.010555	0.999796	img_Drone1_3_0_1641074147799893000.png;img_Drone1_3_7_1641074147800028000.png
Drone1	1641074136259	225.658	496.12	89.5916	-0.0113739	0.0128853	0.0106389	0.999796	img_Drone1_3_0_1641074148437524000.png;img_Drone1_3_7_1641074148437669000.png
Drone1	1641074136793	221.997	492.79	91.1547	-0.0113776	0.0127409	0.0108085	0.999796	img_Drone1_3_0_1641074148996002000.png;img_Drone1_3_7_1641074148996116000.png
Drone1	1641074137231	218.994	490.059	92.4368	-0.0113793	0.0126755	0.0108861	0.999796	img_Drone1_3_0_1641074149460716000.png;img_Drone1_3_7_1641074149460904000.png
Drone1	1641074137819	214.965	486.389	94.1575	-0.011377	0.0127628	0.0107829	0.999796	img_Drone1_3_0_1641074150065065000.png;img_Drone1_3_7_1641074150065260000.png
Drone1	1641074138242	212.067	483.747	95.3957	-0.0113723	0.0129442	0.0105727	0.999796	img_Drone1_3_0_1641074150489690000.png;img_Drone1_3_7_1641074150489866000.png
Drone1	1641074138764	208.489	480.492	96.9237	-0.0113732	0.0129162	0.0106191	0.999796	img_Drone1_3_0_1641074151060652000.png;img_Drone1_3_7_1641074151060841000.png
Drone1	1641074139262	205.074	477.387	98.3767	-0.0113745	0.0131911	0.0109564	0.999788	img_Drone1_3_0_1641074151601697000.png;img_Drone1_3_7_1641074151601868000.png
Drone1	1641074139715	201.978	474.573	99.5483	-0.0114737	-0.154234	-0.160739	0.974804	img_Drone1_3_0_1641074152078993000.png;img_Drone1_3_7_1641074152079165000.png
Drone1	1641074140204	199.507	472.353	100.18	-0.0115147	-0.196301	-0.161669	0.967056	img_Drone1_3_0_1641074152583860000.png;img_Drone1_3_7_1641074152584063000.png
Drone1	1641074140759	198.185	471.102	100.234	-0.0159908	-0.104189	-0.0915976	0.990201	img_Drone1_3_0_1641074153196513000.png;img_Drone1_3_7_1641074153196656000.png
Drone1	1641074141188	197.557	470.487	100.991	-0.0179929	0.084065	0.100771	0.991188	img_Drone1_3_0_1641074153625301000.png;img_Drone1_3_7_1641074153625461000.png
Drone1	1641074141662	196.822	469.756	103.737	-0.0271868	0.281833	0.306812	0.908679	img_Drone1_3_0_1641074154099737000.png;img_Drone1_3_7_1641074154099917000.png
Drone1	1641074142157	195.969	468.895	108.742	-0.0464922	0.457309	0.496203	0.736539	img_Drone1_3_0_1641074154595910000.png;img_Drone1_3_7_1641074154596236000.png
Drone1	1641074142646	195.664	468.593	111.414	-0.058971	0.590845	0.643979	0.482406	img_Drone1_3_0_1641074155086544000.png;img_Drone1_3_7_1641074155087006000.png
Drone1	1641074143120	195.682	468.608	111.049	0.633386	0	0	0.773836	img_Drone1_3_0_1641074155561035000.png;img_Drone1_3_7_1641074155561204000.png
